Name	chi2Pvalue
562	4.43469521E-6
238	1.39608357E-4
740	1.56110952E-4
823	3.6720228E-3
433	4.49997416E-3
640	7.3154782E-3
212	7.5592815E-3
444	7.95548608E-3
253	8.88283587E-3
706	1.02310241E-2
647	1.03976923E-2
104	1.19244555E-2
947	1.24359185E-2
218	1.42695663E-2
220	1.78159526E-2
243	1.81275781E-2
269	2.02462989E-2
522	2.1776137E-2
699	2.22734101E-2
962	2.23292664E-2
604	2.30980885E-2
637	2.33744742E-2
863	2.3411812E-2
12	2.40816251E-2
467	2.4168561E-2
42	2.48176442E-2
778	2.57766045E-2
77	2.97414109E-2
900	3.05854547E-2
762	3.33395849E-2
0	3.40912072E-2
999	3.54841884E-2
331	3.60100568E-2
227	3.78071997E-2
527	3.78815764E-2
569	3.880011E-2
691	3.92311317E-2
853	4.01051988E-2
102	4.01152283E-2
149	4.07980904E-2
530	4.09850326E-2
986	4.68315692E-2
75	4.6942878E-2
69	5.03979595E-2
210	5.07769616E-2
420	5.12006602E-2
391	5.19636468E-2
164	5.28206958E-2
902	5.31862338E-2
560	5.49031227E-2
963	5.4904057E-2
932	5.50859642E-2
394	5.552227E-2
289	5.81737548E-2
206	5.84009055E-2
737	5.87482807E-2
946	5.96918867E-2
725	5.98704985E-2
895	6.07216923E-2
747	6.09766322E-2
247	6.2640012E-2
620	6.35516003E-2
320	6.49371791E-2
857	6.65847007E-2
626	6.69975186E-2
93	6.74939632E-2
664	6.83060918E-2
425	6.93041856E-2
181	7.00303281E-2
903	7.23462815E-2
78	7.25637413E-2
107	7.4668803E-2
634	7.49768646E-2
766	7.63437082E-2
643	7.65650164E-2
55	7.80286191E-2
764	7.87098834E-2
777	7.88114592E-2
996	7.96840997E-2
613	8.02177866E-2
689	8.26967217E-2
738	8.31381925E-2
989	8.34327865E-2
478	8.35946098E-2
476	8.3823099E-2
852	8.55758429E-2
187	8.56313765E-2
581	8.61119387E-2
155	8.68637794E-2
745	8.72362507E-2
310	8.76576722E-2
371	8.80752251E-2
380	8.90345356E-2
715	8.92592825E-2
161	8.93643122E-2
239	8.95200919E-2
628	9.01495054E-2
846	9.02139198E-2
120	9.07108847E-2
224	9.07580974E-2
468	9.08726947E-2
698	9.27038791E-2
222	9.29467393E-2
457	9.39242091E-2
153	9.51257963E-2
845	9.53164701E-2
117	9.67313852E-2
202	9.78824357E-2
264	9.81617239E-2
256	9.8326436E-2
301	1.03213499E-1
512	1.05142484E-1
402	1.056533E-1
940	1.0703774E-1
966	1.08407487E-1
28	1.09235324E-1
101	1.11026358E-1
166	1.11411033E-1
59	1.12925938E-1
268	1.14242217E-1
791	1.16105775E-1
683	1.16416443E-1
538	1.17115648E-1
311	1.23050058E-1
812	1.26400009E-1
976	1.26916039E-1
781	1.28311924E-1
949	1.32697183E-1
608	1.32805727E-1
928	1.33168773E-1
804	1.33249441E-1
160	1.36002102E-1
327	1.36015628E-1
861	1.36274136E-1
299	1.39844516E-1
731	1.39915357E-1
260	1.40512036E-1
134	1.40841126E-1
671	1.41714507E-1
757	1.41720181E-1
341	1.41893448E-1
255	1.41916642E-1
1007	1.42517083E-1
666	1.42661909E-1
244	1.42947346E-1
509	1.45136631E-1
840	1.45894577E-1
387	1.47077761E-1
991	1.47357662E-1
51	1.47596522E-1
438	1.49093292E-1
802	1.49875017E-1
171	1.51479963E-1
965	1.51628491E-1
319	1.51929085E-1
896	1.53017368E-1
487	1.54240668E-1
306	1.54590149E-1
176	1.54655018E-1
714	1.54896359E-1
767	1.55442788E-1
86	1.56916519E-1
939	1.57086174E-1
20	1.63970534E-1
196	1.64870214E-1
303	1.64915049E-1
144	1.67083367E-1
156	1.67498705E-1
751	1.68473658E-1
980	1.69247936E-1
43	1.71095193E-1
92	1.72359993E-1
192	1.72527097E-1
752	1.73654707E-1
146	1.77248731E-1
782	1.78984968E-1
865	1.804671E-1
756	1.80719322E-1
235	1.83263492E-1
992	1.86507566E-1
298	1.89988443E-1
679	1.91253102E-1
382	1.9358205E-1
189	1.93869853E-1
353	1.97203953E-1
461	1.99650148E-1
47	1.99999068E-1
106	2.00371536E-1
378	2.00684378E-1
582	2.00814988E-1
891	2.03326527E-1
386	2.05466738E-1
921	2.0842614E-1
849	2.10134481E-1
959	2.11221919E-1
906	2.13240157E-1
644	2.13399504E-1
504	2.18389387E-1
13	2.19268179E-1
388	2.19751604E-1
122	2.20014746E-1
188	2.20672097E-1
132	2.20956677E-1
739	2.24722981E-1
841	2.24747498E-1
815	2.2586676E-1
573	2.26861711E-1
499	2.26978415E-1
636	2.27380753E-1
697	2.27522582E-1
955	2.28398073E-1
452	2.28553894E-1
14	2.28668387E-1
678	2.3149842E-1
39	2.31894273E-1
321	2.32227552E-1
820	2.32261051E-1
685	2.33077668E-1
759	2.33408109E-1
477	2.33936111E-1
641	2.34481343E-1
79	2.350061E-1
858	2.36059146E-1
638	2.36654036E-1
595	2.37567148E-1
603	2.37754605E-1
794	2.40215249E-1
864	2.40376003E-1
673	2.40534318E-1
923	2.40722393E-1
984	2.40930094E-1
614	2.41153225E-1
481	2.43591916E-1
838	2.44614685E-1
889	2.45749475E-1
355	2.46556062E-1
964	2.47703398E-1
342	2.48729581E-1
981	2.49595569E-1
249	2.50036957E-1
969	2.50602742E-1
170	2.51682204E-1
753	2.52042615E-1
1000	2.5207107E-1
31	2.522288E-1
591	2.53070011E-1
905	2.55918906E-1
609	2.57861374E-1
860	2.58064781E-1
517	2.58270993E-1
667	2.60234339E-1
526	2.61231471E-1
908	2.61659965E-1
446	2.62333607E-1
367	2.62898413E-1
696	2.63859095E-1
521	2.64409737E-1
915	2.66567988E-1
830	2.6749678E-1
816	2.6888391E-1
475	2.70456559E-1
758	2.71960719E-1
418	2.72880282E-1
564	2.74289345E-1
834	2.74573511E-1
542	2.74652116E-1
437	2.75773866E-1
1001	2.77198903E-1
886	2.80414048E-1
9	2.82404261E-1
629	2.82741202E-1
780	2.83326504E-1
652	2.83687349E-1
246	2.83696553E-1
881	2.84233047E-1
792	2.84655308E-1
913	2.86763098E-1
1008	2.916414E-1
282	2.91697309E-1
347	2.92291166E-1
316	2.93379926E-1
944	2.93456694E-1
803	2.93768013E-1
204	2.94536365E-1
734	2.96253417E-1
68	2.962884E-1
455	2.96685468E-1
646	2.9681257E-1
111	2.98617901E-1
700	3.00772546E-1
524	3.05239546E-1
445	3.08141544E-1
529	3.08214329E-1
985	3.09314759E-1
317	3.09442136E-1
717	3.10902237E-1
585	3.11842822E-1
470	3.13752256E-1
214	3.13871288E-1
1006	3.16165127E-1
935	3.16960938E-1
272	3.18578909E-1
333	3.18698447E-1
130	3.19991634E-1
633	3.20448048E-1
225	3.21089869E-1
500	3.2464564E-1
114	3.27339411E-1
296	3.27757863E-1
96	3.29017924E-1
308	3.2930809E-1
774	3.29607714E-1
349	3.29945889E-1
129	3.31418412E-1
876	3.31600396E-1
625	3.31823906E-1
151	3.32397882E-1
919	3.32462888E-1
749	3.33382346E-1
152	3.34054832E-1
85	3.3508775E-1
64	3.35330412E-1
3	3.35535538E-1
956	3.3904393E-1
463	3.39070565E-1
297	3.39451726E-1
285	3.40650253E-1
281	3.41217613E-1
213	3.43849595E-1
948	3.44399831E-1
635	3.46065892E-1
157	3.48320535E-1
877	3.4890788E-1
600	3.49246085E-1
91	3.51086171E-1
786	3.51181954E-1
194	3.52187235E-1
563	3.54904708E-1
982	3.57723531E-1
657	3.57995109E-1
899	3.58184947E-1
242	3.58581529E-1
252	3.5893776E-1
263	3.59238568E-1
401	3.59336653E-1
103	3.60982339E-1
1011	3.61022243E-1
776	3.61139827E-1
80	3.62448347E-1
558	3.6585592E-1
682	3.66571724E-1
833	3.66855229E-1
547	3.66973741E-1
535	3.6941181E-1
406	3.69578632E-1
270	3.69609226E-1
128	3.71989362E-1
744	3.73404605E-1
148	3.74233327E-1
785	3.75906937E-1
208	3.76248491E-1
743	3.76543599E-1
486	3.77484937E-1
32	3.77535833E-1
44	3.77552929E-1
154	3.77883357E-1
754	3.78521299E-1
872	3.78937341E-1
399	3.80724147E-1
274	3.81045612E-1
19	3.81491948E-1
536	3.83654492E-1
65	3.8553483E-1
663	3.85668968E-1
395	3.85915187E-1
866	3.87465831E-1
140	3.8820639E-1
799	3.88220916E-1
649	3.89110835E-1
555	3.89933392E-1
648	3.90268864E-1
314	3.91723402E-1
82	3.94235052E-1
934	3.94725918E-1
596	3.95641833E-1
1004	3.95944531E-1
660	3.98748346E-1
651	3.99060388E-1
622	3.99474801E-1
431	4.00022412E-1
598	4.00883206E-1
890	4.02066519E-1
505	4.03075035E-1
1003	4.03137406E-1
656	4.04408031E-1
1021	4.06270083E-1
315	4.06535795E-1
434	4.07225035E-1
26	4.08070034E-1
354	4.099807E-1
950	4.10562296E-1
888	4.16842584E-1
126	4.17383731E-1
748	4.1775138E-1
571	4.18882296E-1
606	4.19001767E-1
451	4.19043332E-1
602	4.19385349E-1
977	4.19670373E-1
449	4.20859569E-1
501	4.21104667E-1
419	4.23349669E-1
882	4.23692694E-1
374	4.24283509E-1
266	4.24302182E-1
363	4.25127753E-1
377	4.25299879E-1
336	4.27170785E-1
7	4.29684806E-1
653	4.29726794E-1
411	4.29772971E-1
827	4.30041379E-1
773	4.33242656E-1
892	4.34690223E-1
454	4.34736367E-1
207	4.35290189E-1
135	4.35904681E-1
878	4.35951421E-1
54	4.38173609E-1
334	4.39016209E-1
87	4.39480051E-1
113	4.4036187E-1
844	4.40776781E-1
559	4.41611458E-1
357	4.4192218E-1
267	4.440921E-1
508	4.44512105E-1
546	4.46869681E-1
619	4.47185095E-1
847	4.48280827E-1
46	4.48889596E-1
867	4.49258908E-1
972	4.49331252E-1
904	4.53077939E-1
709	4.54782517E-1
392	4.57248933E-1
142	4.58451596E-1
2	4.58813932E-1
228	4.61707204E-1
862	4.61838156E-1
875	4.62005563E-1
819	4.62657776E-1
389	4.63191553E-1
491	4.64463576E-1
615	4.65529335E-1
356	4.6681835E-1
539	4.67530517E-1
515	4.68100108E-1
245	4.71836416E-1
1019	4.7237811E-1
519	4.73352875E-1
339	4.75169599E-1
974	4.75645284E-1
358	4.75845983E-1
312	4.76837971E-1
471	4.76858134E-1
655	4.78464049E-1
56	4.78969218E-1
415	4.79434582E-1
15	4.79669442E-1
801	4.80873944E-1
211	4.83075086E-1
566	4.8322547E-1
772	4.83871561E-1
234	4.83965804E-1
704	4.84604001E-1
574	4.85375676E-1
670	4.85570134E-1
645	4.86488382E-1
190	4.8690343E-1
702	4.87071306E-1
825	4.87286567E-1
494	4.90508597E-1
724	4.90993272E-1
330	4.91199584E-1
98	4.91315799E-1
533	4.93272981E-1
790	4.95141384E-1
209	4.95579049E-1
808	4.95721534E-1
787	4.96517026E-1
814	4.97376555E-1
345	4.99884405E-1
918	5.00979656E-1
771	5.0205936E-1
832	5.02073733E-1
41	5.03351818E-1
516	5.05628645E-1
205	5.06662469E-1
873	5.06858749E-1
733	5.09196639E-1
346	5.10059448E-1
385	5.10369213E-1
721	5.11004907E-1
305	5.11728603E-1
674	5.1174452E-1
925	5.12296443E-1
326	5.12802854E-1
414	5.13130477E-1
835	5.13138094E-1
885	5.13998377E-1
532	5.14994305E-1
795	5.14999376E-1
712	5.15915061E-1
350	5.17799562E-1
304	5.17972969E-1
765	5.18006327E-1
89	5.18156502E-1
770	5.19136437E-1
462	5.19669409E-1
553	5.20670616E-1
292	5.2082524E-1
230	5.20953166E-1
768	5.20978022E-1
711	5.21623673E-1
922	5.21678142E-1
33	5.22669985E-1
817	5.22855044E-1
469	5.24019226E-1
416	5.24749949E-1
413	5.27974427E-1
617	5.29189287E-1
779	5.29444444E-1
1022	5.29789323E-1
183	5.30580098E-1
618	5.31459069E-1
543	5.34492629E-1
223	5.35036398E-1
729	5.36360113E-1
466	5.37053416E-1
848	5.38792108E-1
525	5.39472424E-1
798	5.40963657E-1
924	5.42611892E-1
727	5.44415344E-1
384	5.446585E-1
703	5.44969865E-1
975	5.45362243E-1
937	5.46591769E-1
639	5.46976706E-1
661	5.4717354E-1
250	5.48502617E-1
584	5.51164623E-1
534	5.51457049E-1
953	5.5168327E-1
383	5.5309403E-1
34	5.53729816E-1
199	5.53862398E-1
506	5.53956946E-1
241	5.54091988E-1
624	5.54792117E-1
502	5.57259893E-1
954	5.58293647E-1
760	5.5866763E-1
658	5.58949313E-1
611	5.58974622E-1
793	5.59529863E-1
705	5.60118273E-1
191	5.60121064E-1
215	5.61288218E-1
232	5.63429721E-1
287	5.64408141E-1
21	5.6569694E-1
511	5.66521505E-1
226	5.6672422E-1
167	5.70883812E-1
824	5.71993878E-1
198	5.72171058E-1
497	5.72822539E-1
404	5.74698646E-1
775	5.754104E-1
594	5.75841386E-1
983	5.76055101E-1
439	5.77840498E-1
583	5.77874397E-1
722	5.79319827E-1
5	5.80356156E-1
309	5.80870518E-1
423	5.80989799E-1
716	5.82552002E-1
684	5.85824677E-1
313	5.89333589E-1
1020	5.8936892E-1
912	5.90711105E-1
22	5.9149857E-1
587	5.91766196E-1
422	5.93973229E-1
958	5.9468453E-1
549	5.9650789E-1
796	5.96674287E-1
503	5.97551723E-1
109	5.97945961E-1
869	5.98385654E-1
295	5.99904844E-1
165	6.00230434E-1
907	6.00424243E-1
397	6.00556612E-1
29	6.01785607E-1
695	6.01986504E-1
138	6.02330924E-1
665	6.04036844E-1
489	6.07931028E-1
485	6.08622092E-1
669	6.08635793E-1
307	6.09201318E-1
172	6.09654836E-1
662	6.10214218E-1
952	6.11235871E-1
811	6.11526907E-1
139	6.12466376E-1
4	6.13778045E-1
883	6.14772516E-1
257	6.14822263E-1
133	6.1509717E-1
927	6.15262842E-1
177	6.15766928E-1
405	6.15771105E-1
520	6.16602007E-1
1010	6.18147899E-1
736	6.18495592E-1
577	6.20934337E-1
943	6.21192149E-1
570	6.21715868E-1
708	6.22782936E-1
597	6.23777485E-1
627	6.2875905E-1
217	6.29170629E-1
294	6.29235649E-1
248	6.29952792E-1
554	6.30411911E-1
428	6.31513907E-1
368	6.3188016E-1
240	6.31906986E-1
589	6.32226517E-1
403	6.32663031E-1
88	6.32877612E-1
588	6.34543137E-1
580	6.34977772E-1
995	6.35211939E-1
741	6.35390103E-1
343	6.36374633E-1
893	6.36839256E-1
105	6.39571474E-1
856	6.40910401E-1
53	6.41303841E-1
901	6.43289339E-1
916	6.43779179E-1
993	6.49906973E-1
479	6.50788238E-1
62	6.51490753E-1
810	6.51698023E-1
325	6.52021093E-1
259	6.52122967E-1
18	6.52544088E-1
118	6.52551256E-1
184	6.5281177E-1
784	6.53322828E-1
231	6.54702777E-1
63	6.5470882E-1
71	6.55814229E-1
302	6.56264013E-1
100	6.56662431E-1
396	6.56941409E-1
127	6.57304198E-1
690	6.59772392E-1
677	6.60280085E-1
556	6.61065095E-1
262	6.62762503E-1
450	6.63036863E-1
829	6.63120465E-1
552	6.64043566E-1
718	6.64844267E-1
159	6.69975186E-1
6	6.70117966E-1
929	6.70925204E-1
178	6.72969524E-1
123	6.74260772E-1
884	6.75355441E-1
429	6.75661206E-1
568	6.76478535E-1
917	6.77287799E-1
186	6.78827343E-1
551	6.79400447E-1
168	6.81146067E-1
879	6.81300062E-1
275	6.81801477E-1
931	6.82450697E-1
229	6.8384664E-1
514	6.86871748E-1
254	6.9050044E-1
484	6.91263613E-1
261	6.92397661E-1
979	6.97474763E-1
926	6.99016786E-1
828	6.99397367E-1
507	6.99414734E-1
490	6.99612183E-1
675	7.04358377E-1
805	7.07546669E-1
10	7.08513399E-1
488	7.08561977E-1
719	7.08604668E-1
659	7.09506375E-1
427	7.09585783E-1
11	7.09722414E-1
338	7.10467515E-1
607	7.11325301E-1
531	7.12358222E-1
480	7.13064551E-1
8	7.16029144E-1
430	7.16669069E-1
693	7.17349551E-1
182	7.1997708E-1
851	7.2027702E-1
447	7.20908605E-1
746	7.23634501E-1
271	7.26006394E-1
359	7.26307533E-1
407	7.27782243E-1
761	7.28238644E-1
74	7.29004641E-1
1015	7.29887848E-1
586	7.3052346E-1
50	7.30987443E-1
48	7.31011472E-1
300	7.31108944E-1
362	7.33222352E-1
482	7.34461463E-1
162	7.34746259E-1
441	7.35771089E-1
291	7.36453798E-1
143	7.36806686E-1
81	7.37439158E-1
324	7.3833827E-1
578	7.3880268E-1
933	7.40299499E-1
293	7.41987183E-1
694	7.42443828E-1
390	7.43740182E-1
180	7.44151047E-1
957	7.44412585E-1
938	7.44889967E-1
836	7.45437507E-1
288	7.46689617E-1
125	7.47524263E-1
680	7.47767252E-1
328	7.48537643E-1
108	7.48711533E-1
951	7.48750774E-1
978	7.51655584E-1
850	7.51797328E-1
894	7.52449838E-1
73	7.53421746E-1
124	7.54482812E-1
990	7.5513285E-1
789	7.55749649E-1
379	7.5784441E-1
335	7.57915666E-1
732	7.58943048E-1
1012	7.59566681E-1
175	7.60023241E-1
1005	7.6057576E-1
493	7.63180884E-1
221	7.63388305E-1
459	7.63737245E-1
280	7.65068811E-1
70	7.65397662E-1
61	7.65781878E-1
681	7.66050557E-1
344	7.67086748E-1
329	7.67615881E-1
806	7.6856879E-1
442	7.68590377E-1
593	7.69094256E-1
323	7.69663699E-1
373	7.69805882E-1
730	7.70398506E-1
971	7.72868926E-1
859	7.73187144E-1
236	7.73329779E-1
410	7.7422091E-1
219	7.74904548E-1
278	7.75090978E-1
474	7.75293758E-1
424	7.78466746E-1
788	7.78619696E-1
145	7.79225145E-1
137	7.80361216E-1
169	7.81052972E-1
195	7.82887527E-1
83	7.8341824E-1
897	7.85711198E-1
821	7.87423129E-1
567	7.87974002E-1
147	7.88396076E-1
370	7.88774072E-1
687	7.89878462E-1
233	7.90714143E-1
914	7.92980964E-1
579	7.93551417E-1
513	7.94584875E-1
807	7.96234082E-1
961	7.97670622E-1
84	7.97690752E-1
942	8.00795101E-1
1014	8.01488834E-1
911	8.01798587E-1
688	8.022918E-1
945	8.05565732E-1
237	8.06009978E-1
800	8.09304067E-1
337	8.13184039E-1
870	8.13650954E-1
76	8.13800378E-1
1018	8.1433045E-1
38	8.15912417E-1
496	8.16559628E-1
112	8.1689407E-1
286	8.20556724E-1
141	8.21720466E-1
839	8.23152256E-1
400	8.23479716E-1
30	8.23541492E-1
763	8.25345377E-1
769	8.26977751E-1
822	8.27110229E-1
813	8.28029775E-1
131	8.29488891E-1
290	8.31799424E-1
498	8.32074893E-1
458	8.32307718E-1
360	8.33760169E-1
576	8.34657202E-1
37	8.3606013E-1
60	8.36237918E-1
797	8.36646933E-1
119	8.38668763E-1
1013	8.38770744E-1
495	8.39036208E-1
1016	8.39151335E-1
27	8.3941226E-1
365	8.40524676E-1
332	8.40562192E-1
548	8.41347831E-1
605	8.426357E-1
72	8.43494413E-1
136	8.45119696E-1
826	8.47223759E-1
372	8.49358172E-1
361	8.4969993E-1
193	8.49860155E-1
650	8.49980588E-1
408	8.50671326E-1
750	8.51997264E-1
565	8.52277007E-1
621	8.5366716E-1
723	8.54569495E-1
783	8.55785472E-1
642	8.56229997E-1
968	8.56513881E-1
203	8.57007815E-1
90	8.60242557E-1
1017	8.61122182E-1
592	8.64053652E-1
473	8.64456946E-1
686	8.65365791E-1
632	8.66322331E-1
121	8.6695162E-1
440	8.68104867E-1
284	8.68796015E-1
631	8.69229344E-1
66	8.70770761E-1
366	8.7090367E-1
1002	8.71805305E-1
49	8.71904366E-1
45	8.72775172E-1
58	8.7434767E-1
988	8.76181129E-1
443	8.77068026E-1
179	8.77068395E-1
672	8.78037512E-1
898	8.78656377E-1
809	8.80178103E-1
557	8.80428558E-1
435	8.80650073E-1
987	8.81746005E-1
997	8.85983476E-1
973	8.88091619E-1
465	8.88261965E-1
654	8.88514523E-1
432	8.90420561E-1
540	8.90882063E-1
537	8.91090507E-1
668	8.91599566E-1
150	8.91628623E-1
960	8.9351757E-1
351	8.93927866E-1
277	8.99448661E-1
550	9.00030526E-1
273	9.02613853E-1
755	9.04102084E-1
398	9.04573001E-1
24	9.07387369E-1
426	9.08207446E-1
393	9.0953373E-1
116	9.09922808E-1
713	9.10726956E-1
701	9.13299741E-1
874	9.14474717E-1
837	9.15477324E-1
483	9.16161346E-1
52	9.16993488E-1
941	9.17534378E-1
1023	9.18694254E-1
735	9.19281989E-1
518	9.20030363E-1
409	9.22950327E-1
67	9.23706646E-1
868	9.24672264E-1
340	9.25114293E-1
720	9.27153014E-1
453	9.27526816E-1
623	9.28107653E-1
251	9.28160564E-1
599	9.29482797E-1
265	9.31150512E-1
880	9.31342207E-1
23	9.32098604E-1
909	9.33595978E-1
200	9.34481519E-1
887	9.34973795E-1
174	9.37499961E-1
95	9.37890034E-1
612	9.37907642E-1
436	9.3862068E-1
843	9.39012456E-1
630	9.39645829E-1
216	9.41052538E-1
158	9.41765762E-1
460	9.42051955E-1
472	9.42859112E-1
375	9.43152396E-1
742	9.44372749E-1
348	9.45812884E-1
692	9.46771548E-1
376	9.47256779E-1
572	9.48987795E-1
421	9.50479239E-1
40	9.51603954E-1
970	9.51906913E-1
57	9.52158828E-1
36	9.54094933E-1
258	9.5420546E-1
115	9.57427126E-1
25	9.61494055E-1
936	9.61700375E-1
726	9.62631933E-1
197	9.6313623E-1
352	9.63516981E-1
854	9.64327122E-1
528	9.66350619E-1
871	9.68123029E-1
279	9.68795525E-1
930	9.69192989E-1
994	9.69895065E-1
541	9.70941087E-1
318	9.7162603E-1
544	9.72870805E-1
110	9.73888106E-1
492	9.74000324E-1
97	9.74177555E-1
616	9.74218118E-1
173	9.74286326E-1
831	9.74808763E-1
16	9.7529232E-1
575	9.76346555E-1
1009	9.76397812E-1
545	9.76640364E-1
322	9.78870562E-1
818	9.79073652E-1
998	9.79119095E-1
601	9.79911137E-1
523	9.81441873E-1
561	9.82360414E-1
276	9.82927384E-1
185	9.83470329E-1
728	9.83709566E-1
99	9.84256985E-1
17	9.86020847E-1
417	9.86487604E-1
35	9.86738786E-1
456	9.86998837E-1
842	9.8718395E-1
855	9.88341338E-1
448	9.88513539E-1
364	9.88873271E-1
610	9.89817718E-1
381	9.9058668E-1
464	9.90812271E-1
510	9.91917611E-1
707	9.92218669E-1
94	9.93072493E-1
412	9.95273949E-1
201	9.9642095E-1
163	9.9691096E-1
710	9.98558046E-1
676	9.9911346E-1
1	9.99335556E-1
910	9.99467989E-1
967	9.99931068E-1
