Name	chi2Pvalue
387	5.93107413E-4
54	1.75888796E-3
245	2.15101748E-3
144	2.43621048E-3
908	3.12057304E-3
296	4.74272187E-3
520	5.00436371E-3
552	6.22735189E-3
146	6.44499591E-3
914	6.58365441E-3
94	6.67106187E-3
698	7.20285649E-3
43	7.9637818E-3
396	9.61263124E-3
890	1.44134815E-2
878	1.48726517E-2
474	1.52380404E-2
922	1.73660608E-2
44	1.7541873E-2
676	1.81157689E-2
431	1.82450051E-2
882	1.84874389E-2
41	1.88563046E-2
562	1.90296794E-2
529	2.02230129E-2
995	2.03524138E-2
13	2.10104072E-2
735	2.35311354E-2
613	2.40817075E-2
308	2.55083705E-2
776	2.55192319E-2
4	2.78014209E-2
540	2.89803506E-2
407	2.90410419E-2
560	3.12667374E-2
746	3.54699019E-2
764	3.56601227E-2
855	3.74978157E-2
107	3.7544341E-2
584	3.90401865E-2
852	3.9797788E-2
300	4.02235718E-2
551	4.09407867E-2
172	4.10047445E-2
996	4.25841638E-2
157	4.27301196E-2
193	4.29890669E-2
820	4.82084697E-2
213	4.87526493E-2
276	4.89343583E-2
832	4.90283969E-2
414	4.99894998E-2
572	5.10309733E-2
887	5.20772856E-2
856	5.23235387E-2
964	5.2754852E-2
874	5.30396025E-2
542	5.59700124E-2
612	5.64375514E-2
366	5.71525466E-2
960	5.74494842E-2
461	5.78980326E-2
291	5.80475415E-2
780	5.93638636E-2
238	5.99173779E-2
450	6.00604365E-2
979	6.10218396E-2
525	6.10886936E-2
859	6.2039285E-2
762	6.27087909E-2
669	6.44713681E-2
115	6.44955744E-2
962	6.45093908E-2
413	6.49554378E-2
237	6.5957736E-2
992	6.61469611E-2
755	6.73148026E-2
747	6.80617852E-2
112	6.87212374E-2
680	7.08128288E-2
1012	7.18824216E-2
478	7.27628862E-2
177	7.32000769E-2
850	7.40897227E-2
555	7.522896E-2
645	7.69610416E-2
465	7.92977981E-2
672	7.94102078E-2
147	7.95668397E-2
12	7.97566079E-2
83	8.03841215E-2
497	8.0644813E-2
980	8.25650852E-2
200	8.4422874E-2
198	8.47159654E-2
208	8.47807503E-2
79	8.50456872E-2
269	8.50572977E-2
459	8.52915554E-2
500	8.71738071E-2
239	8.72222785E-2
332	8.90667066E-2
150	8.97698519E-2
839	9.02579941E-2
621	9.22279712E-2
403	9.24416148E-2
823	9.36621656E-2
408	9.40961464E-2
826	9.52139844E-2
205	9.54054613E-2
911	9.60834486E-2
51	9.6559826E-2
96	9.76545618E-2
73	1.00100952E-1
808	1.03139638E-1
750	1.03894985E-1
270	1.04581842E-1
736	1.05911053E-1
340	1.06011448E-1
897	1.0644547E-1
321	1.07053844E-1
109	1.08569052E-1
133	1.12047733E-1
58	1.12174201E-1
314	1.12809931E-1
834	1.16296489E-1
186	1.16352615E-1
522	1.16460615E-1
565	1.17312298E-1
907	1.17636723E-1
717	1.18508269E-1
20	1.18662832E-1
573	1.18732142E-1
1000	1.20204385E-1
311	1.2084618E-1
388	1.21277499E-1
192	1.21655302E-1
347	1.21958524E-1
535	1.22454745E-1
719	1.23077958E-1
703	1.24915959E-1
971	1.24927418E-1
945	1.29095667E-1
1001	1.31738432E-1
352	1.3175556E-1
152	1.32990601E-1
869	1.34700633E-1
354	1.3505269E-1
716	1.36011387E-1
63	1.36258037E-1
227	1.36397272E-1
170	1.36930839E-1
983	1.38490376E-1
653	1.40425956E-1
605	1.40839024E-1
849	1.41200206E-1
973	1.41519021E-1
496	1.4276164E-1
683	1.42913768E-1
471	1.44053358E-1
534	1.44779461E-1
740	1.46875676E-1
912	1.47646794E-1
435	1.48418781E-1
313	1.49534448E-1
376	1.49822419E-1
905	1.51822844E-1
215	1.52104684E-1
255	1.52469315E-1
140	1.53125903E-1
108	1.54019382E-1
758	1.54518504E-1
430	1.5537023E-1
166	1.55708352E-1
803	1.56567099E-1
588	1.56815074E-1
286	1.57845994E-1
224	1.59045305E-1
212	1.59124833E-1
1004	1.59248031E-1
339	1.63448425E-1
774	1.63956559E-1
631	1.65284907E-1
926	1.66300813E-1
592	1.6736568E-1
795	1.67377182E-1
95	1.68303918E-1
479	1.70218498E-1
801	1.70682062E-1
993	1.71850296E-1
777	1.73782324E-1
558	1.74884331E-1
870	1.7709862E-1
312	1.7769108E-1
981	1.78049467E-1
445	1.78188804E-1
845	1.78336014E-1
567	1.81230626E-1
892	1.82460523E-1
575	1.83756038E-1
913	1.84823157E-1
919	1.85818178E-1
119	1.85852593E-1
684	1.86484804E-1
57	1.86601615E-1
375	1.87726809E-1
243	1.88121442E-1
309	1.88975855E-1
547	1.91556298E-1
708	1.91974626E-1
385	1.92590961E-1
425	1.9425437E-1
519	1.94471027E-1
472	1.96200776E-1
19	1.97072867E-1
113	1.99469147E-1
331	1.99974876E-1
28	2.0324168E-1
231	2.04353246E-1
393	2.04800528E-1
484	2.04850239E-1
466	2.05251028E-1
868	2.05556465E-1
424	2.0830873E-1
439	2.08482028E-1
673	2.09103415E-1
563	2.09720598E-1
17	2.10907226E-1
625	2.10988691E-1
756	2.11032729E-1
649	2.13055744E-1
235	2.13850681E-1
924	2.13951673E-1
84	2.14287647E-1
389	2.15206256E-1
638	2.15876063E-1
329	2.16564413E-1
100	2.16742008E-1
677	2.22563764E-1
538	2.23262029E-1
493	2.23639301E-1
260	2.2853003E-1
383	2.28652076E-1
476	2.29592746E-1
999	2.29857915E-1
343	2.3124511E-1
744	2.31866384E-1
14	2.31880305E-1
330	2.34373226E-1
446	2.35467309E-1
359	2.35989922E-1
690	2.36209183E-1
117	2.41570079E-1
371	2.41822575E-1
503	2.42109523E-1
370	2.42189914E-1
782	2.42429429E-1
787	2.43779699E-1
847	2.47622172E-1
707	2.47791153E-1
929	2.49129456E-1
297	2.49176178E-1
410	2.5469098E-1
918	2.56709647E-1
55	2.58322764E-1
69	2.59799575E-1
543	2.62098941E-1
662	2.62735057E-1
877	2.63713515E-1
443	2.63791292E-1
745	2.64928769E-1
251	2.64929251E-1
666	2.65769518E-1
351	2.66082054E-1
953	2.66553498E-1
23	2.67057615E-1
203	2.68435955E-1
464	2.69107149E-1
932	2.69855046E-1
957	2.70193009E-1
114	2.70637448E-1
636	2.71601902E-1
494	2.71998815E-1
101	2.73587868E-1
489	2.75358205E-1
65	2.76420136E-1
541	2.77627807E-1
778	2.77942338E-1
843	2.78481127E-1
411	2.79640383E-1
495	2.80434836E-1
835	2.8067187E-1
706	2.81195192E-1
591	2.8252282E-1
104	2.82723239E-1
180	2.83306679E-1
197	2.83879561E-1
564	2.84085659E-1
167	2.85826473E-1
81	2.86092349E-1
405	2.86485685E-1
467	2.8727066E-1
454	2.88220411E-1
513	2.9029899E-1
637	2.90866218E-1
864	2.92350322E-1
460	2.92788044E-1
477	2.93020453E-1
110	2.93286935E-1
409	2.93294215E-1
951	2.96728197E-1
894	2.97870464E-1
607	2.9879168E-1
559	2.98966827E-1
842	2.99327459E-1
163	3.01566933E-1
783	3.02400742E-1
829	3.02553365E-1
536	3.02602005E-1
22	3.02953896E-1
991	3.03102284E-1
318	3.03439901E-1
770	3.04690991E-1
597	3.08350461E-1
816	3.09164785E-1
527	3.10214047E-1
934	3.11009279E-1
225	3.11689761E-1
939	3.12660112E-1
910	3.13326746E-1
917	3.14231802E-1
806	3.15527159E-1
608	3.17808961E-1
941	3.20118512E-1
153	3.27277201E-1
358	3.28001948E-1
865	3.29152948E-1
207	3.30363967E-1
791	3.31793485E-1
586	3.32160757E-1
320	3.32462546E-1
604	3.32708921E-1
557	3.33609431E-1
42	3.33936288E-1
570	3.34457964E-1
521	3.35006548E-1
825	3.35143556E-1
262	3.38512937E-1
295	3.39329214E-1
178	3.42536336E-1
802	3.4563144E-1
390	3.46960308E-1
978	3.47849752E-1
480	3.48751329E-1
48	3.50249434E-1
539	3.51327922E-1
64	3.51715751E-1
60	3.5180345E-1
615	3.51901525E-1
381	3.52834699E-1
242	3.53961001E-1
292	3.56272864E-1
247	3.57881436E-1
181	3.57945092E-1
601	3.60401847E-1
644	3.6182751E-1
620	3.63344696E-1
853	3.63449046E-1
800	3.63657394E-1
187	3.6508781E-1
248	3.65563368E-1
302	3.67204403E-1
526	3.7013375E-1
349	3.74099439E-1
688	3.7422564E-1
618	3.74438279E-1
304	3.74854787E-1
863	3.75082728E-1
790	3.76004068E-1
201	3.76789556E-1
50	3.76905619E-1
29	3.77073458E-1
221	3.7765605E-1
190	3.77883714E-1
712	3.79269787E-1
37	3.79275788E-1
578	3.79579956E-1
417	3.81218177E-1
161	3.81314599E-1
956	3.81519942E-1
511	3.82897545E-1
702	3.85416055E-1
866	3.86320596E-1
316	3.87713135E-1
1009	3.88100761E-1
568	3.88528766E-1
382	3.92897793E-1
451	3.93305131E-1
98	3.9425037E-1
30	3.94720159E-1
948	3.97281002E-1
822	3.97651482E-1
761	3.97695856E-1
298	3.98694326E-1
418	3.98913236E-1
651	3.99425498E-1
891	3.99772183E-1
642	4.03541879E-1
990	4.03810392E-1
56	4.03988232E-1
781	4.05598217E-1
469	4.07798358E-1
294	4.07917491E-1
623	4.08373134E-1
299	4.11436385E-1
909	4.11739941E-1
1003	4.12355936E-1
46	4.12698487E-1
336	4.13006752E-1
580	4.13634124E-1
686	4.13812525E-1
395	4.15057579E-1
326	4.16728616E-1
429	4.16837399E-1
402	4.17128091E-1
21	4.17603338E-1
442	4.17823744E-1
583	4.1793018E-1
860	4.18583643E-1
234	4.19223485E-1
582	4.20842167E-1
463	4.21930467E-1
1011	4.22302167E-1
530	4.23434702E-1
646	4.2367743E-1
404	4.25524369E-1
928	4.29027031E-1
751	4.30302531E-1
1002	4.30535891E-1
963	4.30773712E-1
377	4.31119546E-1
346	4.31191169E-1
322	4.31562555E-1
335	4.3197414E-1
658	4.32131299E-1
271	4.33216574E-1
89	4.34859792E-1
614	4.38092913E-1
935	4.39638778E-1
279	4.3971379E-1
25	4.40470434E-1
947	4.4053985E-1
338	4.4103003E-1
634	4.42475402E-1
546	4.42554274E-1
361	4.4440207E-1
470	4.45196107E-1
266	4.46068367E-1
872	4.46402366E-1
988	4.46858418E-1
732	4.47193637E-1
851	4.47482291E-1
900	4.480232E-1
596	4.48148589E-1
1014	4.48419301E-1
392	4.49839984E-1
102	4.50024576E-1
447	4.50496756E-1
629	4.50905353E-1
433	4.5330687E-1
353	4.53968812E-1
218	4.54268261E-1
987	4.54685515E-1
415	4.55615036E-1
617	4.570219E-1
501	4.58573424E-1
937	4.59474048E-1
118	4.60346044E-1
61	4.60416427E-1
873	4.60471631E-1
16	4.61370208E-1
196	4.62014434E-1
862	4.63079236E-1
710	4.6346185E-1
26	4.64759488E-1
998	4.64969493E-1
475	4.65085275E-1
246	4.65499463E-1
881	4.66237423E-1
264	4.68100169E-1
765	4.7010211E-1
220	4.70202449E-1
333	4.70254648E-1
129	4.71068264E-1
188	4.71220028E-1
889	4.7140164E-1
628	4.71558438E-1
936	4.71896499E-1
241	4.73011589E-1
452	4.74430408E-1
671	4.75531927E-1
5	4.76273392E-1
440	4.76508957E-1
810	4.76762843E-1
327	4.77065583E-1
86	4.77085486E-1
120	4.77824087E-1
457	4.78363137E-1
487	4.79408228E-1
303	4.79620962E-1
135	4.796349E-1
272	4.80490676E-1
794	4.81272988E-1
836	4.84470035E-1
278	4.84508136E-1
222	4.87219482E-1
97	4.88233946E-1
581	4.88752617E-1
585	4.89539394E-1
145	4.92079943E-1
156	4.93413315E-1
661	4.94147367E-1
772	4.95200724E-1
106	4.96439123E-1
132	4.98042572E-1
66	4.98355444E-1
635	4.98569307E-1
593	5.03097019E-1
927	5.03585467E-1
630	5.06306706E-1
846	5.06858155E-1
763	5.08294302E-1
799	5.08441029E-1
127	5.09554268E-1
80	5.09747936E-1
27	5.10507849E-1
792	5.10807331E-1
893	5.12133792E-1
367	5.12582026E-1
867	5.13075614E-1
199	5.15052331E-1
576	5.16077178E-1
528	5.16547225E-1
633	5.17782852E-1
488	5.1782501E-1
93	5.20543256E-1
123	5.22221006E-1
397	5.24014681E-1
639	5.24376324E-1
660	5.27655191E-1
74	5.29488584E-1
175	5.29845015E-1
194	5.30215226E-1
691	5.30998332E-1
600	5.32268695E-1
373	5.34311248E-1
871	5.36998433E-1
357	5.37436077E-1
502	5.38195997E-1
229	5.38246042E-1
902	5.40814946E-1
6	5.44708839E-1
512	5.46593595E-1
610	5.47753581E-1
307	5.48485063E-1
105	5.48835505E-1
458	5.49033731E-1
965	5.56190653E-1
757	5.58146639E-1
420	5.58866429E-1
838	5.5929192E-1
426	5.59382166E-1
240	5.59428225E-1
775	5.60044881E-1
158	5.60785087E-1
788	5.61695786E-1
989	5.62032826E-1
901	5.62343243E-1
289	5.62765404E-1
923	5.62951221E-1
668	5.63476437E-1
36	5.64663467E-1
249	5.64957894E-1
49	5.6742871E-1
67	5.71274636E-1
946	5.71874829E-1
468	5.73208894E-1
727	5.7510008E-1
126	5.75708977E-1
969	5.78284419E-1
391	5.78420829E-1
134	5.79169961E-1
739	5.80044898E-1
724	5.81839691E-1
401	5.82148047E-1
171	5.8289879E-1
1005	5.8313529E-1
509	5.86097592E-1
818	5.86324079E-1
812	5.86700838E-1
368	5.86860839E-1
305	5.87117492E-1
151	5.87214778E-1
952	5.88107613E-1
32	5.88289863E-1
380	5.88676663E-1
811	5.88809066E-1
950	5.88937786E-1
916	5.89709505E-1
0	5.90972961E-1
257	5.91619802E-1
116	5.92432092E-1
729	5.94911259E-1
556	5.9521115E-1
38	5.97295782E-1
643	5.98424288E-1
659	5.99357402E-1
154	6.00970802E-1
364	6.00997699E-1
930	6.01413397E-1
288	6.03670401E-1
174	6.0506785E-1
379	6.05113198E-1
728	6.06322803E-1
789	6.06939287E-1
232	6.07469114E-1
994	6.1363579E-1
68	6.14021034E-1
360	6.15936509E-1
432	6.16562959E-1
191	6.18595649E-1
301	6.19944723E-1
62	6.20320535E-1
898	6.21140609E-1
91	6.23106027E-1
398	6.23986705E-1
798	6.26055812E-1
997	6.27492163E-1
938	6.27924853E-1
449	6.28465043E-1
532	6.3002915E-1
18	6.30421474E-1
603	6.33056266E-1
282	6.34436155E-1
769	6.34969753E-1
814	6.35503951E-1
895	6.36416601E-1
507	6.3685456E-1
173	6.37361931E-1
833	6.37954823E-1
317	6.38257295E-1
574	6.40775384E-1
733	6.43349305E-1
179	6.44036061E-1
640	6.4505145E-1
619	6.45424834E-1
553	6.47504462E-1
654	6.47532832E-1
486	6.47593591E-1
236	6.49600263E-1
1015	6.49994196E-1
958	6.50029931E-1
162	6.51165443E-1
796	6.51637739E-1
767	6.51865907E-1
76	6.52196295E-1
481	6.52363139E-1
75	6.52641942E-1
33	6.52738168E-1
722	6.53521215E-1
579	6.53723754E-1
977	6.54089137E-1
611	6.54299057E-1
149	6.54654773E-1
233	6.5557756E-1
506	6.57420472E-1
421	6.57712713E-1
423	6.59317804E-1
1013	6.59461814E-1
365	6.61590024E-1
738	6.62286837E-1
444	6.62976596E-1
204	6.64266946E-1
504	6.66184854E-1
974	6.66294117E-1
1006	6.67204789E-1
15	6.6769564E-1
896	6.68236097E-1
880	6.71233168E-1
748	6.7217035E-1
416	6.73003011E-1
743	6.75091379E-1
714	6.7722224E-1
436	6.78011444E-1
984	6.79518402E-1
160	6.79940133E-1
143	6.81371381E-1
290	6.81591393E-1
549	6.81715223E-1
7	6.82691641E-1
858	6.83116256E-1
883	6.86066074E-1
715	6.86166363E-1
831	6.86825689E-1
400	6.87368393E-1
202	6.87914152E-1
875	6.88348894E-1
515	6.88399027E-1
516	6.89930646E-1
759	6.90263176E-1
136	6.91454196E-1
455	6.91922047E-1
124	6.9318911E-1
256	6.93682276E-1
510	6.93960977E-1
490	6.96294424E-1
624	6.96632697E-1
230	6.98831742E-1
355	6.99225564E-1
183	7.01823465E-1
24	7.0265371E-1
954	7.02706629E-1
807	7.03071011E-1
648	7.03352551E-1
899	7.04893181E-1
721	7.06800685E-1
975	7.07719973E-1
1007	7.08263333E-1
606	7.09807275E-1
1021	7.10521585E-1
518	7.10883135E-1
760	7.11301836E-1
168	7.12673262E-1
524	7.13924785E-1
141	7.14137415E-1
725	7.15831524E-1
328	7.15869746E-1
505	7.15899963E-1
374	7.16000925E-1
840	7.17147871E-1
275	7.18916604E-1
399	7.20926952E-1
949	7.21032695E-1
287	7.21227211E-1
103	7.22664999E-1
718	7.24168915E-1
344	7.24280226E-1
263	7.24731265E-1
39	7.24883378E-1
697	7.26601494E-1
647	7.30799723E-1
189	7.31067793E-1
632	7.31205875E-1
306	7.31809064E-1
184	7.31913445E-1
665	7.31999782E-1
217	7.32087684E-1
550	7.32380103E-1
784	7.32449941E-1
130	7.33339163E-1
8	7.34250941E-1
372	7.34376087E-1
663	7.3522785E-1
1018	7.35547751E-1
594	7.35616256E-1
259	7.36619523E-1
879	7.36754315E-1
159	7.37798114E-1
616	7.38251771E-1
52	7.38254787E-1
726	7.38886938E-1
337	7.39805739E-1
731	7.40122254E-1
693	7.40637642E-1
554	7.42826632E-1
809	7.44128704E-1
667	7.44409539E-1
824	7.45461922E-1
362	7.45542258E-1
483	7.45847791E-1
128	7.4650319E-1
78	7.47985262E-1
1019	7.48864314E-1
657	7.49301869E-1
325	7.49305944E-1
253	7.51261982E-1
921	7.52310652E-1
169	7.52410112E-1
678	7.52959868E-1
386	7.52961437E-1
273	7.53593179E-1
209	7.53685388E-1
1008	7.54872142E-1
664	7.55120214E-1
462	7.55218579E-1
448	7.56957328E-1
142	7.57253755E-1
959	7.58301381E-1
155	7.632356E-1
531	7.63569187E-1
786	7.64423827E-1
508	7.64641616E-1
837	7.66718858E-1
545	7.72868938E-1
122	7.7362866E-1
679	7.74660639E-1
734	7.74872066E-1
35	7.80050323E-1
689	7.80865431E-1
250	7.81080783E-1
675	7.82889673E-1
548	7.83184219E-1
674	7.85507658E-1
566	7.86758814E-1
848	7.87651675E-1
805	7.88192539E-1
268	7.89335618E-1
350	7.89761872E-1
267	7.90251006E-1
699	7.90283598E-1
47	7.91254126E-1
681	7.91633066E-1
517	7.93480806E-1
589	7.93712057E-1
943	7.9460559E-1
967	7.95396242E-1
797	7.95408574E-1
125	7.95619637E-1
599	7.95876579E-1
148	7.96711048E-1
976	7.97046775E-1
427	7.97298308E-1
498	7.99410215E-1
428	8.02124374E-1
345	8.06515167E-1
813	8.08385124E-1
830	8.09131597E-1
652	8.0931354E-1
696	8.10703835E-1
9	8.112601E-1
72	8.12395844E-1
687	8.12435746E-1
45	8.12897977E-1
482	8.13449993E-1
356	8.15822913E-1
2	8.16190193E-1
422	8.1638125E-1
491	8.16667874E-1
281	8.20640049E-1
742	8.22607335E-1
915	8.22907524E-1
537	8.23242237E-1
972	8.2442315E-1
219	8.24429477E-1
804	8.25266707E-1
274	8.30325003E-1
254	8.31227752E-1
131	8.31441598E-1
730	8.32992802E-1
485	8.35203849E-1
34	8.37545714E-1
319	8.37590745E-1
252	8.40130824E-1
622	8.40387388E-1
277	8.40610078E-1
544	8.41112324E-1
925	8.42227385E-1
523	8.42934506E-1
244	8.44103036E-1
499	8.46007797E-1
779	8.46167511E-1
577	8.46716806E-1
82	8.47055302E-1
749	8.47475888E-1
670	8.47555478E-1
164	8.47566644E-1
214	8.48384851E-1
138	8.48526219E-1
165	8.49051154E-1
571	8.49694637E-1
955	8.54023573E-1
752	8.56475324E-1
92	8.56714355E-1
3	8.57076461E-1
258	8.57293486E-1
940	8.59065928E-1
378	8.60822744E-1
261	8.61810535E-1
438	8.62165316E-1
223	8.62649032E-1
195	8.63607202E-1
906	8.64095683E-1
626	8.66125901E-1
704	8.67032659E-1
701	8.67453819E-1
453	8.70608954E-1
694	8.70916162E-1
533	8.71169632E-1
817	8.72027164E-1
884	8.72055122E-1
492	8.73623278E-1
412	8.74199919E-1
793	8.74243075E-1
310	8.74399113E-1
348	8.75159753E-1
121	8.75983261E-1
285	8.78312388E-1
185	8.79622504E-1
886	8.79629383E-1
315	8.80174076E-1
11	8.82214965E-1
713	8.82575707E-1
650	8.85632299E-1
265	8.86545835E-1
944	8.86678491E-1
933	8.90664004E-1
819	8.94663488E-1
456	8.95603718E-1
10	8.96581702E-1
87	8.96852113E-1
384	8.97917862E-1
903	8.98948468E-1
228	9.00713002E-1
441	9.01098886E-1
182	9.01251641E-1
437	9.01465356E-1
692	9.02677581E-1
31	9.05143249E-1
753	9.05255893E-1
323	9.06761862E-1
59	9.07347014E-1
363	9.08691392E-1
685	9.08990589E-1
53	9.09139274E-1
473	9.09246975E-1
885	9.09908269E-1
695	9.09915891E-1
609	9.10048329E-1
216	9.10848832E-1
342	9.11644869E-1
827	9.14843342E-1
406	9.14919456E-1
226	9.15023756E-1
70	9.1522544E-1
828	9.15489656E-1
766	9.17579823E-1
1022	9.19188866E-1
71	9.19252138E-1
970	9.20374187E-1
587	9.21187739E-1
942	9.21577052E-1
85	9.22710667E-1
324	9.24013864E-1
966	9.2773479E-1
768	9.28160812E-1
419	9.28319257E-1
1020	9.28871545E-1
682	9.29227788E-1
514	9.30529739E-1
211	9.3157095E-1
40	9.32256295E-1
723	9.3277266E-1
821	9.32936916E-1
77	9.3317355E-1
931	9.33367867E-1
857	9.3413158E-1
861	9.36945255E-1
700	9.37043099E-1
741	9.41308425E-1
656	9.41641726E-1
773	9.42306528E-1
655	9.42974544E-1
854	9.43606882E-1
284	9.4497093E-1
88	9.47750536E-1
569	9.49755684E-1
815	9.49790261E-1
1	9.52844425E-1
711	9.53379202E-1
394	9.53821591E-1
627	9.55253889E-1
1017	9.55435286E-1
904	9.56422238E-1
986	9.56480799E-1
876	9.56713704E-1
176	9.57349555E-1
1023	9.5742064E-1
206	9.58760281E-1
709	9.60014919E-1
641	9.63204298E-1
280	9.6364603E-1
341	9.65325182E-1
434	9.66244065E-1
985	9.68468064E-1
602	9.70282472E-1
561	9.74293972E-1
737	9.74999636E-1
982	9.75308333E-1
99	9.75768886E-1
210	9.76786959E-1
968	9.79387563E-1
961	9.81940237E-1
841	9.83138804E-1
785	9.84001256E-1
111	9.85413844E-1
598	9.86450423E-1
720	9.91193705E-1
137	9.92005329E-1
293	9.922508E-1
844	9.92627047E-1
139	9.93438664E-1
334	9.93657575E-1
771	9.9447626E-1
754	9.94619923E-1
1010	9.95579999E-1
705	9.96556135E-1
888	9.97098667E-1
595	9.9760945E-1
1016	9.97950529E-1
90	9.99691225E-1
