Name	chi2Pvalue
823	3.56753536E-3
260	3.86640478E-3
973	3.94768005E-3
848	4.86082866E-3
59	5.34311918E-3
239	5.45074606E-3
661	8.07732345E-3
946	8.52988014E-3
702	8.67808308E-3
740	9.90101776E-3
142	1.02053949E-2
371	1.09767909E-2
716	1.21175291E-2
739	1.42421592E-2
530	1.52571316E-2
685	1.55281188E-2
74	1.61093396E-2
32	1.70411306E-2
785	1.72498399E-2
674	1.80994232E-2
860	1.83818292E-2
268	2.2649417E-2
313	2.28343786E-2
262	2.43296413E-2
135	2.47518505E-2
117	2.5018627E-2
305	2.61049213E-2
704	2.74866731E-2
244	2.85718093E-2
846	3.00029103E-2
808	3.10568908E-2
546	3.29877403E-2
506	3.65035465E-2
684	3.66916739E-2
101	3.8066616E-2
812	3.81838332E-2
438	3.81844419E-2
220	3.85042074E-2
150	3.97798443E-2
256	4.08061724E-2
509	4.36319368E-2
1023	4.61780585E-2
1002	4.85897925E-2
581	4.92221555E-2
409	5.02144619E-2
501	5.02544335E-2
634	5.1230292E-2
170	5.2798731E-2
114	5.35542703E-2
522	5.35636824E-2
576	5.37184776E-2
731	5.5380425E-2
475	5.70984923E-2
600	5.71497203E-2
890	5.8789706E-2
82	5.89552703E-2
637	5.8978082E-2
128	5.94043223E-2
446	6.08608022E-2
330	6.11354859E-2
709	6.24751034E-2
609	6.29955271E-2
480	6.3336008E-2
341	6.37174456E-2
512	6.37601765E-2
955	6.58990287E-2
433	6.67702883E-2
937	6.71729896E-2
818	6.8146401E-2
1006	6.90690218E-2
85	6.94404197E-2
775	6.96096549E-2
881	7.02827872E-2
120	7.03507149E-2
671	7.14969449E-2
578	7.24995128E-2
557	7.27141261E-2
677	7.308463E-2
194	7.38983956E-2
393	7.48498683E-2
299	7.51102191E-2
752	7.56903833E-2
121	7.66777129E-2
297	7.73061099E-2
871	7.73122304E-2
191	7.92804515E-2
60	7.94545137E-2
36	8.17642623E-2
360	8.22597818E-2
353	8.26855997E-2
193	8.28781802E-2
706	8.28824006E-2
242	8.44902245E-2
155	8.50739226E-2
321	8.55812279E-2
932	8.68545706E-2
713	8.74969024E-2
153	8.93702813E-2
1001	9.22925324E-2
380	9.34027097E-2
733	9.36584613E-2
78	9.42223877E-2
678	9.55103776E-2
225	9.75135511E-2
327	1.03007708E-1
212	1.03164231E-1
152	1.04740427E-1
255	1.065884E-1
879	1.08181607E-1
856	1.09262995E-1
28	1.11286758E-1
836	1.12263764E-1
765	1.14418748E-1
254	1.16250628E-1
144	1.16437725E-1
734	1.16781919E-1
96	1.17439121E-1
917	1.17959294E-1
261	1.19011741E-1
172	1.19437122E-1
363	1.19669726E-1
725	1.19688387E-1
102	1.19847337E-1
987	1.21145602E-1
867	1.21383652E-1
4	1.22221512E-1
430	1.23401787E-1
437	1.25544665E-1
564	1.25673004E-1
902	1.26400232E-1
199	1.26748542E-1
118	1.2721481E-1
655	1.28483191E-1
231	1.30121898E-1
560	1.31451982E-1
936	1.32296191E-1
1022	1.32742993E-1
335	1.34295343E-1
263	1.35572017E-1
865	1.36001768E-1
931	1.36335345E-1
649	1.37579339E-1
939	1.38554236E-1
487	1.39660398E-1
1019	1.40066928E-1
938	1.40385513E-1
780	1.41523367E-1
737	1.46076904E-1
183	1.46108126E-1
221	1.4765266E-1
77	1.48420684E-1
778	1.4847985E-1
403	1.50064492E-1
445	1.5070289E-1
243	1.52128546E-1
366	1.52285069E-1
272	1.52566466E-1
467	1.5289842E-1
93	1.5331315E-1
240	1.54556992E-1
995	1.5461606E-1
11	1.55895266E-1
891	1.56079575E-1
906	1.56332108E-1
406	1.58002794E-1
1008	1.58237018E-1
396	1.59399885E-1
602	1.60312288E-1
266	1.6465676E-1
421	1.64677767E-1
14	1.67006975E-1
853	1.67862421E-1
567	1.68292617E-1
558	1.68330821E-1
402	1.68356332E-1
882	1.69402914E-1
698	1.70096269E-1
792	1.71908579E-1
606	1.7274751E-1
771	1.7477497E-1
233	1.74840572E-1
0	1.75382913E-1
449	1.75536219E-1
29	1.77098599E-1
535	1.77126763E-1
1014	1.77633398E-1
858	1.77837841E-1
866	1.77941057E-1
672	1.7869411E-1
760	1.78741256E-1
806	1.79000327E-1
809	1.81031756E-1
404	1.83736135E-1
111	1.85051593E-1
245	1.85185369E-1
820	1.85350511E-1
644	1.85927564E-1
926	1.86912736E-1
885	1.86943166E-1
423	1.88001106E-1
277	1.88349283E-1
275	1.88361244E-1
253	1.88453387E-1
948	1.89077425E-1
840	1.90060727E-1
719	1.91284974E-1
886	1.92568499E-1
1015	1.93140208E-1
209	1.936052E-1
107	1.93639668E-1
211	1.94951858E-1
714	1.95620978E-1
190	1.96207391E-1
656	1.96515155E-1
983	1.9991834E-1
3	2.00366515E-1
802	2.00786961E-1
863	2.01224695E-1
270	2.04730568E-1
949	2.0551245E-1
700	2.072485E-1
166	2.0737492E-1
683	2.07722125E-1
572	2.08641274E-1
693	2.08789697E-1
16	2.11422269E-1
801	2.12715888E-1
1007	2.12972322E-1
645	2.13244648E-1
41	2.14949361E-1
620	2.14955278E-1
953	2.15157575E-1
534	2.16435574E-1
816	2.16828801E-1
638	2.168671E-1
723	2.1876881E-1
370	2.19331217E-1
187	2.20263205E-1
324	2.22320761E-1
414	2.2238035E-1
584	2.24873219E-1
342	2.25162179E-1
750	2.2669142E-1
993	2.29418712E-1
491	2.32544983E-1
413	2.33455751E-1
65	2.34223997E-1
888	2.34936598E-1
934	2.3527539E-1
887	2.36370538E-1
956	2.37546899E-1
970	2.38570172E-1
189	2.42885444E-1
770	2.43025563E-1
911	2.45049889E-1
131	2.48140505E-1
5	2.48599313E-1
235	2.4947172E-1
857	2.49977658E-1
440	2.50035666E-1
562	2.50837439E-1
873	2.52826376E-1
944	2.54881402E-1
913	2.55200264E-1
436	2.5555395E-1
689	2.55743157E-1
354	2.57257396E-1
336	2.5770773E-1
741	2.58530497E-1
989	2.58617007E-1
333	2.60118635E-1
981	2.62451886E-1
924	2.63116808E-1
346	2.63418582E-1
624	2.63520365E-1
397	2.64047688E-1
334	2.64385024E-1
687	2.65049696E-1
296	2.65633316E-1
892	2.6573027E-1
652	2.68879421E-1
206	2.70037133E-1
647	2.72823834E-1
653	2.73347807E-1
497	2.73410924E-1
79	2.76300437E-1
168	2.77715719E-1
900	2.78296787E-1
376	2.83335196E-1
525	2.83514216E-1
108	2.83931325E-1
758	2.85519909E-1
784	2.86524556E-1
528	2.86937174E-1
311	2.87198617E-1
171	2.87635185E-1
670	2.88000876E-1
782	2.88134307E-1
286	2.88358676E-1
132	2.89113945E-1
238	2.90303712E-1
688	2.9176809E-1
962	2.94808071E-1
312	2.95472231E-1
55	2.96389848E-1
6	2.96634158E-1
454	2.9673196E-1
44	2.97654962E-1
791	2.98350389E-1
20	2.98414499E-1
616	2.98525466E-1
482	2.9926368E-1
282	2.99369149E-1
301	2.99831744E-1
896	3.00085881E-1
405	3.02002185E-1
710	3.04171198E-1
332	3.05563739E-1
331	3.05619906E-1
767	3.06898382E-1
643	3.0878043E-1
391	3.09825534E-1
458	3.10475525E-1
274	3.11258725E-1
276	3.14508333E-1
386	3.16230458E-1
470	3.1863965E-1
898	3.2015327E-1
1018	3.20243246E-1
665	3.20387888E-1
234	3.2055606E-1
910	3.2138468E-1
429	3.2152388E-1
827	3.2235387E-1
306	3.22881737E-1
868	3.23820482E-1
819	3.24577493E-1
207	3.26056802E-1
814	3.26448794E-1
555	3.27935593E-1
109	3.28932817E-1
694	3.31105612E-1
24	3.32489628E-1
439	3.32778765E-1
742	3.33096903E-1
876	3.33429128E-1
188	3.342986E-1
822	3.34548294E-1
461	3.3581711E-1
957	3.36431008E-1
292	3.37545554E-1
553	3.38342604E-1
629	3.38779289E-1
619	3.41001524E-1
392	3.41001933E-1
348	3.42273222E-1
745	3.42417268E-1
1	3.43685101E-1
344	3.43781069E-1
550	3.43952574E-1
317	3.45100891E-1
42	3.46072376E-1
104	3.46765275E-1
912	3.47823371E-1
583	3.48491872E-1
861	3.51499806E-1
799	3.53427863E-1
696	3.54975506E-1
914	3.55445412E-1
464	3.56817664E-1
401	3.57402917E-1
541	3.58813095E-1
146	3.59201544E-1
608	3.59775926E-1
815	3.60323503E-1
295	3.62695099E-1
954	3.63259591E-1
901	3.63949067E-1
355	3.6423148E-1
626	3.64459497E-1
569	3.65125005E-1
91	3.653479E-1
1000	3.65496262E-1
708	3.65851326E-1
625	3.66118343E-1
15	3.66832444E-1
443	3.67952877E-1
103	3.69558768E-1
249	3.69840623E-1
579	3.69849784E-1
537	3.70222379E-1
787	3.70245859E-1
961	3.71971614E-1
479	3.74222139E-1
724	3.74480623E-1
884	3.75205077E-1
52	3.7541401E-1
309	3.75633701E-1
308	3.77306942E-1
350	3.78577539E-1
668	3.79369596E-1
628	3.79411992E-1
310	3.79530329E-1
963	3.79956034E-1
980	3.8039891E-1
138	3.81150391E-1
570	3.85389782E-1
140	3.85791048E-1
474	3.86188755E-1
385	3.86280902E-1
833	3.86599843E-1
349	3.88620045E-1
657	3.90401428E-1
378	3.90602657E-1
835	3.91196567E-1
574	3.94683589E-1
699	3.95981748E-1
387	3.97162503E-1
580	3.97606768E-1
223	4.02138351E-1
452	4.02250239E-1
33	4.02269281E-1
743	4.02771081E-1
662	4.03850685E-1
832	4.04363156E-1
849	4.04713069E-1
966	4.04998899E-1
686	4.06268439E-1
748	4.06847072E-1
604	4.08070138E-1
53	4.0859757E-1
76	4.09699017E-1
729	4.10215648E-1
267	4.11101894E-1
651	4.12890469E-1
502	4.14479172E-1
54	4.18693718E-1
115	4.19063023E-1
566	4.20223594E-1
281	4.20517062E-1
196	4.22285541E-1
289	4.23679062E-1
137	4.23705887E-1
381	4.24854585E-1
531	4.24971965E-1
977	4.25676172E-1
21	4.26313357E-1
817	4.26349817E-1
300	4.26838597E-1
573	4.29523905E-1
615	4.30349266E-1
485	4.31068051E-1
407	4.32167345E-1
291	4.32537225E-1
389	4.32684719E-1
682	4.35249014E-1
451	4.36380135E-1
119	4.36531455E-1
997	4.37026036E-1
481	4.3815942E-1
444	4.39479219E-1
880	4.4001006E-1
200	4.41769879E-1
122	4.42461256E-1
751	4.42954587E-1
701	4.43782898E-1
483	4.44489596E-1
505	4.45782059E-1
789	4.48732661E-1
847	4.49558898E-1
478	4.50941049E-1
591	4.54064759E-1
258	4.56375025E-1
218	4.57007937E-1
829	4.57253878E-1
1005	4.57857176E-1
964	4.58232379E-1
935	4.59238581E-1
329	4.59376397E-1
715	4.59746031E-1
996	4.60868975E-1
959	4.62753783E-1
420	4.65031502E-1
640	4.67226447E-1
779	4.67723051E-1
975	4.68015663E-1
488	4.71156423E-1
320	4.71168512E-1
213	4.75149505E-1
457	4.7712006E-1
229	4.77751617E-1
425	4.8001904E-1
811	4.81212867E-1
1021	4.86345749E-1
303	4.86800895E-1
556	4.86900589E-1
379	4.87006764E-1
756	4.8793191E-1
718	4.88625272E-1
511	4.88929775E-1
271	4.91764006E-1
551	4.91868069E-1
1011	4.92070774E-1
870	4.92276425E-1
794	4.92914378E-1
766	4.96036807E-1
417	4.97718402E-1
903	5.00052865E-1
61	5.00114525E-1
516	5.0141061E-1
918	5.02648957E-1
477	5.03831612E-1
577	5.03837511E-1
40	5.04409948E-1
952	5.05250014E-1
56	5.05758196E-1
161	5.06025606E-1
160	5.07868606E-1
499	5.09777881E-1
646	5.10136028E-1
471	5.10768053E-1
22	5.11671773E-1
2	5.11880514E-1
124	5.15175065E-1
736	5.15640133E-1
536	5.16012062E-1
798	5.18609765E-1
359	5.18662773E-1
9	5.18962955E-1
909	5.19935901E-1
259	5.20389826E-1
542	5.25838633E-1
284	5.26829131E-1
834	5.27859635E-1
435	5.29462251E-1
148	5.31031888E-1
518	5.31036772E-1
950	5.32803529E-1
839	5.33799983E-1
26	5.33866413E-1
504	5.34798097E-1
89	5.3498949E-1
419	5.36659984E-1
156	5.36660207E-1
455	5.37265882E-1
490	5.37831088E-1
883	5.38013123E-1
947	5.38077528E-1
622	5.38253693E-1
726	5.39956192E-1
388	5.40814327E-1
540	5.40904287E-1
992	5.41796405E-1
294	5.43070068E-1
565	5.43922153E-1
697	5.44201638E-1
167	5.44448143E-1
636	5.46371312E-1
508	5.48791888E-1
192	5.49436068E-1
411	5.49537043E-1
68	5.50775863E-1
382	5.51567156E-1
974	5.51736906E-1
198	5.52155179E-1
50	5.52842384E-1
377	5.53202853E-1
47	5.54812562E-1
106	5.56005079E-1
982	5.59187175E-1
976	5.59289391E-1
641	5.59336302E-1
532	5.59580623E-1
459	5.60401447E-1
86	5.61052085E-1
738	5.61426185E-1
358	5.63762743E-1
614	5.6566072E-1
514	5.65832404E-1
805	5.66682128E-1
979	5.67963263E-1
325	5.68611691E-1
345	5.70115844E-1
543	5.71656602E-1
1020	5.71759549E-1
826	5.72441799E-1
338	5.74294349E-1
845	5.74419059E-1
943	5.75673636E-1
494	5.7608374E-1
147	5.76710746E-1
64	5.77053943E-1
922	5.78441837E-1
549	5.80212467E-1
598	5.80236416E-1
204	5.80307465E-1
568	5.82067436E-1
586	5.83427672E-1
92	5.83937459E-1
612	5.84268844E-1
524	5.85740736E-1
365	5.87159041E-1
394	5.87411485E-1
732	5.88792994E-1
728	5.92170721E-1
62	5.93091592E-1
134	5.95442635E-1
776	5.97471857E-1
373	5.97512747E-1
46	5.9765616E-1
210	5.98200713E-1
613	5.98358159E-1
735	6.00361435E-1
520	6.00535933E-1
151	6.00774814E-1
831	6.01156101E-1
17	6.01543811E-1
165	6.01558571E-1
523	6.05184444E-1
928	6.06080116E-1
105	6.06673794E-1
462	6.08191385E-1
126	6.0836685E-1
129	6.0862199E-1
749	6.11308541E-1
921	6.12376288E-1
561	6.14656082E-1
10	6.15863372E-1
773	6.16370794E-1
265	6.17285012E-1
915	6.17850893E-1
527	6.18886272E-1
878	6.19611721E-1
635	6.21665826E-1
226	6.21739013E-1
905	6.22223708E-1
222	6.23010803E-1
208	6.25269666E-1
747	6.26117407E-1
127	6.26423065E-1
547	6.28851384E-1
908	6.30785355E-1
157	6.31237769E-1
408	6.31888393E-1
968	6.32172252E-1
343	6.33432697E-1
493	6.33522954E-1
339	6.34613724E-1
988	6.36624761E-1
510	6.37052655E-1
945	6.38377009E-1
367	6.38732591E-1
434	6.39712793E-1
916	6.41546663E-1
81	6.42018283E-1
585	6.4265747E-1
372	6.43492895E-1
66	6.43700719E-1
764	6.44916259E-1
83	6.46578927E-1
838	6.47288948E-1
746	6.47744617E-1
1017	6.47769889E-1
589	6.48497182E-1
800	6.50228631E-1
374	6.51684271E-1
1010	6.51752206E-1
774	6.54482106E-1
340	6.56229727E-1
298	6.5644143E-1
692	6.57130011E-1
97	6.57136026E-1
35	6.58454084E-1
877	6.59270316E-1
383	6.59904628E-1
125	6.60619292E-1
571	6.60710629E-1
257	6.61051618E-1
164	6.61323766E-1
895	6.61986902E-1
587	6.62976085E-1
427	6.63496566E-1
1009	6.63657737E-1
217	6.63767954E-1
999	6.65073746E-1
441	6.66386618E-1
648	6.6659324E-1
720	6.66899126E-1
422	6.70795591E-1
87	6.71733969E-1
925	6.7193792E-1
933	6.72581221E-1
669	6.75294799E-1
621	6.77087074E-1
676	6.77633388E-1
227	6.8071209E-1
797	6.81964914E-1
793	6.83160225E-1
788	6.83658444E-1
84	6.84568215E-1
618	6.84856457E-1
852	6.85907146E-1
862	6.86405968E-1
384	6.86504207E-1
203	6.88253338E-1
617	6.89151303E-1
631	6.89995157E-1
337	6.92023987E-1
538	6.93941235E-1
228	6.95646674E-1
293	6.96787896E-1
7	6.98111903E-1
145	6.99975641E-1
548	7.00229018E-1
492	7.00639609E-1
875	7.02087838E-1
177	7.02466061E-1
163	7.02633201E-1
71	7.03676393E-1
351	7.04324653E-1
450	7.0468127E-1
356	7.05111413E-1
75	7.0536851E-1
469	7.05980277E-1
179	7.06443584E-1
468	7.07171205E-1
762	7.07365775E-1
202	7.07539496E-1
595	7.0873674E-1
991	7.09185233E-1
844	7.09505175E-1
18	7.0962216E-1
182	7.09922096E-1
830	7.10301926E-1
465	7.10653052E-1
307	7.11025391E-1
711	7.12719355E-1
432	7.13617824E-1
545	7.13725901E-1
290	7.14546678E-1
986	7.17255172E-1
601	7.18800107E-1
855	7.19168986E-1
951	7.2157909E-1
80	7.21711111E-1
712	7.2248796E-1
927	7.22504271E-1
375	7.23546074E-1
859	7.24713995E-1
594	7.25429721E-1
185	7.26262921E-1
186	7.26605753E-1
755	7.27460433E-1
247	7.27810885E-1
100	7.29050625E-1
519	7.29360721E-1
486	7.29548734E-1
88	7.29703982E-1
923	7.3006069E-1
72	7.31641351E-1
95	7.3211014E-1
722	7.32758081E-1
998	7.34410619E-1
757	7.35837227E-1
149	7.39358363E-1
942	7.40747739E-1
250	7.41568898E-1
264	7.41835288E-1
352	7.42454193E-1
43	7.43016833E-1
230	7.44049578E-1
315	7.46169947E-1
8	7.46849819E-1
639	7.47018259E-1
627	7.51795419E-1
38	7.51896237E-1
466	7.5239292E-1
777	7.52912568E-1
967	7.53507984E-1
869	7.53979598E-1
224	7.54086881E-1
703	7.54938648E-1
660	7.55384421E-1
1003	7.56232123E-1
496	7.57251993E-1
554	7.57515986E-1
431	7.58683216E-1
34	7.61744613E-1
269	7.62185557E-1
984	7.63547867E-1
664	7.64361975E-1
872	7.657359E-1
533	7.65926051E-1
1004	7.6832219E-1
30	7.69034912E-1
302	7.70557545E-1
58	7.73015963E-1
969	7.74908992E-1
941	7.75216518E-1
929	7.7740091E-1
45	7.77414021E-1
960	7.77846431E-1
201	7.78187403E-1
19	7.79922859E-1
13	7.81249641E-1
769	7.82525669E-1
730	7.82692143E-1
37	7.83665022E-1
666	7.84265855E-1
368	7.85131034E-1
31	7.85401841E-1
679	7.85757442E-1
12	7.88477183E-1
49	7.89202521E-1
143	7.91368033E-1
39	7.92425388E-1
786	7.96285652E-1
241	7.98158594E-1
416	7.98888228E-1
489	7.99990205E-1
507	8.01208238E-1
1012	8.01832311E-1
650	8.05094204E-1
717	8.05176936E-1
919	8.05198692E-1
796	8.05474652E-1
73	8.05910938E-1
675	8.06739517E-1
180	8.06929545E-1
837	8.09285179E-1
141	8.1078152E-1
907	8.11196861E-1
821	8.12559092E-1
864	8.13452269E-1
659	8.14242039E-1
552	8.15616353E-1
215	8.1671766E-1
418	8.17155486E-1
894	8.17853163E-1
667	8.18486543E-1
899	8.21758366E-1
642	8.21979808E-1
596	8.23393356E-1
588	8.26154758E-1
754	8.27772632E-1
251	8.28437776E-1
513	8.28497148E-1
280	8.30964874E-1
854	8.31083165E-1
448	8.32316602E-1
288	8.33696025E-1
318	8.35488884E-1
978	8.35618948E-1
681	8.36429102E-1
521	8.37162231E-1
162	8.39721647E-1
48	8.41689546E-1
328	8.41886979E-1
232	8.4307434E-1
25	8.44407525E-1
285	8.46355439E-1
273	8.4640512E-1
175	8.47173604E-1
304	8.48153315E-1
971	8.51816667E-1
98	8.52376722E-1
357	8.55061569E-1
456	8.55636311E-1
252	8.55750782E-1
424	8.56566125E-1
763	8.57899084E-1
680	8.58231164E-1
965	8.5949484E-1
563	8.60222969E-1
112	8.60953114E-1
772	8.6436316E-1
63	8.65199838E-1
1016	8.65866384E-1
515	8.65980495E-1
705	8.68045335E-1
476	8.68281333E-1
582	8.69034383E-1
663	8.70168544E-1
428	8.70203672E-1
889	8.70306913E-1
51	8.72798788E-1
874	8.74090847E-1
113	8.74842009E-1
426	8.76476874E-1
67	8.77600929E-1
897	8.78616873E-1
398	8.81088959E-1
958	8.81221334E-1
395	8.81342392E-1
529	8.81553012E-1
473	8.82285401E-1
904	8.83733018E-1
517	8.84320004E-1
841	8.86456443E-1
990	8.87425255E-1
453	8.8757305E-1
526	8.8792313E-1
575	8.88405639E-1
803	8.88730225E-1
323	8.90000196E-1
824	8.90481251E-1
804	8.91998224E-1
972	8.92160161E-1
768	8.92388534E-1
495	8.92956427E-1
544	8.93702866E-1
410	8.94335928E-1
761	8.94337464E-1
810	8.97096689E-1
500	8.98458088E-1
314	8.99924322E-1
197	9.00385602E-1
361	9.00898074E-1
27	9.01276771E-1
447	9.02843317E-1
498	9.02875947E-1
110	9.05900898E-1
592	9.0668758E-1
326	9.08636397E-1
707	9.09266731E-1
559	9.1181263E-1
843	9.11821976E-1
184	9.12915838E-1
246	9.1333141E-1
362	9.14014919E-1
593	9.14946352E-1
236	9.16608001E-1
605	9.17644329E-1
69	9.18386915E-1
287	9.18953109E-1
278	9.19710183E-1
633	9.20163482E-1
1013	9.20869207E-1
721	9.21791208E-1
216	9.22255643E-1
219	9.2303116E-1
795	9.23709192E-1
691	9.24178399E-1
930	9.24715167E-1
237	9.25103628E-1
57	9.25194934E-1
744	9.26551392E-1
623	9.26633572E-1
658	9.27017844E-1
673	9.29577798E-1
400	9.30445929E-1
654	9.30578814E-1
139	9.32463779E-1
695	9.32481291E-1
136	9.33412557E-1
630	9.34219004E-1
94	9.35953764E-1
169	9.38081806E-1
70	9.39849436E-1
347	9.41701477E-1
205	9.43568588E-1
472	9.44152613E-1
399	9.44516142E-1
851	9.45311422E-1
828	9.45651931E-1
176	9.46134538E-1
790	9.4741334E-1
781	9.47485594E-1
316	9.48203664E-1
279	9.49519185E-1
825	9.49943099E-1
753	9.50593461E-1
690	9.54003254E-1
985	9.55534319E-1
442	9.55621502E-1
850	9.57380291E-1
463	9.59111215E-1
154	9.59728518E-1
319	9.59753322E-1
133	9.60883732E-1
603	9.60889261E-1
364	9.63150287E-1
611	9.63414634E-1
597	9.64821636E-1
130	9.67129954E-1
248	9.67229872E-1
484	9.68299271E-1
727	9.71715262E-1
610	9.72883699E-1
214	9.73677522E-1
116	9.74011504E-1
178	9.76387133E-1
607	9.77233604E-1
813	9.77672004E-1
460	9.7850077E-1
123	9.78828228E-1
893	9.80884752E-1
415	9.82028069E-1
539	9.82697313E-1
632	9.8495543E-1
99	9.85550774E-1
759	9.88332828E-1
783	9.88616473E-1
599	9.89375622E-1
195	9.90043772E-1
174	9.90250039E-1
23	9.90318136E-1
940	9.91023947E-1
322	9.91294749E-1
994	9.91319976E-1
390	9.92867716E-1
158	9.93163008E-1
503	9.93461709E-1
181	9.95230824E-1
807	9.9600912E-1
842	9.97691437E-1
159	9.97788223E-1
173	9.97884747E-1
412	9.97888903E-1
90	9.9797024E-1
