Name	chi2Pvalue
161	1.05680755E-4
750	4.42295344E-4
104	7.72417667E-4
103	1.26960274E-3
480	1.74963093E-3
273	2.26907246E-3
55	2.595285E-3
573	2.96493347E-3
188	3.09753693E-3
959	3.60324348E-3
912	3.64239311E-3
296	5.48232308E-3
775	5.57366752E-3
661	5.9132213E-3
93	6.08108157E-3
738	8.42859316E-3
651	1.04383155E-2
12	1.06466331E-2
963	1.16054301E-2
719	1.17643454E-2
744	1.22323751E-2
945	1.31966224E-2
612	1.38395009E-2
598	1.55729047E-2
181	1.98019802E-2
861	2.0008861E-2
896	2.0061987E-2
563	2.03663171E-2
645	2.07464966E-2
589	2.1729094E-2
338	2.28436051E-2
92	2.58585292E-2
938	2.64031441E-2
812	2.8622473E-2
802	2.95936019E-2
333	2.99411434E-2
638	3.04076615E-2
894	3.16353058E-2
946	3.23696482E-2
157	3.2914186E-2
235	3.39642618E-2
904	3.42117291E-2
324	3.49421292E-2
185	3.54732796E-2
712	3.60921651E-2
269	3.63018651E-2
317	3.63461299E-2
677	3.6522706E-2
562	3.65593196E-2
479	3.66226601E-2
52	3.77873114E-2
985	3.80769933E-2
815	3.85908559E-2
917	4.02450558E-2
973	4.02977214E-2
405	4.22796928E-2
576	4.54281804E-2
20	4.76264122E-2
781	4.84459524E-2
762	4.88451841E-2
622	4.88635674E-2
326	4.92568313E-2
953	4.94159436E-2
1	5.36860377E-2
768	5.40864653E-2
979	5.44899228E-2
385	5.56568077E-2
266	5.80056258E-2
1001	5.84557275E-2
910	5.86862181E-2
755	5.96308686E-2
221	6.00147346E-2
740	6.02166618E-2
257	6.13918903E-2
787	6.16097897E-2
237	6.17646182E-2
758	6.32736816E-2
36	6.39885209E-2
514	6.44189708E-2
291	6.50182942E-2
900	6.73010871E-2
433	6.85958724E-2
275	6.92393865E-2
112	6.99760926E-2
909	7.01058262E-2
386	7.2397486E-2
609	7.25394635E-2
189	7.27973732E-2
476	7.49094564E-2
603	7.49213525E-2
952	7.50614079E-2
474	7.80925686E-2
0	7.86472002E-2
151	7.93853957E-2
517	7.94364251E-2
51	8.06023045E-2
239	8.26622604E-2
782	8.34145996E-2
616	8.37500897E-2
411	8.60588689E-2
492	8.65836951E-2
698	8.68817082E-2
994	8.75949014E-2
859	9.03145186E-2
180	9.13401061E-2
535	9.13625956E-2
330	9.1913189E-2
80	9.28700883E-2
892	9.50720387E-2
69	9.60494354E-2
875	9.66687141E-2
500	9.80617803E-2
393	9.87830358E-2
763	9.90361914E-2
61	9.97327184E-2
418	9.98053268E-2
440	9.98478527E-2
798	1.00962675E-1
28	1.02890495E-1
845	1.03807947E-1
617	1.04356026E-1
907	1.04950693E-1
650	1.05645299E-1
553	1.06442126E-1
930	1.07022186E-1
516	1.07833232E-1
804	1.0880508E-1
913	1.11222365E-1
124	1.11455561E-1
299	1.13430193E-1
764	1.14728962E-1
579	1.15178092E-1
382	1.15502792E-1
703	1.17262057E-1
838	1.18500216E-1
426	1.22583815E-1
467	1.23685571E-1
538	1.24639919E-1
883	1.24825954E-1
627	1.28044146E-1
89	1.2809039E-1
141	1.28243535E-1
658	1.28703284E-1
525	1.30764101E-1
205	1.32128613E-1
805	1.33767641E-1
837	1.34448667E-1
753	1.36396694E-1
512	1.37199564E-1
247	1.38270413E-1
470	1.38815597E-1
841	1.39661662E-1
549	1.39892526E-1
691	1.40239088E-1
597	1.43632846E-1
416	1.44773993E-1
432	1.46723449E-1
966	1.47246851E-1
902	1.47419641E-1
831	1.47882873E-1
469	1.47919022E-1
919	1.49644665E-1
218	1.50188326E-1
448	1.51762698E-1
987	1.52882587E-1
783	1.55077232E-1
975	1.55196501E-1
969	1.57704821E-1
911	1.59131029E-1
368	1.61278785E-1
76	1.61576509E-1
413	1.61801465E-1
520	1.63036224E-1
327	1.63313163E-1
100	1.63384003E-1
860	1.64509278E-1
748	1.64853885E-1
135	1.65925344E-1
981	1.66353104E-1
774	1.67664278E-1
792	1.68777657E-1
1015	1.70951097E-1
897	1.74000758E-1
99	1.75993867E-1
846	1.77837779E-1
438	1.7822342E-1
725	1.78338804E-1
679	1.79129439E-1
148	1.79663083E-1
577	1.80347946E-1
642	1.83754132E-1
702	1.84165156E-1
575	1.87239465E-1
801	1.87474051E-1
674	1.87657131E-1
396	1.88993468E-1
1010	1.89949804E-1
851	1.90157992E-1
34	1.90237261E-1
780	1.91791135E-1
171	1.94106355E-1
481	1.94498865E-1
48	1.94726368E-1
743	1.95518363E-1
962	1.96657906E-1
343	1.97690199E-1
86	1.98537212E-1
122	1.98924364E-1
154	2.00342197E-1
808	2.00703821E-1
814	2.01123511E-1
555	2.01587467E-1
41	2.03170148E-1
519	2.03212731E-1
628	2.04246208E-1
937	2.05357897E-1
499	2.06094473E-1
608	2.06327652E-1
745	2.06392027E-1
145	2.08683897E-1
424	2.09356644E-1
66	2.09852774E-1
75	2.10718479E-1
666	2.11856729E-1
876	2.12087466E-1
501	2.136415E-1
926	2.15816385E-1
431	2.16893679E-1
950	2.16949305E-1
33	2.18455762E-1
772	2.18491786E-1
121	2.19848354E-1
795	2.19849015E-1
976	2.21444998E-1
993	2.2167581E-1
310	2.21951924E-1
746	2.22766553E-1
728	2.23921149E-1
96	2.23940536E-1
429	2.25743684E-1
455	2.27695664E-1
201	2.29526703E-1
705	2.32971122E-1
436	2.33945746E-1
509	2.3457246E-1
297	2.37875161E-1
412	2.38543886E-1
689	2.38925946E-1
889	2.3930526E-1
441	2.41215737E-1
156	2.41414143E-1
870	2.43811691E-1
673	2.44175562E-1
477	2.44765739E-1
593	2.44864103E-1
676	2.46102489E-1
410	2.4704382E-1
818	2.51565321E-1
649	2.54026968E-1
377	2.54309756E-1
72	2.55876355E-1
631	2.56388824E-1
806	2.57528075E-1
322	2.6106323E-1
144	2.61307162E-1
134	2.65058033E-1
351	2.65121707E-1
998	2.66377388E-1
739	2.6700481E-1
1005	2.67705603E-1
570	2.7136904E-1
115	2.74228477E-1
45	2.74295114E-1
238	2.75335379E-1
25	2.76261548E-1
1020	2.77201123E-1
70	2.81945463E-1
90	2.82934794E-1
194	2.83190677E-1
735	2.84453764E-1
564	2.85205566E-1
828	2.89335534E-1
174	2.90850993E-1
591	2.91967559E-1
390	2.94127125E-1
586	2.94677326E-1
599	2.9551606E-1
972	2.97875417E-1
901	2.99673527E-1
558	3.00293119E-1
607	3.01123991E-1
305	3.01644094E-1
288	3.01838048E-1
949	3.02865951E-1
304	3.03068195E-1
365	3.039704E-1
290	3.04628443E-1
380	3.0526907E-1
244	3.05848915E-1
30	3.0623404E-1
38	3.0711321E-1
183	3.08094489E-1
399	3.08588204E-1
640	3.09007385E-1
840	3.0920867E-1
878	3.10527242E-1
958	3.11485267E-1
110	3.13853614E-1
778	3.13865209E-1
881	3.14889826E-1
248	3.15848595E-1
482	3.1695939E-1
258	3.17201644E-1
554	3.18542056E-1
727	3.19303155E-1
143	3.19387602E-1
489	3.20166995E-1
409	3.261767E-1
924	3.26589646E-1
169	3.26695245E-1
557	3.2693054E-1
601	3.28388438E-1
947	3.2993496E-1
457	3.29979407E-1
200	3.30612955E-1
49	3.31268548E-1
528	3.32606509E-1
211	3.34079697E-1
835	3.34928482E-1
406	3.35144538E-1
858	3.38479469E-1
619	3.39426824E-1
960	3.41242193E-1
982	3.43145968E-1
79	3.4449433E-1
242	3.45928433E-1
643	3.46840127E-1
332	3.47501659E-1
234	3.4830341E-1
366	3.52500293E-1
941	3.52862768E-1
389	3.5505858E-1
488	3.57133622E-1
961	3.58169412E-1
1012	3.58394317E-1
765	3.59249458E-1
890	3.59589762E-1
210	3.6274222E-1
559	3.63529883E-1
905	3.64458119E-1
715	3.65242095E-1
367	3.69906863E-1
374	3.70120832E-1
934	3.70134304E-1
278	3.70590862E-1
204	3.71538168E-1
718	3.72414641E-1
696	3.72523315E-1
671	3.75530239E-1
84	3.76503016E-1
22	3.77865364E-1
534	3.78761006E-1
35	3.79878132E-1
515	3.81373559E-1
751	3.81645993E-1
350	3.81648926E-1
600	3.82015156E-1
117	3.82120444E-1
978	3.84244905E-1
13	3.844126E-1
678	3.85052844E-1
102	3.85668925E-1
47	3.86053486E-1
119	3.86325464E-1
329	3.86471468E-1
334	3.88525423E-1
618	3.89108326E-1
877	3.90052249E-1
191	3.90139971E-1
395	3.92856468E-1
229	3.94375042E-1
817	3.94587667E-1
695	3.95127223E-1
184	3.97013541E-1
504	3.97446324E-1
226	3.97861405E-1
254	3.98100791E-1
652	4.0099196E-1
1021	4.02304359E-1
551	4.03041073E-1
206	4.04921491E-1
784	4.08120605E-1
866	4.08576064E-1
503	4.10559166E-1
790	4.11678781E-1
58	4.12494542E-1
624	4.12867439E-1
446	4.13188632E-1
754	4.13614165E-1
130	4.15199199E-1
422	4.15236741E-1
928	4.16065864E-1
120	4.17559498E-1
847	4.17968809E-1
997	4.19442775E-1
701	4.19448204E-1
352	4.20186255E-1
243	4.21534862E-1
101	4.23055895E-1
427	4.23417204E-1
888	4.2371959E-1
224	4.26649863E-1
342	4.27677422E-1
111	4.27740779E-1
654	4.28803737E-1
779	4.2926883E-1
292	4.30170664E-1
85	4.31338584E-1
799	4.32721727E-1
360	4.33037239E-1
639	4.33212309E-1
208	4.33370761E-1
980	4.33559818E-1
731	4.3484855E-1
473	4.35494189E-1
320	4.38257356E-1
518	4.38293913E-1
880	4.38492356E-1
578	4.38604565E-1
667	4.38845486E-1
1008	4.4073305E-1
829	4.40932862E-1
546	4.41097725E-1
544	4.41144954E-1
839	4.41600221E-1
53	4.43615517E-1
864	4.43709256E-1
458	4.44220222E-1
91	4.45428145E-1
302	4.47850877E-1
203	4.48657315E-1
769	4.50301178E-1
280	4.50436378E-1
462	4.51358523E-1
23	4.52526525E-1
734	4.53225582E-1
936	4.53834589E-1
933	4.54122336E-1
162	4.54491607E-1
741	4.54579652E-1
547	4.55247218E-1
855	4.6023136E-1
252	4.6105169E-1
287	4.62057735E-1
182	4.62452139E-1
423	4.62607963E-1
6	4.64550115E-1
716	4.65929505E-1
9	4.6618284E-1
10	4.66698947E-1
407	4.67826599E-1
373	4.68588515E-1
109	4.69700162E-1
693	4.7283665E-1
454	4.76222425E-1
60	4.76307733E-1
83	4.77457702E-1
220	4.78191854E-1
971	4.79263355E-1
331	4.81136546E-1
931	4.81344882E-1
137	4.81567192E-1
929	4.81668231E-1
635	4.82420894E-1
71	4.8431092E-1
197	4.84445786E-1
683	4.85195039E-1
992	4.85395843E-1
222	4.86780613E-1
253	4.8733324E-1
568	4.89307782E-1
39	4.89762684E-1
536	4.90585821E-1
951	4.90977926E-1
816	4.91213727E-1
312	4.92787413E-1
571	4.92815372E-1
545	4.92994487E-1
295	4.93861952E-1
285	4.94241926E-1
339	4.94882481E-1
490	4.94939653E-1
637	4.95153133E-1
147	4.95823767E-1
830	4.96033443E-1
813	4.96347217E-1
891	4.96349034E-1
832	4.97942583E-1
789	4.9858626E-1
77	4.99652232E-1
970	4.9975974E-1
648	5.01969097E-1
537	5.02536072E-1
215	5.03360907E-1
472	5.04599396E-1
363	5.04800317E-1
391	5.05238117E-1
747	5.06242895E-1
397	5.07748336E-1
630	5.07991489E-1
541	5.10184493E-1
513	5.13551986E-1
164	5.14255099E-1
596	5.14667031E-1
771	5.15334926E-1
521	5.16794923E-1
449	5.17167995E-1
659	5.17512007E-1
195	5.18024018E-1
726	5.18768228E-1
298	5.19276913E-1
983	5.20586804E-1
14	5.21156324E-1
692	5.21211645E-1
281	5.21618629E-1
128	5.21885474E-1
3	5.22637625E-1
903	5.24476693E-1
785	5.24899377E-1
999	5.25259186E-1
647	5.26680943E-1
428	5.29503756E-1
88	5.31439824E-1
916	5.31491499E-1
776	5.31691717E-1
447	5.32156094E-1
400	5.34660842E-1
849	5.36331982E-1
8	5.38617514E-1
16	5.39379207E-1
914	5.39443075E-1
357	5.39689183E-1
989	5.42110352E-1
44	5.43121534E-1
886	5.43147477E-1
657	5.4362473E-1
773	5.44770359E-1
569	5.45386663E-1
486	5.46252406E-1
668	5.46690236E-1
228	5.47528489E-1
863	5.48269597E-1
173	5.48617985E-1
540	5.5009147E-1
323	5.50747789E-1
383	5.51362427E-1
700	5.51835273E-1
699	5.52776026E-1
125	5.52800916E-1
74	5.53741684E-1
665	5.53827172E-1
977	5.56290038E-1
857	5.56527061E-1
927	5.57081003E-1
240	5.5794687E-1
17	5.59434539E-1
793	5.59575127E-1
717	5.60320931E-1
1009	5.61818771E-1
485	5.62296389E-1
265	5.65442723E-1
178	5.66050933E-1
160	5.66454647E-1
606	5.67644639E-1
271	5.68130693E-1
443	5.71951666E-1
496	5.72404329E-1
362	5.73280768E-1
475	5.75056967E-1
732	5.75109602E-1
372	5.75669133E-1
401	5.75976574E-1
187	5.76216004E-1
788	5.78581462E-1
965	5.78730906E-1
18	5.80327358E-1
167	5.80619685E-1
1013	5.81464251E-1
113	5.83108153E-1
114	5.83859345E-1
463	5.84211186E-1
359	5.85628876E-1
825	5.85693674E-1
820	5.8577005E-1
530	5.85809046E-1
737	5.86189782E-1
376	5.86532763E-1
882	5.866354E-1
684	5.86672784E-1
524	5.8818861E-1
625	5.89035515E-1
316	5.89795717E-1
262	5.90532394E-1
435	5.91643805E-1
854	5.91788487E-1
451	5.93153864E-1
523	5.94015087E-1
885	5.96348116E-1
662	5.98948183E-1
986	5.99681937E-1
57	5.99684644E-1
293	6.0026219E-1
646	6.00594539E-1
452	6.00788295E-1
81	6.02064462E-1
843	6.0230282E-1
170	6.04621243E-1
704	6.06161489E-1
73	6.06796309E-1
550	6.06824658E-1
1006	6.08676895E-1
491	6.09637212E-1
398	6.10449121E-1
131	6.10469522E-1
708	6.10612485E-1
757	6.10976731E-1
494	6.17370846E-1
552	6.17654104E-1
354	6.17723474E-1
267	6.18582766E-1
250	6.18766518E-1
626	6.18776771E-1
723	6.19217875E-1
770	6.19613195E-1
43	6.19658243E-1
140	6.19829527E-1
722	6.21110515E-1
478	6.21238021E-1
68	6.21987647E-1
730	6.2223724E-1
786	6.22363304E-1
225	6.22774069E-1
898	6.2299664E-1
274	6.2387565E-1
5	6.24924179E-1
539	6.25536061E-1
824	6.25727218E-1
663	6.27606438E-1
264	6.28927467E-1
419	6.30952686E-1
344	6.31251714E-1
1003	6.31654694E-1
584	6.32493178E-1
713	6.34264724E-1
59	6.3549466E-1
531	6.35660226E-1
403	6.35712065E-1
223	6.38131853E-1
284	6.38385151E-1
797	6.40601836E-1
450	6.42082557E-1
190	6.42888747E-1
132	6.43123828E-1
105	6.46202413E-1
172	6.47665261E-1
1004	6.49715696E-1
868	6.4979024E-1
466	6.51992874E-1
803	6.52419513E-1
533	6.53165525E-1
270	6.53381194E-1
415	6.55025121E-1
587	6.55449011E-1
420	6.55965929E-1
227	6.55995793E-1
341	6.56740123E-1
340	6.57233242E-1
425	6.57294966E-1
1000	6.60747447E-1
430	6.61200096E-1
118	6.61917542E-1
212	6.62617831E-1
942	6.63225485E-1
94	6.63616546E-1
127	6.64192914E-1
844	6.64750144E-1
98	6.68420674E-1
375	6.6868762E-1
899	6.69675628E-1
421	6.69937578E-1
707	6.71022283E-1
27	6.71357541E-1
988	6.71440502E-1
682	6.72582017E-1
766	6.73444038E-1
720	6.73511613E-1
497	6.73916802E-1
345	6.77754392E-1
442	6.78422353E-1
580	6.79570911E-1
54	6.79787926E-1
163	6.81408178E-1
468	6.81519267E-1
873	6.82890234E-1
1023	6.85255504E-1
358	6.86657018E-1
276	6.88487722E-1
123	6.9364836E-1
865	6.9461243E-1
566	6.96199454E-1
510	6.96336596E-1
213	6.96391255E-1
176	6.96667558E-1
879	6.98030667E-1
196	6.99347711E-1
325	7.01915048E-1
542	7.02478476E-1
621	7.02656772E-1
644	7.03180957E-1
967	7.04353933E-1
313	7.05107958E-1
954	7.06171293E-1
660	7.08227441E-1
165	7.09795312E-1
526	7.10164514E-1
392	7.10592597E-1
610	7.10764281E-1
241	7.11196481E-1
50	7.14719162E-1
690	7.16340032E-1
636	7.18564685E-1
611	7.1947322E-1
186	7.20315081E-1
308	7.2035973E-1
749	7.23827789E-1
686	7.24061663E-1
456	7.24285537E-1
236	7.24797628E-1
893	7.24814878E-1
581	7.25192032E-1
602	7.26321999E-1
990	7.2754748E-1
7	7.28639685E-1
827	7.30950727E-1
136	7.31117819E-1
623	7.32365549E-1
2	7.3549885E-1
379	7.36512599E-1
956	7.38255953E-1
709	7.39774896E-1
964	7.40040759E-1
408	7.40191559E-1
40	7.40520375E-1
548	7.43116936E-1
364	7.43694318E-1
620	7.45248394E-1
65	7.48133481E-1
192	7.48343412E-1
207	7.48745195E-1
957	7.50987774E-1
664	7.5362652E-1
729	7.54230742E-1
908	7.54281224E-1
142	7.5502798E-1
675	7.55834757E-1
108	7.60593362E-1
925	7.65138502E-1
1011	7.65332413E-1
634	7.65884185E-1
230	7.66521276E-1
453	7.67620706E-1
777	7.67652733E-1
856	7.68754413E-1
869	7.68939371E-1
219	7.70611673E-1
133	7.71044394E-1
361	7.7354207E-1
706	7.74230256E-1
255	7.74784379E-1
848	7.75561826E-1
256	7.75674607E-1
138	7.76630986E-1
107	7.77019799E-1
318	7.77304976E-1
853	7.77355952E-1
356	7.78295359E-1
279	7.79231268E-1
337	7.80629262E-1
129	7.81078868E-1
867	7.81498293E-1
836	7.81729315E-1
319	7.82967156E-1
353	7.84227809E-1
498	7.84312981E-1
511	7.86545025E-1
19	7.87321682E-1
529	7.89430447E-1
1007	7.89813382E-1
459	7.90642721E-1
404	7.9162743E-1
811	7.93292018E-1
681	7.93725568E-1
574	7.9467484E-1
62	7.95594281E-1
583	7.95711658E-1
301	7.96344981E-1
794	7.9753422E-1
179	7.97569713E-1
493	7.97853978E-1
461	7.98533388E-1
303	7.99272711E-1
1002	7.99273064E-1
807	7.99693788E-1
791	8.0025206E-1
347	8.00432688E-1
834	8.00810576E-1
887	8.01622047E-1
387	8.02810098E-1
565	8.03160457E-1
263	8.03950524E-1
355	8.04536844E-1
614	8.04593229E-1
615	8.05455458E-1
633	8.05719507E-1
1017	8.08137298E-1
527	8.09126259E-1
561	8.09631649E-1
56	8.1198275E-1
592	8.12070423E-1
923	8.12473597E-1
714	8.1307284E-1
371	8.14188821E-1
246	8.14819712E-1
556	8.14912346E-1
823	8.14972431E-1
15	8.15901442E-1
613	8.16696934E-1
1014	8.17358332E-1
767	8.19388751E-1
543	8.19821674E-1
629	8.21399331E-1
168	8.22316819E-1
819	8.22352266E-1
697	8.23128612E-1
800	8.23728241E-1
95	8.24959256E-1
4	8.25216794E-1
249	8.25367658E-1
495	8.26639436E-1
64	8.27676372E-1
694	8.30552281E-1
809	8.30792373E-1
483	8.32839402E-1
260	8.39157671E-1
245	8.39183553E-1
214	8.39589957E-1
670	8.40036094E-1
940	8.40712901E-1
991	8.40764202E-1
444	8.41201913E-1
688	8.41780165E-1
21	8.42748723E-1
159	8.44673829E-1
106	8.45089859E-1
1022	8.4647867E-1
810	8.46489579E-1
733	8.4733497E-1
306	8.4740133E-1
502	8.4808627E-1
149	8.49534504E-1
760	8.50630589E-1
796	8.51670163E-1
852	8.52589771E-1
1019	8.53682734E-1
381	8.55422717E-1
294	8.55729195E-1
32	8.57213147E-1
335	8.57830386E-1
826	8.5885025E-1
761	8.60610028E-1
653	8.61059543E-1
742	8.6171099E-1
842	8.63448677E-1
1016	8.64630029E-1
166	8.65030941E-1
309	8.65217156E-1
268	8.65863272E-1
508	8.66252019E-1
995	8.6660365E-1
996	8.66918325E-1
289	8.68917287E-1
465	8.70673384E-1
874	8.71498627E-1
759	8.71501729E-1
348	8.71791683E-1
232	8.73127642E-1
193	8.7318174E-1
921	8.74577202E-1
437	8.75577802E-1
78	8.75881647E-1
505	8.80192783E-1
209	8.8152665E-1
31	8.81549346E-1
216	8.82033076E-1
11	8.83639573E-1
46	8.84475454E-1
487	8.85161708E-1
153	8.86058745E-1
67	8.86329613E-1
655	8.88239654E-1
460	8.89421391E-1
884	8.89614887E-1
507	8.92644136E-1
968	8.93492729E-1
177	8.93720145E-1
604	8.94138248E-1
687	8.94512764E-1
217	8.95040692E-1
434	8.97164282E-1
711	8.97281699E-1
932	8.99141E-1
311	9.00194269E-1
756	9.01206476E-1
833	9.01223905E-1
567	9.02362805E-1
139	9.04813089E-1
915	9.05183582E-1
286	9.05282652E-1
605	9.07392843E-1
1018	9.081499E-1
261	9.0824256E-1
582	9.08904692E-1
680	9.09084394E-1
336	9.0985264E-1
710	9.12353187E-1
87	9.12632809E-1
402	9.15052617E-1
259	9.1735131E-1
63	9.17540051E-1
588	9.18653029E-1
384	9.19787045E-1
948	9.20316839E-1
370	9.20777964E-1
231	9.21921356E-1
484	9.23918825E-1
906	9.24200301E-1
346	9.24648996E-1
199	9.24699584E-1
314	9.26011177E-1
152	9.26649475E-1
822	9.29310167E-1
522	9.31297623E-1
850	9.31477333E-1
251	9.31546114E-1
414	9.31789417E-1
37	9.32411255E-1
315	9.35188898E-1
944	9.35221448E-1
150	9.36282401E-1
532	9.36917242E-1
175	9.39568876E-1
672	9.39963177E-1
116	9.40004072E-1
328	9.40836787E-1
943	9.40852876E-1
560	9.41014763E-1
158	9.41451821E-1
685	9.44885925E-1
974	9.46530166E-1
321	9.49173341E-1
233	9.49651757E-1
26	9.50073977E-1
595	9.51649425E-1
935	9.55895499E-1
439	9.57297892E-1
42	9.57759615E-1
939	9.5776338E-1
24	9.64226567E-1
202	9.64363536E-1
198	9.66374715E-1
82	9.66476048E-1
752	9.67211668E-1
506	9.68146751E-1
984	9.68302145E-1
821	9.68819711E-1
862	9.69222104E-1
417	9.72295433E-1
721	9.7231458E-1
307	9.74740137E-1
918	9.7554767E-1
277	9.75908572E-1
146	9.75946842E-1
572	9.78532007E-1
641	9.78987539E-1
349	9.800674E-1
871	9.80165304E-1
378	9.81178735E-1
872	9.81296501E-1
394	9.83222358E-1
955	9.84443674E-1
594	9.84565327E-1
282	9.85465692E-1
585	9.8622377E-1
464	9.88028188E-1
300	9.89309914E-1
126	9.89358842E-1
895	9.89762621E-1
632	9.90641918E-1
724	9.91277469E-1
669	9.91446591E-1
388	9.91493662E-1
272	9.92887361E-1
97	9.93100801E-1
445	9.9563867E-1
155	9.95727444E-1
471	9.97181101E-1
656	9.98988602E-1
29	9.99050812E-1
922	9.99232002E-1
736	9.99630114E-1
