Name	chi2Pvalue
946	9.4786626E-5
396	6.23118423E-4
41	6.6813948E-4
740	9.80166449E-4
75	2.26483794E-3
552	2.69951286E-3
894	4.7728919E-3
55	5.84192338E-3
300	6.79888025E-3
43	6.94914739E-3
922	9.06028772E-3
829	1.0357097E-2
928	1.07627482E-2
698	1.32432636E-2
706	1.3499571E-2
823	1.41309033E-2
924	1.72746624E-2
30	1.78602207E-2
992	2.03050431E-2
610	2.19303996E-2
625	2.32672801E-2
508	2.34850941E-2
778	2.41988118E-2
939	2.4851741E-2
879	2.50316364E-2
637	2.56640841E-2
48	2.6711846E-2
519	2.69893014E-2
317	2.70920677E-2
538	2.72971863E-2
198	2.76257649E-2
224	2.81429483E-2
474	2.81765553E-2
546	2.82795641E-2
104	2.86287255E-2
57	2.89607542E-2
676	2.99311211E-2
413	3.27786302E-2
540	3.55267078E-2
59	3.64368511E-2
238	3.67326087E-2
890	3.68942539E-2
257	3.71764695E-2
958	3.84351251E-2
260	3.90911586E-2
416	3.92541904E-2
186	4.0986545E-2
858	4.31908906E-2
689	4.37225449E-2
533	4.53232269E-2
882	4.74575108E-2
744	4.80672064E-2
764	4.90504229E-2
74	5.03611588E-2
592	5.37115961E-2
87	5.39767669E-2
374	5.45656025E-2
79	5.66431161E-2
616	5.77036877E-2
960	5.84266183E-2
705	6.18255356E-2
807	6.31245316E-2
201	6.32677358E-2
566	6.43554764E-2
29	6.49452266E-2
650	6.50947834E-2
522	6.6563992E-2
718	6.77578677E-2
529	6.9045235E-2
103	6.94732907E-2
170	7.22945853E-2
461	7.31658551E-2
583	7.45110465E-2
876	7.48154852E-2
327	7.48675579E-2
745	7.71933142E-2
17	7.75654156E-2
254	7.77915595E-2
983	7.96439223E-2
861	8.10053551E-2
436	8.22809272E-2
343	8.34632347E-2
735	8.50402961E-2
324	8.66258522E-2
472	8.67159947E-2
459	8.72021034E-2
82	8.74903362E-2
802	8.79113101E-2
777	8.82048825E-2
1001	8.96127575E-2
542	9.06713958E-2
231	9.08868517E-2
411	9.09456643E-2
601	9.24951447E-2
981	9.33948232E-2
418	9.52483487E-2
985	9.62531633E-2
456	9.69772475E-2
12	9.80125767E-2
980	9.81463875E-2
1007	9.87135177E-2
525	1.00062357E-1
452	1.00491384E-1
622	1.00892972E-1
393	1.01449245E-1
512	1.02623852E-1
114	1.03363371E-1
481	1.04596217E-1
314	1.04843179E-1
207	1.06664881E-1
275	1.08313247E-1
245	1.09659551E-1
905	1.09997629E-1
917	1.11328631E-1
467	1.12536853E-1
951	1.12583603E-1
51	1.12662832E-1
499	1.13820236E-1
677	1.16007987E-1
856	1.16457233E-1
7	1.1721561E-1
206	1.17528698E-1
728	1.19869706E-1
173	1.21613265E-1
995	1.22481922E-1
460	1.23432954E-1
246	1.24734217E-1
433	1.25399537E-1
878	1.25826654E-1
270	1.27537617E-1
5	1.29057159E-1
584	1.29246053E-1
914	1.32579476E-1
117	1.32613441E-1
769	1.34836245E-1
193	1.36647183E-1
847	1.39569842E-1
291	1.40005519E-1
301	1.40937579E-1
3	1.4180433E-1
142	1.43099436E-1
399	1.4818553E-1
269	1.49845549E-1
339	1.50421139E-1
377	1.52357051E-1
289	1.54900395E-1
392	1.56456633E-1
782	1.57156333E-1
407	1.58323335E-1
527	1.62982907E-1
159	1.63197566E-1
353	1.63420155E-1
307	1.63649422E-1
530	1.65768171E-1
157	1.6759699E-1
119	1.67634038E-1
760	1.68017109E-1
292	1.68122423E-1
54	1.69133195E-1
1008	1.70274631E-1
56	1.70541942E-1
617	1.70627955E-1
107	1.70972174E-1
954	1.71596011E-1
424	1.73610249E-1
219	1.7509466E-1
787	1.75461509E-1
780	1.75636742E-1
191	1.76085823E-1
719	1.76570043E-1
912	1.82055462E-1
996	1.82436929E-1
495	1.82651646E-1
656	1.82672595E-1
929	1.8274096E-1
212	1.83523531E-1
697	1.84252475E-1
932	1.84520639E-1
560	1.8483403E-1
431	1.85053422E-1
302	1.85244206E-1
380	1.85890236E-1
586	1.86833383E-1
567	1.87190153E-1
510	1.89434577E-1
955	1.91280262E-1
1009	1.91472528E-1
682	1.91852326E-1
473	1.91885486E-1
664	1.94116537E-1
685	1.96688843E-1
775	1.99797057E-1
868	2.00310382E-1
181	2.00401079E-1
812	2.0058294E-1
222	2.00605782E-1
806	2.02497451E-1
516	2.03074552E-1
494	2.03174876E-1
766	2.03678792E-1
638	2.040327E-1
371	2.04780543E-1
730	2.05424372E-1
765	2.05448443E-1
641	2.07017216E-1
907	2.07897826E-1
294	2.10515061E-1
805	2.1101458E-1
860	2.12608103E-1
561	2.13600936E-1
91	2.1368784E-1
553	2.14454829E-1
727	2.16589008E-1
233	2.17013548E-1
20	2.17048171E-1
738	2.1719861E-1
854	2.17872532E-1
833	2.18056584E-1
548	2.18328637E-1
385	2.20735164E-1
45	2.21100964E-1
577	2.21266524E-1
784	2.21488934E-1
49	2.22193445E-1
394	2.25613076E-1
14	2.25722878E-1
935	2.25812725E-1
98	2.26116732E-1
721	2.26667257E-1
347	2.27378333E-1
919	2.2792404E-1
825	2.29052238E-1
451	2.31339255E-1
76	2.32155346E-1
832	2.33289975E-1
340	2.33845974E-1
599	2.37916516E-1
338	2.37976374E-1
613	2.39172016E-1
631	2.39229654E-1
547	2.41225297E-1
165	2.41675436E-1
791	2.41718186E-1
475	2.41829625E-1
8	2.42332832E-1
892	2.44278489E-1
614	2.44845244E-1
225	2.44865516E-1
429	2.45970454E-1
669	2.46261669E-1
582	2.48201305E-1
731	2.48292974E-1
115	2.48654075E-1
295	2.49623457E-1
604	2.51060909E-1
92	2.55968275E-1
166	2.56243707E-1
904	2.56684052E-1
603	2.57110259E-1
147	2.59555974E-1
320	2.60608282E-1
746	2.62249068E-1
239	2.62761384E-1
391	2.62949326E-1
122	2.63487727E-1
296	2.63672498E-1
321	2.65003586E-1
702	2.65961107E-1
811	2.66779747E-1
352	2.68673873E-1
514	2.68698973E-1
695	2.68738538E-1
333	2.7066964E-1
376	2.71003426E-1
836	2.71287581E-1
242	2.72348008E-1
390	2.72719253E-1
619	2.72933074E-1
715	2.7383731E-1
521	2.74570604E-1
457	2.74888587E-1
303	2.75210405E-1
180	2.75452961E-1
925	2.75943626E-1
651	2.76449502E-1
908	2.76912535E-1
725	2.78995023E-1
888	2.8003897E-1
541	2.87283361E-1
255	2.87993387E-1
205	2.88162893E-1
944	2.89572203E-1
845	2.89590753E-1
699	2.89778317E-1
262	2.90103097E-1
271	2.91970735E-1
134	2.9339057E-1
266	2.99040203E-1
796	3.00310921E-1
612	3.00370239E-1
415	3.02877838E-1
21	3.03496708E-1
607	3.04265505E-1
652	3.04495897E-1
772	3.05036982E-1
192	3.05285837E-1
1006	3.06781856E-1
565	3.08616622E-1
278	3.09778359E-1
828	3.10153682E-1
62	3.10729127E-1
940	3.10950194E-1
899	3.11369353E-1
750	3.12404271E-1
89	3.14075917E-1
330	3.14808263E-1
767	3.16591968E-1
177	3.17216476E-1
646	3.20433605E-1
306	3.21164924E-1
69	3.21580661E-1
551	3.2179053E-1
968	3.22976646E-1
389	3.23059598E-1
683	3.23812168E-1
648	3.23917733E-1
401	3.25825775E-1
680	3.2731631E-1
0	3.30290907E-1
400	3.35430519E-1
963	3.36957051E-1
13	3.38988788E-1
44	3.39347807E-1
58	3.40535371E-1
557	3.40874844E-1
432	3.42197177E-1
931	3.43107674E-1
361	3.45392707E-1
628	3.46141537E-1
397	3.468141E-1
402	3.48194012E-1
517	3.49344111E-1
488	3.50001351E-1
716	3.51026993E-1
187	3.5205766E-1
194	3.53528099E-1
204	3.54868874E-1
250	3.55784085E-1
700	3.56758086E-1
545	3.57069697E-1
211	3.58099165E-1
453	3.58933151E-1
28	3.59099178E-1
267	3.59430113E-1
379	3.59999715E-1
221	3.61288576E-1
679	3.62955909E-1
543	3.64283389E-1
273	3.64345616E-1
581	3.68514744E-1
113	3.68805418E-1
686	3.69551751E-1
763	3.71152034E-1
128	3.71904573E-1
518	3.72470457E-1
911	3.73178775E-1
349	3.73218811E-1
568	3.73572273E-1
435	3.74173843E-1
579	3.74304922E-1
658	3.74396257E-1
408	3.74564042E-1
865	3.77937071E-1
781	3.78335975E-1
573	3.78487194E-1
227	3.79844385E-1
875	3.79968507E-1
678	3.80763743E-1
86	3.81716444E-1
671	3.82765759E-1
891	3.82808598E-1
734	3.83189751E-1
759	3.83243833E-1
979	3.84037317E-1
428	3.84251471E-1
959	3.85433429E-1
326	3.85488713E-1
902	3.86309379E-1
962	3.86314817E-1
383	3.86444298E-1
942	3.87709327E-1
953	3.88730365E-1
93	3.90960833E-1
25	3.92206624E-1
712	3.92405842E-1
249	3.92562934E-1
788	3.94802357E-1
756	3.95919033E-1
218	3.95946293E-1
1015	3.96047794E-1
609	3.96276024E-1
895	3.9754684E-1
316	3.98268593E-1
643	3.98741429E-1
196	3.99032961E-1
618	3.99639991E-1
755	4.00725708E-1
874	4.01879393E-1
634	4.03117002E-1
162	4.05630704E-1
966	4.0596977E-1
910	4.06308422E-1
332	4.06331425E-1
27	4.06369062E-1
110	4.07021402E-1
921	4.07249923E-1
870	4.08529797E-1
1017	4.09040067E-1
67	4.09409581E-1
497	4.0946184E-1
373	4.10028019E-1
334	4.11108321E-1
667	4.11213372E-1
783	4.1131947E-1
555	4.15795229E-1
692	4.18174755E-1
297	4.18281708E-1
602	4.19650309E-1
999	4.21686975E-1
414	4.22407152E-1
989	4.236824E-1
817	4.24543107E-1
768	4.25101364E-1
799	4.25161157E-1
360	4.26744386E-1
707	4.31088734E-1
479	4.31361755E-1
189	4.33177656E-1
688	4.34670231E-1
288	4.34750002E-1
329	4.42070571E-1
526	4.42548193E-1
841	4.43630168E-1
964	4.45394186E-1
60	4.45493793E-1
906	4.47156307E-1
887	4.47670766E-1
445	4.4787571E-1
855	4.4869768E-1
304	4.50535825E-1
4	4.50674819E-1
223	4.5198653E-1
994	4.522549E-1
100	4.5255636E-1
901	4.52584394E-1
785	4.5488567E-1
490	4.55055529E-1
627	4.5546398E-1
357	4.55969666E-1
36	4.56301344E-1
571	4.60363984E-1
344	4.63039294E-1
308	4.63586757E-1
539	4.64994025E-1
150	4.66615812E-1
550	4.69799342E-1
826	4.69932622E-1
22	4.70327186E-1
468	4.71095876E-1
544	4.72077751E-1
169	4.74239609E-1
531	4.74748291E-1
820	4.75454569E-1
70	4.75475897E-1
839	4.76054904E-1
794	4.76731266E-1
482	4.76905424E-1
971	4.77507644E-1
151	4.77868886E-1
2	4.78157238E-1
464	4.78867883E-1
284	4.78935746E-1
220	4.78945663E-1
276	4.80229844E-1
633	4.8050329E-1
595	4.81346835E-1
850	4.82230175E-1
53	4.82891496E-1
94	4.83733749E-1
974	4.84878736E-1
184	4.85923323E-1
975	4.87360852E-1
156	4.87806585E-1
293	4.88057391E-1
423	4.8876288E-1
259	4.89454395E-1
463	4.8961184E-1
569	4.91659848E-1
1020	4.92162084E-1
881	4.92192044E-1
937	4.92364595E-1
1012	4.92572275E-1
35	4.93659943E-1
853	4.93955429E-1
558	4.95187208E-1
639	4.95846839E-1
470	4.96979574E-1
748	4.97462672E-1
143	4.97684643E-1
244	4.98678387E-1
282	4.98906523E-1
476	4.99743351E-1
154	5.0016926E-1
230	5.01544039E-1
793	5.04297103E-1
503	5.06202227E-1
585	5.0692616E-1
210	5.07078083E-1
434	5.09096235E-1
311	5.09460002E-1
486	5.10754136E-1
106	5.11200432E-1
774	5.11417648E-1
24	5.11485565E-1
83	5.11488926E-1
127	5.12031063E-1
319	5.12345363E-1
258	5.15288287E-1
813	5.1731632E-1
454	5.17778005E-1
427	5.18618099E-1
950	5.18985974E-1
653	5.20137258E-1
1011	5.24826641E-1
575	5.27007871E-1
175	5.2859334E-1
489	5.29566347E-1
852	5.29575177E-1
808	5.2972193E-1
873	5.29971089E-1
287	5.30021068E-1
277	5.30221437E-1
129	5.30358124E-1
372	5.33132433E-1
328	5.33607289E-1
593	5.34085654E-1
34	5.34448112E-1
722	5.40176317E-1
72	5.40319481E-1
10	5.40676563E-1
792	5.41941335E-1
961	5.42145512E-1
534	5.42411235E-1
337	5.4255261E-1
403	5.45045574E-1
600	5.45141795E-1
465	5.45800853E-1
662	5.47230704E-1
19	5.50343323E-1
174	5.50809088E-1
642	5.50929622E-1
754	5.51176759E-1
313	5.52295634E-1
589	5.52364777E-1
1000	5.53439491E-1
161	5.53850157E-1
827	5.55917382E-1
747	5.61820349E-1
18	5.63167643E-1
635	5.66173111E-1
649	5.66578977E-1
976	5.67509579E-1
838	5.69312718E-1
562	5.71499136E-1
714	5.71990836E-1
179	5.73217127E-1
640	5.73221904E-1
208	5.73549941E-1
229	5.74137053E-1
450	5.74853681E-1
801	5.75138429E-1
687	5.76046646E-1
183	5.76146753E-1
729	5.77345965E-1
358	5.77771814E-1
139	5.78304076E-1
38	5.79328104E-1
120	5.83710068E-1
837	5.8431643E-1
6	5.84765497E-1
840	5.85735842E-1
965	5.86124921E-1
425	5.862472E-1
1	5.86342421E-1
68	5.86979078E-1
155	5.87722963E-1
440	5.87821031E-1
359	5.89047332E-1
213	5.90042994E-1
124	5.91034503E-1
112	5.94445334E-1
742	5.94524777E-1
591	5.94952992E-1
969	5.96168821E-1
84	5.96618718E-1
443	5.96945474E-1
441	5.97647484E-1
733	5.98867904E-1
335	5.99114239E-1
849	5.99559524E-1
711	6.01341216E-1
709	6.05125386E-1
588	6.05888961E-1
355	6.0644772E-1
758	6.08681795E-1
900	6.11090775E-1
673	6.11160188E-1
240	6.11778995E-1
310	6.12135278E-1
216	6.12771766E-1
535	6.13579241E-1
672	6.15011845E-1
63	6.16341136E-1
37	6.17065775E-1
797	6.17205021E-1
168	6.1738837E-1
903	6.18529499E-1
23	6.19288366E-1
629	6.19614232E-1
795	6.20191041E-1
866	6.20342922E-1
331	6.20569886E-1
362	6.21290939E-1
554	6.21815117E-1
800	6.23635939E-1
268	6.24576149E-1
493	6.24875985E-1
47	6.26071342E-1
970	6.2660195E-1
498	6.309808E-1
885	6.31696915E-1
446	6.32786261E-1
236	6.33154705E-1
815	6.34297918E-1
478	6.34916708E-1
492	6.35007359E-1
384	6.3543247E-1
743	6.35714922E-1
803	6.38506907E-1
305	6.40020459E-1
834	6.41442055E-1
88	6.43196965E-1
789	6.44240899E-1
594	6.46192463E-1
241	6.46828787E-1
350	6.50836017E-1
405	6.50928738E-1
973	6.51355535E-1
279	6.51764835E-1
843	6.52633964E-1
867	6.53413148E-1
164	6.54762647E-1
101	6.55876751E-1
426	6.55924018E-1
773	6.56556838E-1
513	6.56691416E-1
491	6.58155798E-1
864	6.58605487E-1
934	6.60722044E-1
818	6.60871162E-1
354	6.612959E-1
916	6.62237991E-1
81	6.63562805E-1
235	6.63984344E-1
574	6.64016413E-1
720	6.65267994E-1
125	6.65426205E-1
986	6.67260884E-1
252	6.67317832E-1
345	6.685815E-1
500	6.68602988E-1
39	6.69177565E-1
309	6.70260792E-1
449	6.71070932E-1
749	6.71856331E-1
751	6.72446954E-1
655	6.72558394E-1
203	6.7429731E-1
140	6.74402898E-1
762	6.7452817E-1
439	6.76730392E-1
913	6.78925606E-1
988	6.78983796E-1
814	6.79150678E-1
977	6.80647954E-1
636	6.82427366E-1
421	6.82863604E-1
644	6.84392504E-1
171	6.84463008E-1
563	6.85064356E-1
844	6.85685104E-1
739	6.87006661E-1
598	6.87076013E-1
315	6.88672337E-1
130	6.89538491E-1
290	6.91128112E-1
515	6.92314814E-1
409	6.94109178E-1
821	6.9464659E-1
736	6.97948766E-1
696	7.00649066E-1
684	7.02375145E-1
710	7.04182313E-1
318	7.0427849E-1
952	7.04925251E-1
978	7.05678023E-1
484	7.05974994E-1
626	7.06106079E-1
1003	7.08409883E-1
520	7.09410231E-1
265	7.09869294E-1
382	7.10025004E-1
645	7.10967289E-1
528	7.11458E-1
363	7.1166494E-1
370	7.12040778E-1
336	7.13324789E-1
703	7.1353904E-1
957	7.14460152E-1
121	7.15779357E-1
654	7.16313755E-1
691	7.18079954E-1
883	7.18562655E-1
632	7.18894606E-1
323	7.19545489E-1
90	7.19807067E-1
741	7.20262334E-1
770	7.22037774E-1
681	7.23546698E-1
1013	7.25277349E-1
46	7.25434055E-1
158	7.25986109E-1
724	7.26163245E-1
286	7.26383419E-1
9	7.28949074E-1
163	7.3112108E-1
1016	7.33212442E-1
670	7.33386335E-1
15	7.33760423E-1
73	7.39182471E-1
346	7.39907013E-1
172	7.41604201E-1
982	7.44377159E-1
209	7.45760257E-1
987	7.45887825E-1
234	7.47365082E-1
570	7.48431418E-1
1005	7.48862116E-1
419	7.50612636E-1
406	7.51310911E-1
620	7.53170177E-1
263	7.54200163E-1
395	7.54645601E-1
152	7.54911905E-1
897	7.55105677E-1
65	7.55565873E-1
608	7.57467722E-1
33	7.60734243E-1
993	7.61084833E-1
809	7.63251137E-1
381	7.63586887E-1
144	7.63606916E-1
871	7.63716712E-1
1014	7.63985893E-1
713	7.64901486E-1
71	7.65339663E-1
704	7.65994684E-1
367	7.66152766E-1
188	7.67568842E-1
182	7.67769623E-1
605	7.68390111E-1
261	7.68427236E-1
135	7.68898503E-1
506	7.69461302E-1
537	7.71195249E-1
95	7.7454551E-1
281	7.74699058E-1
199	7.77354206E-1
280	7.77563318E-1
647	7.79403959E-1
366	7.79493895E-1
657	7.79965719E-1
487	7.8006007E-1
945	7.80176657E-1
123	7.80436337E-1
217	7.8081675E-1
109	7.82864256E-1
909	7.83823005E-1
597	7.84038895E-1
972	7.84510515E-1
116	7.87087957E-1
990	7.87179538E-1
761	7.88635913E-1
923	7.90866373E-1
448	7.91463714E-1
757	7.92211843E-1
438	7.93996137E-1
717	7.94185514E-1
502	7.94930089E-1
442	7.9558096E-1
146	7.9590196E-1
458	7.96300019E-1
274	7.96373515E-1
202	7.97014901E-1
798	7.97585016E-1
771	7.98330218E-1
804	8.00446704E-1
253	8.00660494E-1
621	8.00794182E-1
997	8.02712961E-1
356	8.02873437E-1
264	8.04292177E-1
675	8.04821212E-1
228	8.10350987E-1
466	8.12175456E-1
11	8.13462638E-1
776	8.18965588E-1
956	8.19304607E-1
665	8.21970964E-1
248	8.21984675E-1
753	8.22767903E-1
197	8.24126259E-1
66	8.24324691E-1
630	8.24987738E-1
375	8.25816323E-1
178	8.26417374E-1
948	8.2700635E-1
341	8.27424905E-1
532	8.27499563E-1
272	8.27878768E-1
214	8.31469536E-1
576	8.32294104E-1
930	8.34646548E-1
779	8.38462253E-1
145	8.38794795E-1
412	8.40015747E-1
896	8.41259694E-1
501	8.42455709E-1
559	8.42899161E-1
61	8.44666971E-1
596	8.45350503E-1
417	8.4545464E-1
285	8.45993424E-1
78	8.4890032E-1
148	8.49827468E-1
50	8.51273583E-1
85	8.54212235E-1
378	8.55316429E-1
872	8.55424483E-1
52	8.59345218E-1
141	8.60286679E-1
485	8.605702E-1
342	8.61379551E-1
723	8.62797902E-1
200	8.63058791E-1
786	8.65741108E-1
693	8.67845232E-1
991	8.67918305E-1
831	8.68181446E-1
480	8.6977757E-1
149	8.69892622E-1
835	8.70365371E-1
587	8.70400618E-1
232	8.71598582E-1
624	8.72080181E-1
364	8.73070695E-1
549	8.73356568E-1
572	8.73983085E-1
237	8.74150885E-1
132	8.74396559E-1
1002	8.76057761E-1
176	8.77231141E-1
99	8.77433553E-1
523	8.78360399E-1
160	8.80179744E-1
447	8.8027056E-1
133	8.80520997E-1
933	8.8081996E-1
816	8.80893752E-1
455	8.81109657E-1
40	8.82884804E-1
830	8.84445519E-1
430	8.84820883E-1
251	8.84824046E-1
998	8.8638699E-1
578	8.87122311E-1
947	8.87763782E-1
64	8.87808365E-1
322	8.88947914E-1
869	8.89303918E-1
97	8.89354975E-1
949	8.89493018E-1
886	8.90062165E-1
126	8.90068612E-1
325	8.90195567E-1
936	8.90433843E-1
111	8.91593374E-1
611	8.9189434E-1
984	8.94719564E-1
663	8.95204407E-1
388	8.97318206E-1
137	8.99366583E-1
726	9.00157227E-1
131	9.00293402E-1
842	9.00313123E-1
398	9.02914355E-1
422	9.03292424E-1
668	9.03654266E-1
105	9.03773141E-1
505	9.03917993E-1
1004	9.0442081E-1
926	9.0497642E-1
918	9.0659821E-1
889	9.07152176E-1
190	9.07866111E-1
365	9.08946549E-1
862	9.10752597E-1
80	9.10858709E-1
824	9.10966198E-1
943	9.11655325E-1
504	9.13783312E-1
32	9.13927002E-1
215	9.17039338E-1
666	9.17089567E-1
694	9.17610534E-1
898	9.18193886E-1
536	9.19189494E-1
444	9.19673764E-1
564	9.20165201E-1
580	9.21711233E-1
351	9.22629615E-1
661	9.22696576E-1
822	9.24188642E-1
851	9.2444403E-1
256	9.26724962E-1
708	9.28165442E-1
690	9.28547238E-1
863	9.2969186E-1
732	9.31684943E-1
623	9.31755686E-1
247	9.33416194E-1
404	9.3449201E-1
660	9.35582806E-1
790	9.37033032E-1
42	9.37227757E-1
819	9.37465416E-1
437	9.3747825E-1
509	9.44931365E-1
884	9.45379845E-1
674	9.45972907E-1
615	9.46271632E-1
659	9.48924497E-1
226	9.52290517E-1
701	9.52473287E-1
507	9.52915669E-1
606	9.5475647E-1
77	9.54825859E-1
299	9.5709242E-1
368	9.59665157E-1
31	9.60437089E-1
752	9.60947616E-1
387	9.61232039E-1
410	9.61504612E-1
185	9.63978512E-1
941	9.65003147E-1
16	9.66477597E-1
420	9.66590436E-1
893	9.66775206E-1
26	9.67932601E-1
877	9.68435105E-1
471	9.68676256E-1
848	9.68919564E-1
511	9.69693891E-1
312	9.715326E-1
880	9.71564223E-1
915	9.72097155E-1
737	9.73323376E-1
167	9.73592699E-1
927	9.75951489E-1
846	9.7841103E-1
136	9.7900358E-1
96	9.79336536E-1
102	9.79347549E-1
298	9.798375E-1
243	9.81763569E-1
857	9.82529876E-1
477	9.82553107E-1
348	9.82960144E-1
153	9.84118413E-1
1010	9.84310406E-1
386	9.8485181E-1
859	9.85158008E-1
938	9.86330638E-1
496	9.86924557E-1
1018	9.8835744E-1
462	9.89723461E-1
138	9.90851829E-1
195	9.91355272E-1
483	9.91726495E-1
524	9.92429145E-1
556	9.93833399E-1
1021	9.94294766E-1
1019	9.961502E-1
118	9.96251247E-1
469	9.96377542E-1
810	9.97961911E-1
1022	9.98599769E-1
108	9.99238974E-1
967	9.99930844E-1
1023	9.99934683E-1
