Name	chi2Pvalue
562	3.39496281E-5
740	1.0219017E-3
433	1.72143708E-3
104	3.85993934E-3
238	4.85909178E-3
699	7.30767531E-3
780	7.6996442E-3
706	9.12182807E-3
391	9.71449481E-3
461	1.12583516E-2
640	1.19575715E-2
812	1.35432925E-2
243	1.5596543E-2
227	1.59706209E-2
420	1.65231475E-2
637	1.86857891E-2
949	1.96479605E-2
181	1.99889716E-2
107	2.07604289E-2
301	2.23723376E-2
647	2.30050175E-2
253	2.4876909E-2
954	2.61243243E-2
202	2.75365091E-2
55	2.82891679E-2
387	2.86444273E-2
664	2.87796917E-2
520	2.95384742E-2
75	3.33022312E-2
853	3.42294686E-2
976	3.56203549E-2
685	3.78013978E-2
394	3.88412718E-2
367	3.9088478E-2
303	3.97871729E-2
13	3.99027784E-2
939	4.09994349E-2
239	4.10223505E-2
845	4.10806621E-2
903	4.14850085E-2
634	4.16053127E-2
989	4.21939816E-2
996	4.46233166E-2
467	4.47016427E-2
260	4.63047887E-2
457	4.66287687E-2
582	4.67815261E-2
552	4.76232462E-2
155	4.82623629E-2
268	5.29171064E-2
310	5.30726486E-2
512	5.3401823E-2
823	5.51414037E-2
259	5.62448304E-2
641	5.62609595E-2
256	5.76304231E-2
981	5.81102594E-2
896	5.82231564E-2
380	5.88065063E-2
222	5.88920814E-2
89	5.97218862E-2
932	6.01632635E-2
313	6.33529566E-2
882	6.33848954E-2
671	6.49231912E-2
255	6.60820807E-2
538	6.83268933E-2
487	6.83646537E-2
895	7.01636756E-2
132	7.27317263E-2
96	7.53155053E-2
602	7.54728018E-2
41	7.54934577E-2
683	7.59041798E-2
762	7.6565849E-2
691	7.83889983E-2
558	7.85466963E-2
149	7.90939959E-2
411	8.0583204E-2
522	8.09791402E-2
716	8.13260346E-2
382	8.24373267E-2
900	8.32572324E-2
581	8.4447514E-2
638	8.56486295E-2
166	8.67386658E-2
488	8.72176289E-2
663	8.75560999E-2
744	8.88603699E-2
431	9.20843173E-2
766	9.42054209E-2
948	9.70673589E-2
840	9.95487929E-2
975	9.95535689E-2
444	9.98963489E-2
758	1.00139826E-1
117	1.00154002E-1
245	1.00478834E-1
767	1.0407291E-1
449	1.04640243E-1
986	1.04711355E-1
935	1.05424569E-1
138	1.06058126E-1
999	1.06058504E-1
644	1.07457954E-1
120	1.07463548E-1
596	1.0786238E-1
0	1.11895467E-1
454	1.13278967E-1
478	1.13667684E-1
312	1.13713394E-1
504	1.13828887E-1
715	1.13860881E-1
247	1.14493099E-1
42	1.14662778E-1
573	1.14756794E-1
657	1.1577205E-1
28	1.16110725E-1
646	1.1630176E-1
59	1.17587289E-1
751	1.18033571E-1
564	1.18137324E-1
161	1.18865817E-1
475	1.19204783E-1
832	1.19945931E-1
569	1.2322213E-1
888	1.23689816E-1
452	1.24322828E-1
950	1.25598593E-1
32	1.26233424E-1
102	1.27414483E-1
719	1.27714608E-1
212	1.29085389E-1
530	1.30485539E-1
945	1.3443584E-1
965	1.34997245E-1
425	1.3733166E-1
56	1.38125251E-1
282	1.41068802E-1
737	1.41336744E-1
77	1.4168449E-1
170	1.41966124E-1
619	1.42568185E-1
689	1.42866893E-1
298	1.43780323E-1
218	1.44638317E-1
620	1.45849743E-1
269	1.46567071E-1
7	1.49596524E-1
580	1.49683856E-1
103	1.51784778E-1
955	1.5370843E-1
281	1.54179059E-1
354	1.54190791E-1
43	1.54440952E-1
777	1.54593073E-1
22	1.55501105E-1
360	1.57808528E-1
386	1.57907347E-1
727	1.58485779E-1
863	1.58680366E-1
64	1.59526009E-1
667	1.60102882E-1
160	1.62507843E-1
983	1.63564975E-1
781	1.63794631E-1
266	1.63861433E-1
787	1.64691767E-1
164	1.65262956E-1
153	1.65379545E-1
12	1.66995505E-1
886	1.672144E-1
244	1.67293185E-1
413	1.69813421E-1
921	1.70449124E-1
535	1.70556116E-1
383	1.76473112E-1
316	1.76645945E-1
509	1.77262699E-1
543	1.79099481E-1
204	1.79536702E-1
254	1.80158178E-1
332	1.80295595E-1
559	1.80579412E-1
890	1.83149771E-1
542	1.85212064E-1
388	1.85231371E-1
46	1.85387568E-1
93	1.87033692E-1
527	1.87504335E-1
924	1.87565934E-1
534	1.88079222E-1
991	1.88416498E-1
38	1.89300116E-1
847	1.91280311E-1
684	1.92746965E-1
319	1.94122941E-1
914	1.94271358E-1
406	1.95157184E-1
1000	1.95591703E-1
902	1.97351623E-1
213	1.97448747E-1
801	1.97723424E-1
665	1.99814836E-1
791	2.00743441E-1
167	2.05819344E-1
649	2.08236264E-1
563	2.09199654E-1
546	2.09663875E-1
604	2.10395016E-1
69	2.12510688E-1
877	2.14087233E-1
308	2.14652794E-1
72	2.15258404E-1
486	2.18593364E-1
73	2.19162743E-1
756	2.21744125E-1
959	2.21804802E-1
775	2.2182007E-1
980	2.22795709E-1
371	2.23025817E-1
330	2.23663209E-1
80	2.24171148E-1
725	2.25890494E-1
331	2.26650029E-1
881	2.28541273E-1
830	2.29663357E-1
666	2.30102635E-1
240	2.30274294E-1
609	2.33701679E-1
917	2.35812862E-1
553	2.37211425E-1
438	2.3835345E-1
85	2.39487478E-1
499	2.39579127E-1
785	2.40000164E-1
333	2.40528453E-1
628	2.4082064E-1
861	2.4164648E-1
321	2.42163491E-1
858	2.42698794E-1
206	2.43401298E-1
904	2.44046731E-1
297	2.45424022E-1
759	2.45467635E-1
142	2.49459104E-1
299	2.50441473E-1
857	2.507642E-1
402	2.50768804E-1
262	2.51174931E-1
806	2.51272949E-1
20	2.51402043E-1
947	2.52235961E-1
289	2.52819014E-1
1006	2.55274836E-1
786	2.57451456E-1
152	2.57499696E-1
78	2.58156195E-1
496	2.58332219E-1
446	2.60440836E-1
128	2.60580377E-1
810	2.61407718E-1
68	2.62990039E-1
44	2.63122553E-1
14	2.63336334E-1
148	2.63590848E-1
171	2.63815413E-1
188	2.64948768E-1
311	2.65280733E-1
946	2.65387035E-1
501	2.66216764E-1
583	2.66953287E-1
966	2.67558184E-1
927	2.68770694E-1
224	2.69026287E-1
598	2.69632462E-1
231	2.70758951E-1
906	2.71509821E-1
860	2.71760891E-1
154	2.73968849E-1
678	2.75797419E-1
476	2.76082755E-1
474	2.76870213E-1
1008	2.77528921E-1
122	2.78198617E-1
347	2.80202601E-1
585	2.81200349E-1
697	2.82145795E-1
384	2.82271145E-1
186	2.8281775E-1
738	2.85470038E-1
648	2.85479429E-1
1001	2.8791917E-1
643	2.88471772E-1
479	2.88519442E-1
106	2.88695032E-1
963	2.90255667E-1
172	2.92096593E-1
225	2.92979469E-1
187	2.93328317E-1
337	2.93681453E-1
393	2.93717792E-1
468	2.94618109E-1
817	2.95093975E-1
291	2.95346031E-1
57	2.95905851E-1
956	2.96602005E-1
984	2.97109453E-1
815	2.9887907E-1
794	2.9965302E-1
834	3.00688924E-1
395	3.0145649E-1
141	3.0501509E-1
734	3.06510552E-1
940	3.07092501E-1
803	3.07881918E-1
4	3.09623148E-1
79	3.10361516E-1
327	3.10725344E-1
864	3.11281809E-1
508	3.11485136E-1
349	3.14983256E-1
778	3.15123986E-1
560	3.15424919E-1
210	3.17079119E-1
306	3.18353767E-1
820	3.18362554E-1
497	3.18719412E-1
824	3.22113695E-1
524	3.23198916E-1
455	3.24824386E-1
774	3.25129235E-1
700	3.26588715E-1
230	3.27015706E-1
661	3.27248083E-1
39	3.28658538E-1
11	3.28810512E-1
396	3.29370452E-1
717	3.29731057E-1
846	3.29750706E-1
252	3.29969909E-1
995	3.32590247E-1
130	3.32950403E-1
60	3.33140934E-1
788	3.33686263E-1
134	3.35814559E-1
144	3.36083553E-1
798	3.36592349E-1
192	3.37458989E-1
869	3.37828655E-1
109	3.39398952E-1
867	3.39471544E-1
962	3.41345637E-1
328	3.42788876E-1
263	3.42984295E-1
943	3.4355231E-1
54	3.44233111E-1
804	3.46984734E-1
385	3.47981988E-1
669	3.4855469E-1
704	3.49336208E-1
133	3.49703667E-1
314	3.49747439E-1
693	3.50848724E-1
802	3.50999797E-1
368	3.51855728E-1
517	3.52278275E-1
570	3.52817491E-1
74	3.5307934E-1
335	3.54451307E-1
1002	3.545462E-1
885	3.54771177E-1
234	3.55376478E-1
752	3.55406067E-1
814	3.56869881E-1
135	3.58338225E-1
705	3.59981414E-1
65	3.61716358E-1
415	3.62219553E-1
852	3.64669316E-1
722	3.65428469E-1
613	3.65833262E-1
351	3.66172808E-1
86	3.66669504E-1
270	3.69255388E-1
567	3.69356111E-1
625	3.69628599E-1
82	3.70303324E-1
651	3.73964485E-1
465	3.74941807E-1
334	3.7587863E-1
795	3.76433314E-1
731	3.76485423E-1
5	3.76992401E-1
942	3.77598958E-1
264	3.78404249E-1
825	3.78457634E-1
375	3.79455365E-1
709	3.79937054E-1
712	3.81315186E-1
891	3.81588291E-1
242	3.82242343E-1
8	3.82828121E-1
505	3.83653555E-1
342	3.83865294E-1
971	3.8484846E-1
6	3.86713618E-1
124	3.88901919E-1
176	3.89400794E-1
836	3.90264418E-1
377	3.91830557E-1
636	3.92097169E-1
816	3.94320825E-1
554	3.96284565E-1
320	3.97295308E-1
925	3.97975472E-1
126	3.98028277E-1
922	4.00075356E-1
156	4.00143703E-1
764	4.01727731E-1
933	4.01782812E-1
422	4.02660991E-1
114	4.03548462E-1
1003	4.0379741E-1
673	4.03864068E-1
768	4.04593975E-1
645	4.05829414E-1
336	4.0717867E-1
112	4.09178107E-1
208	4.09635267E-1
594	4.09886678E-1
356	4.11457783E-1
533	4.12187674E-1
536	4.12410328E-1
679	4.12607543E-1
772	4.12982087E-1
24	4.16695893E-1
837	4.17570527E-1
286	4.19260354E-1
696	4.19567193E-1
931	4.21175618E-1
397	4.21714964E-1
600	4.22437622E-1
526	4.22749327E-1
1007	4.23389423E-1
872	4.24585944E-1
743	4.24812577E-1
502	4.27174004E-1
405	4.27540801E-1
913	4.29122509E-1
285	4.29153726E-1
800	4.29244887E-1
866	4.29808106E-1
19	4.31131194E-1
189	4.33423633E-1
341	4.34126741E-1
753	4.34132727E-1
21	4.34774391E-1
974	4.35434539E-1
624	4.36277715E-1
15	4.39354131E-1
595	4.40776423E-1
849	4.41463911E-1
439	4.41845544E-1
686	4.42806998E-1
194	4.43678061E-1
588	4.44517284E-1
905	4.46196298E-1
100	4.46865709E-1
688	4.47127697E-1
841	4.47535998E-1
672	4.48075722E-1
271	4.49494983E-1
92	4.49803902E-1
477	4.50327167E-1
392	4.54111545E-1
923	4.54825457E-1
979	4.54835558E-1
805	4.54903484E-1
165	4.55853386E-1
418	4.56471356E-1
111	4.61673201E-1
462	4.63581904E-1
992	4.65353026E-1
191	4.69867157E-1
608	4.71107072E-1
639	4.71360553E-1
10	4.73036208E-1
305	4.7316996E-1
655	4.73777093E-1
223	4.75864674E-1
101	4.77614957E-1
503	4.78193254E-1
757	4.78994237E-1
434	4.8058709E-1
81	4.82858505E-1
745	4.82961718E-1
929	4.83018809E-1
99	4.83289653E-1
662	4.8381528E-1
404	4.84236263E-1
58	4.85040965E-1
205	4.85053347E-1
622	4.85132656E-1
928	4.86189878E-1
249	4.8655168E-1
915	4.89430132E-1
862	4.91769593E-1
1010	4.92501776E-1
196	4.93961331E-1
577	4.9405363E-1
687	4.9609745E-1
656	4.97729775E-1
848	5.00229757E-1
934	5.00659227E-1
374	5.0211085E-1
1019	5.02223145E-1
355	5.02617833E-1
23	5.03532597E-1
749	5.03628377E-1
168	5.0436643E-1
215	5.04453504E-1
865	5.04855309E-1
765	5.05084985E-1
293	5.0517925E-1
736	5.06078991E-1
760	5.06647317E-1
403	5.08823801E-1
539	5.08966507E-1
792	5.09274201E-1
3	5.10406861E-1
246	5.12943706E-1
414	5.15237083E-1
221	5.15785585E-1
277	5.16104783E-1
525	5.17494563E-1
750	5.17913869E-1
151	5.20166036E-1
755	5.21123058E-1
659	5.21892916E-1
34	5.22787858E-1
30	5.26824862E-1
519	5.27820501E-1
182	5.2854403E-1
838	5.28869551E-1
338	5.2889565E-1
797	5.31001961E-1
315	5.31343643E-1
969	5.31782126E-1
203	5.32578807E-1
441	5.32620784E-1
833	5.32769379E-1
500	5.33382005E-1
635	5.3339415E-1
708	5.33653386E-1
416	5.34445468E-1
670	5.35956E-1
729	5.37554942E-1
113	5.37937734E-1
346	5.38801948E-1
617	5.42037563E-1
828	5.42677504E-1
272	5.43649955E-1
232	5.43901729E-1
724	5.45107392E-1
589	5.45866821E-1
363	5.46272764E-1
116	5.46554675E-1
702	5.48548558E-1
811	5.49014278E-1
483	5.49699868E-1
587	5.52822375E-1
698	5.54016744E-1
280	5.5501715E-1
961	5.5689835E-1
936	5.58341625E-1
50	5.60478066E-1
819	5.62814704E-1
235	5.63060876E-1
274	5.63762557E-1
344	5.64707125E-1
430	5.66912254E-1
216	5.66974191E-1
739	5.68126927E-1
146	5.68660833E-1
827	5.69617376E-1
674	5.71517066E-1
458	5.72598213E-1
507	5.75754558E-1
214	5.76336196E-1
821	5.76352011E-1
119	5.76729448E-1
887	5.77172106E-1
250	5.78056378E-1
831	5.78808988E-1
901	5.79297061E-1
973	5.79643269E-1
926	5.80367018E-1
399	5.80576358E-1
876	5.8163252E-1
300	5.82896729E-1
782	5.831077E-1
565	5.83338594E-1
366	5.83968911E-1
703	5.84076005E-1
711	5.84799939E-1
445	5.85313201E-1
521	5.85586054E-1
844	5.86560207E-1
571	5.88982495E-1
873	5.91057064E-1
796	5.92640042E-1
676	5.93350338E-1
506	5.95596715E-1
437	5.98050257E-1
591	6.00598737E-1
9	6.01558778E-1
491	6.04944844E-1
732	6.06414209E-1
808	6.0669059E-1
982	6.07630486E-1
899	6.07694847E-1
614	6.08155378E-1
909	6.11665782E-1
421	6.12082568E-1
747	6.14881451E-1
957	6.15745184E-1
883	6.15896329E-1
557	6.16946798E-1
26	6.17929102E-1
875	6.18283677E-1
258	6.19996246E-1
145	6.20083955E-1
139	6.22169149E-1
220	6.22845889E-1
63	6.23348253E-1
988	6.24156998E-1
776	6.27082386E-1
481	6.27483184E-1
879	6.29843148E-1
681	6.32180323E-1
401	6.34809649E-1
207	6.35359546E-1
376	6.36842278E-1
850	6.37161637E-1
987	6.37603134E-1
515	6.41271483E-1
407	6.41330832E-1
290	6.44184078E-1
472	6.47435897E-1
730	6.51302287E-1
566	6.5229172E-1
694	6.54011876E-1
615	6.55220228E-1
714	6.55642938E-1
257	6.55896027E-1
485	6.5734927E-1
398	6.58464711E-1
531	6.58620208E-1
326	6.58653007E-1
578	6.59514533E-1
733	6.61936978E-1
471	6.63611566E-1
547	6.64522148E-1
953	6.64753041E-1
586	6.65199022E-1
451	6.65466107E-1
389	6.66807442E-1
143	6.68391909E-1
618	6.69059215E-1
157	6.6933378E-1
183	6.69903683E-1
18	6.70261706E-1
550	6.70303819E-1
219	6.70389424E-1
199	6.72505332E-1
742	6.73208109E-1
1013	6.77233688E-1
773	6.78508405E-1
972	6.78640042E-1
668	6.79324064E-1
121	6.79411801E-1
129	6.79589851E-1
353	6.798089E-1
809	6.79846561E-1
964	6.80912115E-1
514	6.83648865E-1
343	6.85841644E-1
88	6.86934613E-1
348	6.87185019E-1
555	6.88092775E-1
754	6.89163361E-1
2	6.89326495E-1
150	6.89434822E-1
592	6.90120481E-1
62	6.90448636E-1
978	6.92156196E-1
233	6.92756768E-1
652	6.96680001E-1
304	6.99536318E-1
912	7.01075773E-1
707	7.03330377E-1
993	7.04733229E-1
84	7.05577742E-1
748	7.06409612E-1
473	7.07524804E-1
33	7.07722824E-1
937	7.08072777E-1
829	7.10389342E-1
658	7.11320179E-1
339	7.12819734E-1
568	7.12936448E-1
897	7.16032685E-1
916	7.17722797E-1
911	7.18107272E-1
839	7.18875582E-1
868	7.1945779E-1
470	7.19680977E-1
537	7.20291114E-1
938	7.25773613E-1
423	7.25875379E-1
147	7.26525634E-1
466	7.27023745E-1
540	7.27939855E-1
67	7.28691842E-1
880	7.3051014E-1
31	7.30768574E-1
251	7.30829009E-1
410	7.31909847E-1
944	7.33145436E-1
779	7.33554315E-1
551	7.33956088E-1
70	7.33956139E-1
180	7.36067273E-1
484	7.38066068E-1
741	7.39267214E-1
211	7.39657408E-1
556	7.3997176E-1
49	7.41305797E-1
287	7.42770133E-1
362	7.4493992E-1
309	7.45595423E-1
261	7.46861195E-1
296	7.48934077E-1
682	7.49125508E-1
118	7.49654292E-1
579	7.49797274E-1
179	7.51654716E-1
549	7.51685504E-1
511	7.54795802E-1
746	7.56189359E-1
784	7.57046098E-1
229	7.57412449E-1
822	7.57583813E-1
968	7.58482628E-1
918	7.58810055E-1
359	7.58837285E-1
726	7.607696E-1
463	7.64026669E-1
105	7.64551501E-1
345	7.6456323E-1
735	7.68890493E-1
677	7.69414526E-1
175	7.69571523E-1
378	7.70275807E-1
793	7.70522404E-1
248	7.71834807E-1
532	7.73686362E-1
90	7.74424983E-1
195	7.76677244E-1
226	7.77560773E-1
584	7.78069603E-1
626	7.8019024E-1
469	7.8196243E-1
419	7.82382671E-1
603	7.82483461E-1
1022	7.83658022E-1
616	7.83672013E-1
322	7.84093863E-1
267	7.84434027E-1
870	7.85310451E-1
789	7.86359181E-1
919	7.89223948E-1
1020	7.89564083E-1
593	7.90401001E-1
493	7.9272388E-1
958	7.93981397E-1
1011	7.9592854E-1
770	7.96428865E-1
489	7.9677492E-1
1014	7.9749104E-1
769	7.97844942E-1
721	7.98812385E-1
53	7.98866783E-1
977	7.98946063E-1
898	7.99200218E-1
529	7.99496795E-1
329	8.00296209E-1
710	8.00748961E-1
217	8.03334681E-1
352	8.03724847E-1
1017	8.04323042E-1
460	8.07554952E-1
718	8.0838066E-1
428	8.09465692E-1
605	8.09856429E-1
48	8.10979748E-1
37	8.11448124E-1
284	8.11577259E-1
1012	8.11977868E-1
358	8.12305985E-1
27	8.12569746E-1
653	8.12652156E-1
162	8.13212793E-1
680	8.13234048E-1
856	8.14995796E-1
874	8.15774419E-1
370	8.15888812E-1
985	8.17121748E-1
723	8.17550143E-1
325	8.19719736E-1
892	8.20970058E-1
140	8.21628634E-1
448	8.22768997E-1
951	8.247355E-1
495	8.26060976E-1
390	8.2608874E-1
633	8.26356866E-1
826	8.27415964E-1
177	8.28382233E-1
541	8.30305359E-1
960	8.31719517E-1
952	8.31730684E-1
432	8.31833247E-1
209	8.33839113E-1
83	8.36511948E-1
631	8.37590208E-1
98	8.3791297E-1
435	8.38452308E-1
278	8.38742113E-1
494	8.39016578E-1
36	8.39894582E-1
265	8.40006013E-1
997	8.40252943E-1
447	8.43978062E-1
650	8.46202665E-1
381	8.46606485E-1
87	8.46690253E-1
894	8.47563651E-1
115	8.48577243E-1
350	8.48967196E-1
456	8.51312467E-1
807	8.51661491E-1
190	8.51680417E-1
771	8.53082644E-1
490	8.53666692E-1
889	8.53991416E-1
127	8.54100028E-1
1004	8.56290707E-1
412	8.56888451E-1
561	8.57472603E-1
178	8.58031677E-1
893	8.58883318E-1
361	8.59594239E-1
440	8.60223267E-1
198	8.60336477E-1
193	8.60627571E-1
907	8.62187983E-1
607	8.62950063E-1
91	8.63093084E-1
417	8.63443859E-1
621	8.65481512E-1
51	8.66495065E-1
1023	8.66616797E-1
76	8.66849025E-1
429	8.68009691E-1
408	8.69637475E-1
459	8.71693722E-1
818	8.72234028E-1
545	8.72520017E-1
799	8.73208872E-1
288	8.73279499E-1
97	8.73547188E-1
1015	8.73666916E-1
159	8.74276261E-1
1021	8.75002318E-1
379	8.75594439E-1
513	8.76019543E-1
450	8.77657856E-1
426	8.81376079E-1
612	8.81809236E-1
1005	8.82090937E-1
941	8.8258068E-1
574	8.82583066E-1
790	8.83771258E-1
295	8.84311949E-1
660	8.85333543E-1
409	8.85419242E-1
29	8.87177562E-1
110	8.8859332E-1
720	8.88673003E-1
994	8.89617739E-1
17	8.89906077E-1
125	8.90086703E-1
276	8.9479967E-1
998	8.95936302E-1
317	8.96625552E-1
137	8.97079045E-1
761	8.97668741E-1
136	8.97805242E-1
365	8.99387382E-1
576	9.03425326E-1
695	9.04191304E-1
701	9.04294627E-1
606	9.04953286E-1
632	9.0572064E-1
292	9.05816153E-1
854	9.08244845E-1
228	9.10234715E-1
859	9.10266718E-1
275	9.11077067E-1
713	9.11607487E-1
45	9.13163059E-1
323	9.13341487E-1
443	9.14430622E-1
843	9.15818903E-1
66	9.17052604E-1
340	9.18374249E-1
241	9.19127039E-1
357	9.2061538E-1
453	9.21335441E-1
236	9.21695193E-1
173	9.24004283E-1
174	9.24691199E-1
783	9.25940538E-1
878	9.26104406E-1
464	9.26215028E-1
627	9.27771069E-1
518	9.28284296E-1
436	9.28876693E-1
40	9.29331938E-1
169	9.29871744E-1
611	9.31022185E-1
1	9.31707241E-1
163	9.31842261E-1
990	9.31846108E-1
123	9.321288E-1
630	9.322574E-1
427	9.33012879E-1
71	9.33391238E-1
307	9.34962658E-1
237	9.36661136E-1
184	9.37286035E-1
424	9.38777244E-1
516	9.39388622E-1
871	9.39963966E-1
548	9.40013179E-1
1018	9.40577206E-1
930	9.40860468E-1
279	9.41559118E-1
273	9.42074751E-1
373	9.42104992E-1
654	9.42551975E-1
675	9.43126197E-1
482	9.43384889E-1
16	9.46020664E-1
61	9.46857273E-1
623	9.47321926E-1
835	9.47686809E-1
442	9.48155026E-1
855	9.48806379E-1
47	9.49744507E-1
884	9.49978167E-1
324	9.50915463E-1
510	9.51506528E-1
318	9.54271104E-1
642	9.55483371E-1
200	9.56055311E-1
842	9.56549227E-1
197	9.57114801E-1
908	9.57134682E-1
763	9.58518056E-1
523	9.59427036E-1
294	9.6005777E-1
35	9.6025695E-1
302	9.61106342E-1
201	9.61839735E-1
108	9.62029568E-1
52	9.63270047E-1
610	9.64434188E-1
185	9.64528871E-1
572	9.66068215E-1
575	9.67032006E-1
25	9.67336762E-1
94	9.684518E-1
372	9.72139369E-1
728	9.72214135E-1
851	9.72485709E-1
364	9.76058762E-1
498	9.76483323E-1
629	9.77679217E-1
1016	9.78221178E-1
601	9.7858303E-1
528	9.79040842E-1
597	9.80393243E-1
131	9.84118374E-1
544	9.85542185E-1
492	9.86455056E-1
1009	9.87650055E-1
599	9.88085539E-1
690	9.88115488E-1
400	9.9029852E-1
910	9.92197311E-1
158	9.93477943E-1
692	9.93675455E-1
970	9.94632901E-1
480	9.95782228E-1
813	9.96512255E-1
95	9.98444004E-1
967	9.99931068E-1
