Name	chi2Pvalue
309	7.85947879E-4
223	8.5330557E-4
176	1.03432784E-3
196	1.07032125E-3
88	1.07164934E-3
317	1.44961762E-3
813	1.88947772E-3
327	2.05995008E-3
851	2.4217702E-3
664	2.44647887E-3
562	2.51468124E-3
820	3.83840634E-3
705	4.39509337E-3
111	5.50238316E-3
390	7.09124775E-3
730	8.14918767E-3
33	8.17483515E-3
388	9.03269582E-3
515	1.09844134E-2
68	1.15342712E-2
902	1.30850967E-2
751	1.58772842E-2
844	1.81240311E-2
238	1.81273489E-2
993	2.05308127E-2
991	2.18409428E-2
479	2.29691844E-2
21	2.29857329E-2
778	2.32943027E-2
436	2.36255101E-2
702	2.49789524E-2
885	2.51260511E-2
127	2.51652908E-2
787	2.54962362E-2
946	2.6472349E-2
211	2.74973132E-2
230	2.85592573E-2
849	2.96104337E-2
429	3.01047408E-2
706	3.2033902E-2
983	3.24610724E-2
415	3.27927319E-2
302	3.2904831E-2
624	3.30093611E-2
140	3.30546192E-2
876	3.30859129E-2
990	3.33593203E-2
32	3.65224744E-2
467	3.73140405E-2
533	3.74230644E-2
506	3.84897661E-2
953	3.87762823E-2
233	3.91216942E-2
56	3.96754669E-2
800	4.08233405E-2
147	4.56621056E-2
339	4.77679998E-2
928	4.95275816E-2
745	4.95742746E-2
74	4.96021579E-2
26	5.06207624E-2
537	5.10234261E-2
984	5.17221271E-2
736	5.22682201E-2
795	5.67160386E-2
253	5.73782002E-2
634	5.96252356E-2
34	6.09689704E-2
42	6.64019394E-2
591	6.69476705E-2
806	6.93254344E-2
869	7.21297609E-2
816	7.27447765E-2
457	7.3429432E-2
198	7.44816586E-2
133	7.45737675E-2
935	7.4916286E-2
904	7.50901621E-2
428	7.69713992E-2
426	7.75853689E-2
676	7.77826393E-2
1011	7.78484189E-2
903	7.79105164E-2
680	7.82448025E-2
675	7.8586442E-2
460	8.03595337E-2
374	8.32262776E-2
94	8.50072569E-2
683	8.50889676E-2
553	8.53106935E-2
930	8.56621724E-2
626	8.64529473E-2
396	8.64794007E-2
91	8.65325233E-2
73	8.65871616E-2
1023	8.65892981E-2
500	8.87671436E-2
83	9.08187795E-2
966	9.08369526E-2
829	9.17976594E-2
685	9.23571613E-2
898	9.40646636E-2
586	9.4319233E-2
474	9.43579088E-2
504	9.4719665E-2
67	9.70496579E-2
76	9.75292826E-2
979	9.76223769E-2
713	1.01833514E-1
887	1.0361477E-1
791	1.04262448E-1
432	1.04964968E-1
380	1.05393707E-1
422	1.06217232E-1
239	1.07086544E-1
782	1.07094163E-1
853	1.08717047E-1
182	1.08860095E-1
242	1.09221055E-1
125	1.09945725E-1
60	1.09996678E-1
580	1.10272317E-1
221	1.12033847E-1
132	1.12420298E-1
360	1.12670462E-1
754	1.13932614E-1
956	1.14124363E-1
951	1.14142789E-1
442	1.14164803E-1
329	1.14179304E-1
370	1.14678904E-1
498	1.14818249E-1
722	1.15040306E-1
530	1.15317306E-1
39	1.15770186E-1
551	1.16286439E-1
123	1.16460466E-1
764	1.16541925E-1
628	1.1697599E-1
107	1.17453183E-1
406	1.17938441E-1
848	1.2132084E-1
55	1.22368594E-1
558	1.22960439E-1
444	1.24010547E-1
217	1.2405767E-1
393	1.25033272E-1
494	1.25651103E-1
53	1.28678464E-1
978	1.32057765E-1
597	1.34015754E-1
649	1.3408223E-1
638	1.34195775E-1
431	1.34726941E-1
344	1.35099045E-1
427	1.35292595E-1
603	1.36240871E-1
291	1.36997377E-1
213	1.37017562E-1
465	1.371354E-1
998	1.37315124E-1
240	1.41168942E-1
433	1.41694246E-1
659	1.42065457E-1
414	1.43481682E-1
864	1.44147757E-1
833	1.44174438E-1
15	1.44824078E-1
992	1.46664212E-1
492	1.48929792E-1
160	1.51211504E-1
743	1.51493461E-1
318	1.51667826E-1
445	1.51798896E-1
501	1.54161754E-1
738	1.5754698E-1
1010	1.5754852E-1
516	1.58134639E-1
802	1.60213613E-1
246	1.60718844E-1
330	1.62294595E-1
480	1.64166974E-1
206	1.6482682E-1
103	1.66839153E-1
803	1.67608407E-1
846	1.67955026E-1
566	1.70359987E-1
9	1.71045009E-1
889	1.71939515E-1
878	1.74380793E-1
735	1.75979038E-1
532	1.75984557E-1
19	1.77286121E-1
989	1.77286282E-1
273	1.78200571E-1
915	1.78505507E-1
311	1.79501202E-1
635	1.80490215E-1
694	1.81288017E-1
941	1.82491457E-1
740	1.84215509E-1
110	1.86716512E-1
265	1.92404599E-1
668	1.92669255E-1
936	1.93231903E-1
95	1.93247836E-1
700	1.9575666E-1
622	1.96192762E-1
965	1.98525347E-1
130	2.01109838E-1
759	2.02056708E-1
152	2.03071498E-1
765	2.03446652E-1
471	2.12534937E-1
1000	2.13072567E-1
177	2.13158991E-1
443	2.14150737E-1
484	2.16042738E-1
925	2.16624954E-1
1018	2.17817995E-1
64	2.18032948E-1
726	2.18163657E-1
982	2.18515556E-1
605	2.19593175E-1
31	2.20903462E-1
633	2.21527059E-1
880	2.24711906E-1
821	2.25040063E-1
698	2.26833918E-1
208	2.28629051E-1
1021	2.2879536E-1
121	2.30171585E-1
960	2.33628995E-1
96	2.34037145E-1
613	2.36553836E-1
672	2.38863687E-1
114	2.4196536E-1
617	2.45983584E-1
963	2.46533359E-1
734	2.48273699E-1
131	2.50777862E-1
11	2.51202995E-1
59	2.51206519E-1
122	2.5271304E-1
398	2.54163187E-1
777	2.60031298E-1
425	2.60633285E-1
570	2.61414385E-1
792	2.62883003E-1
695	2.63028786E-1
544	2.65270301E-1
923	2.65460554E-1
933	2.66186976E-1
120	2.68498659E-1
456	2.68850616E-1
27	2.69342622E-1
642	2.69405146E-1
413	2.71001892E-1
567	2.71567618E-1
488	2.71812633E-1
518	2.72094262E-1
964	2.72099461E-1
862	2.73697038E-1
150	2.73910767E-1
220	2.74062649E-1
669	2.75703028E-1
269	2.75890662E-1
86	2.76634319E-1
577	2.76973282E-1
784	2.80807199E-1
306	2.80968479E-1
407	2.82485092E-1
124	2.8272469E-1
292	2.86643516E-1
295	2.8762111E-1
202	2.87814306E-1
423	2.88865908E-1
323	2.92272705E-1
266	2.94195626E-1
955	2.945878E-1
522	2.94686213E-1
99	2.95410472E-1
284	2.95993708E-1
796	2.98166421E-1
57	2.99152551E-1
686	2.99155061E-1
812	2.99179341E-1
769	3.00142905E-1
870	3.01235311E-1
824	3.01411276E-1
385	3.01686485E-1
861	3.01912898E-1
868	3.02079072E-1
191	3.03846641E-1
430	3.04025541E-1
190	3.04261315E-1
38	3.0574967E-1
670	3.08217231E-1
815	3.08526375E-1
305	3.09149561E-1
1017	3.11118168E-1
804	3.13550033E-1
226	3.14708986E-1
257	3.16191258E-1
671	3.16514359E-1
308	3.17221321E-1
411	3.17226271E-1
328	3.19797887E-1
761	3.20679887E-1
631	3.20818244E-1
555	3.21610003E-1
724	3.23074374E-1
554	3.23963258E-1
341	3.24097632E-1
763	3.24371292E-1
508	3.25015623E-1
534	3.25287491E-1
243	3.25843347E-1
71	3.26913664E-1
453	3.27723614E-1
607	3.27967242E-1
113	3.28657946E-1
689	3.29977672E-1
773	3.30693648E-1
451	3.34520172E-1
596	3.35910808E-1
1020	3.36361529E-1
29	3.37202608E-1
999	3.37296849E-1
435	3.37605007E-1
618	3.37948328E-1
314	3.38278535E-1
644	3.43123061E-1
737	3.4368241E-1
255	3.43966847E-1
760	3.44026247E-1
326	3.45077535E-1
482	3.45218623E-1
766	3.4596422E-1
316	3.48029416E-1
204	3.49288451E-1
351	3.54987575E-1
560	3.55009348E-1
276	3.5567342E-1
578	3.56687365E-1
731	3.58264513E-1
753	3.58444283E-1
353	3.58483273E-1
783	3.59615808E-1
450	3.62782113E-1
162	3.6329529E-1
75	3.64782815E-1
747	3.65229312E-1
227	3.67118419E-1
250	3.68891538E-1
919	3.69196345E-1
913	3.71611356E-1
490	3.71679832E-1
879	3.72045318E-1
512	3.73252058E-1
145	3.74208706E-1
116	3.74565282E-1
894	3.74623744E-1
841	3.75200007E-1
43	3.75341468E-1
524	3.77219283E-1
556	3.77361577E-1
977	3.78796144E-1
245	3.79509561E-1
285	3.80571516E-1
565	3.81042267E-1
527	3.8227313E-1
296	3.83798632E-1
20	3.83890134E-1
744	3.85791606E-1
491	3.86726885E-1
970	3.87521887E-1
906	3.87859704E-1
772	3.89078246E-1
349	3.90844726E-1
767	3.91629257E-1
189	3.9301328E-1
1001	3.93580645E-1
298	3.93582858E-1
949	3.95202251E-1
840	3.96482385E-1
1015	3.98357081E-1
193	3.98623865E-1
144	3.99657609E-1
647	3.99983558E-1
135	4.00228524E-1
18	4.02626801E-1
594	4.03415305E-1
972	4.03652693E-1
502	4.04326072E-1
609	4.06173788E-1
13	4.0862932E-1
496	4.08925025E-1
215	4.10141633E-1
287	4.10235437E-1
843	4.10238056E-1
650	4.11175458E-1
847	4.12327558E-1
399	4.12710096E-1
602	4.13056877E-1
548	4.13364518E-1
355	4.13942677E-1
908	4.14280327E-1
896	4.14701406E-1
320	4.1860938E-1
361	4.19432769E-1
825	4.21292757E-1
315	4.22474008E-1
241	4.23250936E-1
437	4.24242625E-1
781	4.26744021E-1
164	4.27643855E-1
232	4.27931744E-1
988	4.27978703E-1
673	4.32546302E-1
510	4.32662998E-1
652	4.33306064E-1
205	4.34410523E-1
595	4.34455482E-1
72	4.34550841E-1
891	4.3574499E-1
519	4.36299455E-1
40	4.37920456E-1
416	4.38448318E-1
139	4.38539799E-1
458	4.39032563E-1
499	4.45423162E-1
785	4.45629627E-1
520	4.4740078E-1
865	4.49184606E-1
274	4.49962616E-1
994	4.50121037E-1
679	4.50992341E-1
859	4.52806676E-1
945	4.54057482E-1
1005	4.54435561E-1
509	4.54785572E-1
154	4.56546735E-1
881	4.56623015E-1
106	4.56757627E-1
23	4.5746738E-1
271	4.58363229E-1
725	4.5892028E-1
809	4.59843246E-1
678	4.62925231E-1
517	4.64744768E-1
10	4.65075165E-1
835	4.66026113E-1
863	4.66206755E-1
41	4.66321994E-1
319	4.66844439E-1
8	4.67543621E-1
721	4.67635688E-1
612	4.67680621E-1
1003	4.70105394E-1
525	4.70937144E-1
971	4.71082566E-1
497	4.7166586E-1
893	4.73342411E-1
66	4.75733435E-1
651	4.77885344E-1
810	4.79372898E-1
171	4.80393498E-1
799	4.81143657E-1
974	4.81359792E-1
882	4.8362525E-1
682	4.83627197E-1
54	4.84555101E-1
674	4.85715517E-1
627	4.88668175E-1
262	4.89779847E-1
286	4.92100476E-1
762	4.93032928E-1
814	4.96655744E-1
93	4.96762893E-1
950	4.9711966E-1
461	4.99441379E-1
1012	4.99492198E-1
1002	5.00555937E-1
377	5.01010821E-1
158	5.01765301E-1
100	5.02062757E-1
378	5.02328009E-1
263	5.02480829E-1
931	5.02623472E-1
345	5.03161626E-1
260	5.04915431E-1
222	5.06551957E-1
856	5.07686133E-1
660	5.10638038E-1
948	5.11077273E-1
883	5.11414203E-1
538	5.11969497E-1
45	5.12163817E-1
877	5.12567208E-1
183	5.13223077E-1
600	5.13530728E-1
1022	5.14412043E-1
303	5.14426167E-1
922	5.15389428E-1
216	5.15655421E-1
884	5.16411215E-1
481	5.18401711E-1
666	5.19827315E-1
620	5.23848074E-1
718	5.24501504E-1
606	5.25762581E-1
446	5.2595701E-1
681	5.26088577E-1
78	5.28311638E-1
579	5.29397303E-1
165	5.30078457E-1
808	5.3162953E-1
741	5.31849631E-1
30	5.34543235E-1
387	5.35395979E-1
299	5.35748975E-1
818	5.36102664E-1
410	5.3614188E-1
382	5.36763875E-1
259	5.3912444E-1
610	5.39188349E-1
87	5.42675441E-1
261	5.42899702E-1
236	5.43169611E-1
839	5.43736085E-1
80	5.45600108E-1
466	5.46718307E-1
294	5.47034722E-1
608	5.50345505E-1
195	5.50957061E-1
912	5.51713556E-1
619	5.5189725E-1
981	5.52424515E-1
790	5.53196362E-1
356	5.56382824E-1
192	5.57208166E-1
136	5.57688305E-1
892	5.57980259E-1
886	5.5852607E-1
209	5.59460357E-1
179	5.59685539E-1
907	5.59772943E-1
203	5.61086058E-1
2	5.61704848E-1
212	5.62710732E-1
251	5.6291505E-1
571	5.65342319E-1
788	5.65743237E-1
667	5.65940787E-1
543	5.66315174E-1
973	5.66581179E-1
417	5.66897518E-1
297	5.68874407E-1
424	5.69693348E-1
455	5.70846509E-1
854	5.74545755E-1
513	5.74773785E-1
180	5.75008673E-1
109	5.7669769E-1
12	5.76980887E-1
325	5.78296415E-1
797	5.79474432E-1
119	5.79777996E-1
105	5.79912798E-1
714	5.82040663E-1
151	5.82346297E-1
163	5.83154009E-1
719	5.83510011E-1
707	5.84275902E-1
1004	5.85008264E-1
704	5.85130373E-1
748	5.8558138E-1
440	5.86855674E-1
693	5.87095744E-1
419	5.88317684E-1
338	5.88849028E-1
561	5.89865435E-1
46	5.90540246E-1
267	5.90912225E-1
858	5.92611188E-1
293	5.928429E-1
478	5.9331523E-1
97	5.94803406E-1
5	5.95098039E-1
49	5.95167762E-1
137	5.96878199E-1
108	6.01324163E-1
549	6.01775212E-1
112	6.02149418E-1
823	6.04143296E-1
412	6.05168153E-1
587	6.07043721E-1
630	6.08145693E-1
959	6.08550532E-1
996	6.09540723E-1
827	6.10410858E-1
62	6.11007098E-1
347	6.11287878E-1
934	6.11885972E-1
1008	6.1275051E-1
547	6.14169507E-1
366	6.15134263E-1
201	6.1540623E-1
692	6.1571454E-1
768	6.17028739E-1
352	6.1809823E-1
332	6.1959838E-1
752	6.20438654E-1
807	6.20830693E-1
546	6.20997506E-1
462	6.22200314E-1
264	6.22443151E-1
688	6.22663701E-1
362	6.23067462E-1
677	6.25735028E-1
712	6.26210963E-1
186	6.26759888E-1
477	6.26895753E-1
739	6.26918766E-1
408	6.28201909E-1
588	6.2910321E-1
774	6.30371723E-1
656	6.30671545E-1
838	6.32856857E-1
395	6.33553263E-1
505	6.3394609E-1
373	6.36084298E-1
403	6.36299957E-1
890	6.36373704E-1
379	6.37881392E-1
14	6.38272803E-1
82	6.40369057E-1
200	6.41499844E-1
168	6.4173687E-1
1	6.46869128E-1
541	6.4748976E-1
957	6.48550716E-1
364	6.48662031E-1
1014	6.49706998E-1
954	6.5068664E-1
875	6.51482966E-1
961	6.52599416E-1
307	6.52680713E-1
157	6.53363631E-1
663	6.54402096E-1
732	6.56780298E-1
84	6.5778455E-1
755	6.57952337E-1
866	6.58328417E-1
173	6.59452812E-1
229	6.59643037E-1
101	6.60063343E-1
346	6.62653452E-1
708	6.65837857E-1
218	6.65876951E-1
89	6.6635546E-1
90	6.66489829E-1
391	6.67255652E-1
939	6.68926426E-1
404	6.69153587E-1
720	6.71828828E-1
310	6.72111042E-1
258	6.73191472E-1
438	6.73491319E-1
371	6.75487254E-1
573	6.7658147E-1
335	6.77262863E-1
545	6.77586157E-1
231	6.78723086E-1
921	6.78768224E-1
528	6.79508652E-1
599	6.79741166E-1
909	6.80432619E-1
779	6.80746234E-1
786	6.82333486E-1
234	6.83105065E-1
146	6.83337364E-1
58	6.85084705E-1
559	6.8536385E-1
50	6.93121312E-1
542	6.9331256E-1
337	6.95235051E-1
350	6.95658663E-1
249	6.97143263E-1
472	6.97828335E-1
757	6.98187213E-1
540	6.9833267E-1
968	6.98644594E-1
940	6.99295109E-1
148	6.99771318E-1
169	6.99942945E-1
927	7.00196576E-1
728	7.0203467E-1
703	7.03751703E-1
475	7.04563308E-1
254	7.06052579E-1
0	7.06258214E-1
711	7.07467047E-1
275	7.08124853E-1
495	7.08306271E-1
418	7.10195346E-1
691	7.11000959E-1
400	7.11075336E-1
405	7.12563344E-1
867	7.15082344E-1
905	7.15097051E-1
389	7.15432894E-1
214	7.15471185E-1
289	7.15588442E-1
621	7.16760302E-1
828	7.16930556E-1
321	7.17776948E-1
842	7.17947417E-1
381	7.19607472E-1
771	7.1981159E-1
531	7.21273502E-1
985	7.21561607E-1
51	7.23125043E-1
473	7.23811592E-1
521	7.23898669E-1
104	7.24991383E-1
174	7.26865928E-1
832	7.27134901E-1
16	7.30226941E-1
334	7.31025498E-1
207	7.31288659E-1
900	7.3213215E-1
914	7.32471802E-1
357	7.33069399E-1
715	7.34629135E-1
277	7.38600079E-1
322	7.38704115E-1
801	7.4250673E-1
872	7.42736007E-1
48	7.42860139E-1
386	7.43853097E-1
654	7.49449627E-1
486	7.49701141E-1
629	7.50196113E-1
175	7.50892911E-1
128	7.5251156E-1
910	7.5326073E-1
503	7.53471645E-1
697	7.54431944E-1
942	7.54799516E-1
141	7.55202597E-1
775	7.55265744E-1
372	7.55572395E-1
92	7.5560002E-1
485	7.55657083E-1
583	7.55754453E-1
625	7.56165321E-1
643	7.57598561E-1
170	7.59108675E-1
181	7.59186488E-1
789	7.59926699E-1
830	7.60108201E-1
336	7.61097781E-1
65	7.61882595E-1
228	7.62685692E-1
729	7.64039568E-1
507	7.64792815E-1
924	7.66082351E-1
70	7.66210624E-1
47	7.67113422E-1
278	7.67381857E-1
185	7.69763475E-1
448	7.70964598E-1
3	7.72288895E-1
224	7.75006882E-1
134	7.7575891E-1
81	7.76002402E-1
376	7.77105655E-1
511	7.78037634E-1
270	7.78868095E-1
331	7.78955613E-1
281	7.82369962E-1
657	7.82497398E-1
929	7.85201887E-1
61	7.85887398E-1
117	7.87588435E-1
952	7.87828044E-1
219	7.88001799E-1
641	7.92661349E-1
944	7.92910821E-1
129	7.95151281E-1
17	7.95442267E-1
746	7.9629003E-1
557	7.96954229E-1
248	7.97611888E-1
969	7.98672313E-1
268	7.98820855E-1
888	8.01126116E-1
584	8.04089535E-1
313	8.04187913E-1
750	8.04352151E-1
592	8.05557968E-1
665	8.05785172E-1
52	8.06076736E-1
279	8.0622704E-1
564	8.06873667E-1
655	8.09165116E-1
79	8.10072222E-1
188	8.10835954E-1
758	8.1116216E-1
384	8.11211517E-1
805	8.12161533E-1
632	8.12217872E-1
25	8.12300256E-1
102	8.12527339E-1
420	8.14729369E-1
301	8.16269092E-1
658	8.16450845E-1
568	8.19009521E-1
476	8.19474497E-1
817	8.2037349E-1
742	8.22267087E-1
452	8.22331727E-1
661	8.22578527E-1
149	8.22645866E-1
575	8.23494705E-1
690	8.2371535E-1
367	8.26087332E-1
723	8.26846908E-1
901	8.30667767E-1
687	8.31467208E-1
118	8.31720329E-1
300	8.31981205E-1
932	8.32792283E-1
483	8.32792399E-1
252	8.32902538E-1
421	8.33378942E-1
536	8.34253797E-1
24	8.35186931E-1
857	8.35382118E-1
947	8.36608988E-1
699	8.37034509E-1
126	8.37235573E-1
1016	8.38485776E-1
394	8.4011334E-1
142	8.4059358E-1
28	8.40611207E-1
845	8.41988215E-1
69	8.42546001E-1
1007	8.42608435E-1
733	8.45683564E-1
986	8.46912165E-1
975	8.4867012E-1
358	8.50833034E-1
401	8.51620788E-1
115	8.51829307E-1
463	8.52171439E-1
826	8.52630923E-1
459	8.52768911E-1
582	8.53618927E-1
194	8.54302747E-1
1019	8.5772996E-1
897	8.58021358E-1
574	8.58169731E-1
138	8.58489329E-1
822	8.58529878E-1
1013	8.58920952E-1
926	8.59117947E-1
514	8.59486315E-1
696	8.60167474E-1
916	8.60598162E-1
539	8.60666204E-1
197	8.60689414E-1
342	8.61631065E-1
449	8.61960743E-1
235	8.62185505E-1
340	8.62323132E-1
569	8.65213889E-1
44	8.72785621E-1
601	8.73477724E-1
611	8.7395765E-1
526	8.75435437E-1
470	8.78403966E-1
581	8.80784669E-1
962	8.81807622E-1
6	8.82589829E-1
63	8.83475862E-1
210	8.8423091E-1
850	8.84380526E-1
593	8.8516147E-1
645	8.85492875E-1
614	8.86205101E-1
359	8.86819393E-1
938	8.88494468E-1
636	8.8853159E-1
172	8.88611335E-1
648	8.88857551E-1
615	8.90029698E-1
35	8.92466148E-1
469	8.93104497E-1
709	8.93375908E-1
324	8.93425338E-1
383	8.94371255E-1
937	8.9543975E-1
976	8.95963894E-1
958	8.96859077E-1
834	8.98367629E-1
363	9.00176386E-1
247	9.00245361E-1
375	9.01034114E-1
535	9.02618121E-1
464	9.02764099E-1
716	9.028624E-1
749	9.03118609E-1
244	9.05476611E-1
304	9.06416783E-1
159	9.07687004E-1
653	9.08965694E-1
256	9.09920214E-1
4	9.10814936E-1
756	9.11727526E-1
493	9.12916337E-1
184	9.1399062E-1
563	9.14009405E-1
392	9.14040933E-1
7	9.17425497E-1
1009	9.18632205E-1
776	9.19874619E-1
354	9.20579111E-1
616	9.20691842E-1
860	9.2191342E-1
836	9.22177154E-1
640	9.23931161E-1
348	9.24176772E-1
237	9.25846648E-1
468	9.26370958E-1
272	9.26801669E-1
1006	9.26959822E-1
312	9.28448179E-1
852	9.29193577E-1
899	9.30430249E-1
987	9.30474134E-1
684	9.3174328E-1
550	9.34888411E-1
290	9.36822341E-1
156	9.37574606E-1
980	9.38488087E-1
871	9.3919431E-1
487	9.39322697E-1
598	9.39423034E-1
770	9.41752144E-1
199	9.44274308E-1
811	9.44778349E-1
98	9.45771627E-1
589	9.49029679E-1
333	9.49280348E-1
639	9.51418872E-1
662	9.53097007E-1
523	9.55400835E-1
623	9.56181463E-1
489	9.5704016E-1
819	9.58767419E-1
701	9.5918048E-1
997	9.61702311E-1
917	9.61931978E-1
282	9.62380601E-1
439	9.62809363E-1
434	9.62994484E-1
155	9.63212542E-1
637	9.63241379E-1
22	9.63812254E-1
874	9.66772257E-1
717	9.67443736E-1
397	9.67624926E-1
143	9.6849714E-1
153	9.68719554E-1
37	9.69704402E-1
576	9.70498393E-1
798	9.70851786E-1
873	9.71237514E-1
793	9.73349975E-1
36	9.75943154E-1
288	9.76269649E-1
368	9.77857414E-1
402	9.79067463E-1
604	9.79326763E-1
831	9.80077764E-1
167	9.80172133E-1
178	9.80434134E-1
280	9.80470321E-1
447	9.81058782E-1
161	9.81427466E-1
727	9.81566625E-1
855	9.81567267E-1
572	9.82267185E-1
552	9.83446711E-1
918	9.83566285E-1
911	9.84392328E-1
365	9.84503143E-1
943	9.84787773E-1
585	9.85026816E-1
225	9.85028635E-1
710	9.85383579E-1
454	9.85407304E-1
77	9.85533975E-1
995	9.85864436E-1
794	9.8691172E-1
343	9.86948583E-1
895	9.88006237E-1
529	9.89271465E-1
837	9.89990452E-1
646	9.90831908E-1
166	9.92649049E-1
441	9.94533359E-1
780	9.9571493E-1
409	9.96837737E-1
85	9.97824854E-1
187	9.99904532E-1
967	9.99931054E-1
