Name	chi2Pvalue
408	8.05562255E-4
431	1.08417557E-3
2	1.24069737E-3
932	1.51351461E-3
711	2.00852647E-3
37	3.05797616E-3
650	3.29637339E-3
79	3.71727727E-3
1008	4.74465259E-3
850	5.21699799E-3
522	6.48398316E-3
103	6.81425722E-3
401	1.01782189E-2
182	1.07157007E-2
620	1.13613003E-2
468	1.14735457E-2
578	1.33047178E-2
173	1.34414534E-2
964	1.50959426E-2
378	1.57555994E-2
802	1.62215278E-2
243	1.86909401E-2
626	1.93637621E-2
580	2.03800821E-2
866	2.03924164E-2
297	2.16117511E-2
727	2.16646219E-2
420	2.17766855E-2
501	2.29310933E-2
205	2.33604438E-2
156	2.4045116E-2
870	2.56565865E-2
407	2.64429929E-2
368	2.66237498E-2
561	2.73369478E-2
364	2.79139695E-2
268	2.85018818E-2
837	2.86962806E-2
43	2.88789445E-2
730	2.91981331E-2
767	2.92711669E-2
1000	2.96112512E-2
321	3.04296332E-2
131	3.0834797E-2
312	3.18187248E-2
160	3.29324846E-2
132	3.29593771E-2
405	3.36200332E-2
819	3.47387304E-2
340	3.48497941E-2
762	3.61222784E-2
125	3.74395103E-2
113	3.78088159E-2
622	3.88554997E-2
598	3.95512343E-2
508	3.98304902E-2
774	4.00960494E-2
863	4.09865792E-2
227	4.29607058E-2
844	4.31349325E-2
23	4.33335486E-2
919	4.41499508E-2
864	4.42273436E-2
315	4.46389555E-2
393	4.52243387E-2
668	4.58001263E-2
270	4.70588137E-2
905	4.70865535E-2
718	4.96079339E-2
214	4.96357272E-2
212	5.02542297E-2
811	5.2411068E-2
922	5.30967666E-2
353	5.33436015E-2
102	5.7663052E-2
860	5.93808052E-2
457	6.03146183E-2
93	6.22717436E-2
272	6.37746917E-2
195	6.56529327E-2
476	6.6376718E-2
38	6.73796041E-2
644	6.84647303E-2
599	7.04902224E-2
382	7.10243864E-2
629	7.31978515E-2
728	7.42979621E-2
492	7.50012252E-2
699	7.53411705E-2
472	7.58644537E-2
930	7.61154267E-2
143	7.71138729E-2
219	7.78284847E-2
267	7.95407387E-2
951	8.15025E-2
788	8.20897327E-2
375	8.31600535E-2
275	8.31758369E-2
12	8.51144819E-2
881	8.55561665E-2
517	8.61067656E-2
197	8.71597218E-2
639	8.79756735E-2
535	8.82033086E-2
499	8.91608366E-2
814	9.03104007E-2
73	9.05325932E-2
551	9.09933167E-2
969	9.11577361E-2
339	9.33824754E-2
192	9.38528934E-2
957	9.3907434E-2
770	9.47347737E-2
773	9.57064906E-2
422	9.67882577E-2
76	9.76819736E-2
596	9.95945148E-2
854	9.99642284E-2
660	1.00701698E-1
623	1.03420287E-1
464	1.04799775E-1
997	1.05137751E-1
633	1.06310168E-1
585	1.07013931E-1
234	1.09002262E-1
1011	1.12895305E-1
914	1.14208848E-1
185	1.14503679E-1
782	1.16937807E-1
147	1.18813558E-1
963	1.1887596E-1
104	1.19087137E-1
13	1.19301905E-1
876	1.22527631E-1
397	1.22715304E-1
391	1.23360706E-1
317	1.23961165E-1
410	1.24792604E-1
218	1.24937184E-1
77	1.27389334E-1
7	1.27396028E-1
915	1.31664584E-1
238	1.31758862E-1
958	1.35068852E-1
462	1.38365154E-1
640	1.39644717E-1
731	1.39741212E-1
713	1.41087967E-1
742	1.42458076E-1
435	1.42551301E-1
832	1.44416223E-1
247	1.45198252E-1
240	1.45250246E-1
542	1.45667943E-1
286	1.46506745E-1
736	1.47594122E-1
867	1.48437437E-1
200	1.5154382E-1
24	1.52244245E-1
126	1.53090656E-1
11	1.53593092E-1
429	1.54297095E-1
538	1.57074107E-1
316	1.57541219E-1
878	1.60100267E-1
989	1.6079802E-1
777	1.62289373E-1
467	1.62511512E-1
520	1.62735958E-1
162	1.63357477E-1
642	1.64766869E-1
530	1.68020526E-1
265	1.69316628E-1
658	1.72213386E-1
614	1.73794754E-1
121	1.74337036E-1
646	1.74538738E-1
638	1.75589347E-1
149	1.76029633E-1
144	1.78135481E-1
897	1.78562692E-1
653	1.78844202E-1
279	1.79221123E-1
419	1.79873569E-1
691	1.79899658E-1
489	1.82011649E-1
482	1.82393837E-1
72	1.82396955E-1
703	1.83276755E-1
110	1.85405975E-1
996	1.87557019E-1
150	1.88967285E-1
249	1.88969988E-1
807	1.89274029E-1
928	1.93294256E-1
442	1.95578959E-1
950	1.95738678E-1
947	1.96790646E-1
768	1.9977848E-1
258	2.00338574E-1
851	2.0084273E-1
750	2.01961495E-1
336	2.02304372E-1
323	2.06255251E-1
276	2.06592858E-1
705	2.06961969E-1
396	2.07549995E-1
649	2.1047881E-1
257	2.109983E-1
637	2.11068834E-1
504	2.12692642E-1
735	2.13269087E-1
752	2.13295495E-1
30	2.15394071E-1
697	2.16461556E-1
754	2.17665646E-1
744	2.17869577E-1
287	2.1795251E-1
135	2.17974875E-1
386	2.18204772E-1
424	2.18217446E-1
904	2.19021856E-1
304	2.19423186E-1
333	2.1944387E-1
664	2.19663702E-1
678	2.23702113E-1
587	2.24783325E-1
497	2.25386816E-1
406	2.26073735E-1
656	2.27733065E-1
689	2.28452179E-1
119	2.32144847E-1
99	2.32228875E-1
285	2.32469316E-1
956	2.34790297E-1
698	2.36267304E-1
496	2.37680909E-1
903	2.37893762E-1
849	2.3930791E-1
787	2.40431635E-1
772	2.41024549E-1
959	2.41981689E-1
982	2.42588015E-1
450	2.42927083E-1
481	2.43316068E-1
458	2.43965818E-1
241	2.43977764E-1
97	2.44674076E-1
673	2.4497108E-1
237	2.45044559E-1
609	2.45073554E-1
931	2.45609262E-1
85	2.47547598E-1
594	2.47952563E-1
952	2.49971012E-1
879	2.51086741E-1
49	2.51208551E-1
916	2.51708101E-1
385	2.5183432E-1
869	2.54957522E-1
795	2.56200785E-1
324	2.56813675E-1
820	2.58690983E-1
436	2.61980138E-1
960	2.66019512E-1
985	2.66923581E-1
612	2.66981431E-1
395	2.67318036E-1
942	2.68359534E-1
52	2.69777407E-1
911	2.71987786E-1
856	2.72459208E-1
505	2.74588387E-1
659	2.77048315E-1
295	2.7711098E-1
808	2.79601628E-1
944	2.79672291E-1
720	2.79897436E-1
469	2.83480471E-1
122	2.84923686E-1
781	2.85958785E-1
236	2.8715768E-1
961	2.87250487E-1
747	2.8833151E-1
898	2.89314186E-1
628	2.89909453E-1
152	2.90194015E-1
684	2.91370088E-1
486	2.93400035E-1
1020	2.93996829E-1
1007	2.96638312E-1
394	2.97588972E-1
198	2.98715509E-1
998	2.98771872E-1
114	2.99014657E-1
159	2.99654219E-1
151	3.00847876E-1
886	3.01714077E-1
188	3.03650123E-1
568	3.05539558E-1
917	3.05754042E-1
347	3.05889258E-1
540	3.05920438E-1
95	3.06097589E-1
484	3.06809315E-1
366	3.06874967E-1
672	3.07910792E-1
129	3.08894848E-1
785	3.09634747E-1
632	3.11992733E-1
935	3.12862452E-1
399	3.13606191E-1
692	3.13713885E-1
381	3.14174767E-1
635	3.14179407E-1
100	3.14299186E-1
271	3.1437583E-1
26	3.14514409E-1
117	3.14631176E-1
546	3.14904945E-1
576	3.15100729E-1
565	3.16644131E-1
765	3.17718798E-1
872	3.19254756E-1
786	3.19706854E-1
892	3.20029355E-1
709	3.21245553E-1
889	3.22478889E-1
610	3.27156817E-1
292	3.27742168E-1
704	3.27757583E-1
355	3.28149499E-1
440	3.28321882E-1
398	3.29088693E-1
365	3.30589364E-1
579	3.31371388E-1
921	3.32935604E-1
487	3.33020202E-1
906	3.33216085E-1
1013	3.33589668E-1
677	3.3405153E-1
478	3.34128999E-1
613	3.34579059E-1
120	3.38037629E-1
541	3.39127826E-1
235	3.41820717E-1
738	3.438151E-1
367	3.44026138E-1
749	3.44150023E-1
566	3.4482505E-1
239	3.46074209E-1
862	3.47502419E-1
648	3.49197324E-1
242	3.50326047E-1
809	3.51218718E-1
225	3.55858275E-1
59	3.5763501E-1
84	3.58014946E-1
518	3.59216103E-1
926	3.60491519E-1
180	3.61889362E-1
181	3.63969571E-1
493	3.67691946E-1
671	3.68071038E-1
980	3.70854312E-1
293	3.70900047E-1
189	3.71489228E-1
1017	3.73923196E-1
764	3.76022847E-1
631	3.76403495E-1
485	3.77158722E-1
358	3.80329766E-1
320	3.81105391E-1
734	3.81110191E-1
226	3.8171715E-1
18	3.82199138E-1
760	3.82853218E-1
796	3.82996714E-1
929	3.84686287E-1
447	3.86168745E-1
461	3.87212479E-1
968	3.88332008E-1
534	3.89923869E-1
940	3.90001382E-1
1010	3.90640588E-1
319	3.91245284E-1
586	3.91625898E-1
75	3.91853894E-1
433	3.92678062E-1
282	3.94118544E-1
290	3.94253924E-1
141	3.94423173E-1
588	3.9556092E-1
555	3.96406424E-1
651	3.97219542E-1
296	3.97978973E-1
1016	3.99663384E-1
601	3.99780265E-1
490	4.01478763E-1
479	4.01594728E-1
679	4.02278937E-1
61	4.02866016E-1
213	4.04616694E-1
988	4.04921269E-1
94	4.06132973E-1
793	4.06492017E-1
3	4.09106092E-1
209	4.09520649E-1
949	4.09882157E-1
17	4.11871619E-1
78	4.11983711E-1
221	4.11988607E-1
661	4.12131053E-1
107	4.12237037E-1
954	4.12996619E-1
58	4.13115401E-1
966	4.13612704E-1
657	4.13891928E-1
577	4.14810967E-1
88	4.15219275E-1
882	4.16152406E-1
108	4.1683775E-1
584	4.17630616E-1
925	4.17921943E-1
259	4.19087137E-1
404	4.19474041E-1
776	4.19606139E-1
706	4.20143242E-1
106	4.2042991E-1
139	4.20718326E-1
145	4.21874144E-1
618	4.22322692E-1
203	4.22702822E-1
445	4.25392213E-1
248	4.28320685E-1
645	4.28854251E-1
873	4.3061506E-1
625	4.31136391E-1
217	4.31357868E-1
558	4.32666742E-1
812	4.34035002E-1
256	4.35582712E-1
702	4.37356853E-1
328	4.37671037E-1
363	4.38633542E-1
647	4.3874136E-1
761	4.38813049E-1
346	4.40367517E-1
948	4.42712719E-1
834	4.43375053E-1
544	4.45233345E-1
617	4.46336548E-1
178	4.46415007E-1
477	4.46829718E-1
260	4.47115421E-1
389	4.47498398E-1
694	4.47728681E-1
737	4.48523731E-1
400	4.50875369E-1
891	4.51790597E-1
421	4.51944511E-1
865	4.52589478E-1
852	4.52848474E-1
636	4.54720307E-1
307	4.54971081E-1
513	4.57333228E-1
206	4.59320617E-1
337	4.59916931E-1
193	4.60604512E-1
330	4.60935152E-1
991	4.61264982E-1
792	4.61570099E-1
300	4.61984789E-1
569	4.62673046E-1
115	4.6470521E-1
142	4.65323608E-1
31	4.67604422E-1
732	4.67659537E-1
616	4.6819664E-1
630	4.68624744E-1
521	4.68678504E-1
314	4.69059132E-1
222	4.69617961E-1
910	4.70093466E-1
1009	4.7153924E-1
294	4.72769348E-1
167	4.76185124E-1
603	4.77295557E-1
90	4.77706939E-1
370	4.79732176E-1
351	4.7986236E-1
634	4.80319469E-1
244	4.80739851E-1
894	4.8210884E-1
67	4.82511265E-1
970	4.83208637E-1
130	4.84755323E-1
153	4.8536701E-1
993	4.85688631E-1
976	4.87459938E-1
14	4.88469679E-1
524	4.88690064E-1
962	4.89685104E-1
374	4.90440273E-1
719	4.91387561E-1
936	4.91794022E-1
157	4.92148675E-1
349	4.95661106E-1
591	4.9622609E-1
519	4.96845604E-1
216	4.97186208E-1
335	4.97271186E-1
573	4.98962337E-1
643	4.99098583E-1
245	4.99327822E-1
210	5.03634983E-1
326	5.03699491E-1
208	5.03764542E-1
66	5.04741803E-1
712	5.04836675E-1
46	5.04852308E-1
839	5.05335946E-1
545	5.05540427E-1
44	5.05691937E-1
739	5.07380163E-1
778	5.08969503E-1
763	5.09436543E-1
233	5.09902978E-1
281	5.10833261E-1
972	5.12888583E-1
446	5.14346193E-1
463	5.16109236E-1
652	5.1803409E-1
128	5.18241068E-1
350	5.18674364E-1
896	5.19318001E-1
27	5.25294481E-1
829	5.27472124E-1
523	5.28627245E-1
696	5.31427791E-1
606	5.32369417E-1
556	5.32530529E-1
825	5.33727952E-1
771	5.33766708E-1
177	5.34419015E-1
806	5.35967846E-1
507	5.36716618E-1
999	5.39847534E-1
413	5.40318461E-1
733	5.40951482E-1
134	5.41244151E-1
313	5.41471281E-1
670	5.42291937E-1
456	5.44659584E-1
797	5.45039574E-1
34	5.45631387E-1
309	5.4650135E-1
430	5.47717323E-1
859	5.47929652E-1
170	5.48027886E-1
42	5.48661976E-1
459	5.48745417E-1
686	5.49528243E-1
805	5.50373345E-1
81	5.5056709E-1
89	5.52387603E-1
874	5.53199929E-1
164	5.55052914E-1
278	5.5645407E-1
973	5.57672813E-1
387	5.58046718E-1
415	5.58091509E-1
868	5.58321305E-1
289	5.59002587E-1
57	5.59272669E-1
662	5.59406816E-1
158	5.6094484E-1
553	5.62117985E-1
908	5.63282008E-1
82	5.63382614E-1
924	5.65257611E-1
548	5.67362679E-1
154	5.68443293E-1
624	5.68897386E-1
983	5.69147699E-1
740	5.71934677E-1
56	5.75178549E-1
571	5.76240494E-1
273	5.80620563E-1
1002	5.80769621E-1
803	5.81533772E-1
318	5.82162538E-1
987	5.82208155E-1
274	5.84219291E-1
707	5.85423995E-1
676	5.85873587E-1
701	5.8597791E-1
791	5.86755718E-1
20	5.8769574E-1
376	5.88002486E-1
753	5.88776583E-1
902	5.90051821E-1
0	5.90520978E-1
827	5.9081473E-1
974	5.93815956E-1
800	5.9388964E-1
853	5.95774291E-1
28	5.95817625E-1
549	5.96063465E-1
838	5.96472679E-1
451	5.97256823E-1
503	5.98088346E-1
685	5.98340738E-1
842	5.98436343E-1
280	5.98757387E-1
455	5.98984798E-1
1005	6.02343323E-1
746	6.02881745E-1
392	6.03425463E-1
934	6.053276E-1
327	6.06158712E-1
388	6.06361355E-1
500	6.0749342E-1
284	6.07859614E-1
667	6.08750209E-1
615	6.08891677E-1
263	6.09573222E-1
427	6.09597009E-1
514	6.09635904E-1
202	6.10020352E-1
600	6.12719027E-1
818	6.13577984E-1
362	6.14968515E-1
971	6.15367024E-1
412	6.16260767E-1
682	6.16518822E-1
909	6.17829259E-1
567	6.20550192E-1
981	6.21762958E-1
342	6.24886917E-1
64	6.25869847E-1
55	6.26283483E-1
901	6.26385071E-1
269	6.26743513E-1
1018	6.27548528E-1
360	6.2770177E-1
941	6.2808915E-1
821	6.28334778E-1
480	6.29527596E-1
96	6.34427016E-1
716	6.34521177E-1
325	6.35019799E-1
1021	6.36088381E-1
627	6.38151384E-1
575	6.39039742E-1
619	6.39362611E-1
641	6.41999781E-1
186	6.42071591E-1
883	6.43940811E-1
687	6.47698067E-1
815	6.48836244E-1
923	6.49066372E-1
155	6.49100447E-1
912	6.49200794E-1
111	6.49703879E-1
695	6.50840185E-1
86	6.50962625E-1
748	6.51129297E-1
861	6.51672394E-1
574	6.51979777E-1
539	6.52357438E-1
605	6.52937569E-1
826	6.53141479E-1
965	6.54437745E-1
525	6.54546922E-1
80	6.54907942E-1
194	6.54966824E-1
306	6.58374723E-1
835	6.58851169E-1
828	6.60033782E-1
69	6.60348623E-1
331	6.60820326E-1
105	6.63706407E-1
452	6.64237651E-1
418	6.64623832E-1
798	6.65841044E-1
953	6.65869416E-1
403	6.67132615E-1
303	6.67278497E-1
402	6.67644563E-1
252	6.67873339E-1
230	6.68410573E-1
887	6.69393413E-1
48	6.70596661E-1
621	6.74426203E-1
229	6.74612767E-1
688	6.75257907E-1
918	6.75466528E-1
675	6.7624368E-1
60	6.7720472E-1
975	6.7763316E-1
729	6.81258645E-1
582	6.82293155E-1
714	6.83456426E-1
409	6.8467475E-1
784	6.87392162E-1
532	6.88916994E-1
611	6.88980251E-1
356	6.90656329E-1
379	6.90786787E-1
608	6.9178596E-1
831	6.92922701E-1
893	6.94108303E-1
559	6.94608585E-1
253	6.94997852E-1
329	6.95997457E-1
434	6.97277977E-1
204	6.97752399E-1
491	6.98889499E-1
187	6.99836925E-1
799	7.02265085E-1
441	7.03651732E-1
1012	7.04108944E-1
978	7.04301786E-1
118	7.04437185E-1
465	7.06383513E-1
262	7.07258209E-1
437	7.08765415E-1
41	7.08942946E-1
665	7.10142812E-1
63	7.11975043E-1
789	7.12911856E-1
884	7.13043254E-1
179	7.13267848E-1
432	7.13452343E-1
74	7.14811688E-1
384	7.15227396E-1
515	7.17045613E-1
371	7.17449152E-1
1006	7.20956731E-1
933	7.24378027E-1
215	7.2489445E-1
414	7.27076081E-1
833	7.28278415E-1
871	7.2983098E-1
416	7.30598184E-1
494	7.3163595E-1
745	7.33443213E-1
277	7.3428074E-1
543	7.34772126E-1
168	7.35101725E-1
334	7.35415922E-1
816	7.36327004E-1
45	7.37026987E-1
1001	7.37514664E-1
19	7.38418911E-1
426	7.39723307E-1
372	7.4006014E-1
311	7.40227427E-1
779	7.40458388E-1
572	7.42052666E-1
1023	7.42207383E-1
756	7.42361157E-1
855	7.42704272E-1
470	7.43761322E-1
302	7.4572674E-1
250	7.46256937E-1
1022	7.46288601E-1
593	7.46816255E-1
824	7.49286676E-1
449	7.50133762E-1
223	7.50634433E-1
550	7.52503398E-1
848	7.55399546E-1
804	7.55964852E-1
589	7.56636918E-1
666	7.58140878E-1
509	7.59168519E-1
22	7.60608641E-1
847	7.61167448E-1
298	7.61332135E-1
654	7.62160339E-1
39	7.62645544E-1
184	7.64265258E-1
563	7.66538733E-1
693	7.66728305E-1
166	7.67145149E-1
994	7.67503528E-1
475	7.67572119E-1
483	7.6780784E-1
938	7.68198085E-1
511	7.6967321E-1
581	7.72879468E-1
527	7.72996082E-1
845	7.74180302E-1
663	7.75163243E-1
895	7.75885304E-1
140	7.76433725E-1
10	7.77511723E-1
597	7.78400895E-1
717	7.78953949E-1
466	7.79226622E-1
348	7.79550693E-1
722	7.79701074E-1
726	7.8040278E-1
488	7.8299991E-1
840	7.83654413E-1
211	7.85103616E-1
438	7.8540759E-1
29	7.86342003E-1
380	7.86975008E-1
32	7.87793018E-1
228	7.8884952E-1
913	7.88979392E-1
967	7.89957812E-1
352	7.9170824E-1
570	7.92311996E-1
373	7.93411994E-1
607	7.95103637E-1
512	7.98633091E-1
453	7.99444451E-1
536	8.00183219E-1
448	8.01632752E-1
723	8.01824299E-1
15	8.03471468E-1
332	8.04450196E-1
474	8.05181619E-1
54	8.06613842E-1
232	8.0715903E-1
907	8.07389672E-1
471	8.08496616E-1
383	8.09097687E-1
40	8.11067155E-1
191	8.11421392E-1
123	8.12149673E-1
510	8.14370448E-1
16	8.2029071E-1
423	8.20608575E-1
65	8.2076845E-1
199	8.21857473E-1
92	8.22071336E-1
775	8.22488347E-1
875	8.2275845E-1
172	8.22968127E-1
62	8.23256047E-1
992	8.23340271E-1
836	8.24451216E-1
592	8.24812109E-1
604	8.25903324E-1
977	8.26392509E-1
251	8.26593409E-1
127	8.27363271E-1
529	8.27672836E-1
254	8.27825585E-1
710	8.28509686E-1
133	8.29349152E-1
33	8.3008788E-1
955	8.31981038E-1
183	8.32205392E-1
165	8.32287562E-1
101	8.32963138E-1
655	8.32985349E-1
817	8.37109432E-1
136	8.38777775E-1
460	8.39418233E-1
813	8.39491253E-1
533	8.40755492E-1
945	8.45861158E-1
552	8.4846163E-1
163	8.50204149E-1
751	8.52684155E-1
322	8.57400639E-1
9	8.5771133E-1
1014	8.57952974E-1
5	8.5862386E-1
502	8.60316335E-1
454	8.61697802E-1
354	8.61894882E-1
715	8.61969539E-1
724	8.63500197E-1
995	8.64298007E-1
528	8.65503517E-1
1004	8.67447315E-1
708	8.69340094E-1
885	8.70307221E-1
137	8.72224992E-1
305	8.73262041E-1
291	8.73864871E-1
979	8.74554522E-1
51	8.76819713E-1
377	8.76965815E-1
169	8.7723011E-1
557	8.77372606E-1
899	8.78306772E-1
690	8.79080349E-1
537	8.79121413E-1
338	8.79643519E-1
554	8.79949454E-1
124	8.80632955E-1
495	8.80671918E-1
822	8.80705552E-1
721	8.81648992E-1
602	8.82519989E-1
1003	8.84690799E-1
766	8.85204979E-1
308	8.85715257E-1
680	8.8576547E-1
116	8.85787152E-1
390	8.87665694E-1
98	8.88992217E-1
877	8.91590366E-1
743	8.94140963E-1
299	8.94540875E-1
759	8.94753115E-1
473	8.97623149E-1
288	8.98085031E-1
683	8.98591579E-1
801	8.9975701E-1
783	9.02138953E-1
411	9.02269338E-1
109	9.02558783E-1
790	9.02743358E-1
564	9.04392309E-1
310	9.05141254E-1
1	9.05149828E-1
357	9.06586111E-1
810	9.07874464E-1
21	9.08566107E-1
506	9.09585028E-1
148	9.10016696E-1
943	9.10753702E-1
858	9.10806325E-1
146	9.11148052E-1
595	9.12071214E-1
53	9.13126034E-1
25	9.13491035E-1
264	9.15386469E-1
6	9.15820239E-1
841	9.1857813E-1
261	9.19121401E-1
161	9.21966038E-1
220	9.22687566E-1
890	9.23222388E-1
47	9.23579016E-1
266	9.24643758E-1
939	9.24900943E-1
207	9.25647775E-1
425	9.2661349E-1
547	9.26617756E-1
880	9.27293635E-1
68	9.28876477E-1
990	9.29099367E-1
345	9.29183482E-1
36	9.29542357E-1
846	9.29543976E-1
444	9.29743692E-1
946	9.31013369E-1
583	9.31330135E-1
8	9.32061475E-1
769	9.35794726E-1
984	9.35887443E-1
741	9.36360268E-1
1015	9.36859355E-1
498	9.39484349E-1
758	9.41503317E-1
4	9.41971484E-1
780	9.43070489E-1
343	9.43437211E-1
757	9.44978151E-1
246	9.47980925E-1
560	9.48107074E-1
516	9.50726248E-1
857	9.51103194E-1
91	9.51166261E-1
725	9.51556697E-1
301	9.52109521E-1
70	9.53268247E-1
428	9.54727672E-1
196	9.54920613E-1
562	9.57122225E-1
443	9.57907357E-1
1019	9.60248462E-1
681	9.62110807E-1
341	9.62154533E-1
900	9.64001426E-1
175	9.6444233E-1
669	9.65149372E-1
138	9.65406208E-1
174	9.65895156E-1
927	9.66248123E-1
755	9.69125165E-1
794	9.69945579E-1
843	9.71142298E-1
439	9.72275371E-1
71	9.73144916E-1
171	9.7387454E-1
50	9.74533393E-1
888	9.78273636E-1
190	9.78380798E-1
526	9.78534342E-1
83	9.78918636E-1
417	9.80734483E-1
674	9.81127389E-1
255	9.82151555E-1
176	9.83074514E-1
823	9.8357715E-1
344	9.85967301E-1
531	9.86013144E-1
359	9.86197926E-1
224	9.87495935E-1
700	9.8776781E-1
231	9.88250168E-1
87	9.9069069E-1
937	9.91732715E-1
361	9.91890145E-1
830	9.95358802E-1
35	9.96372549E-1
112	9.96812938E-1
986	9.97430506E-1
201	9.97530159E-1
