Name	chi2Pvalue
390	5.53390544E-6
813	6.11003127E-5
176	8.84474533E-4
820	1.03944721E-3
946	1.22804099E-3
309	2.14140815E-3
68	2.55440206E-3
778	3.24136115E-3
705	3.67081343E-3
626	3.80754586E-3
664	4.9559122E-3
770	5.46060332E-3
848	5.83070078E-3
1002	6.79374269E-3
992	7.22002536E-3
876	7.93248739E-3
839	8.70426324E-3
451	9.60483797E-3
111	1.09446188E-2
450	1.09760216E-2
671	1.15789462E-2
891	1.28216536E-2
327	1.35949188E-2
317	1.38430458E-2
731	1.67035072E-2
808	1.80252932E-2
239	1.82388122E-2
856	1.93567271E-2
515	1.97349932E-2
522	2.10963024E-2
751	2.20489028E-2
296	2.28656775E-2
271	2.29024124E-2
501	2.37667892E-2
55	2.541241E-2
575	2.58212808E-2
792	3.10865407E-2
306	3.17378647E-2
788	3.35195607E-2
803	3.38807184E-2
878	3.43063842E-2
480	3.56122407E-2
675	3.72036235E-2
745	3.77792456E-2
844	3.78682987E-2
479	3.88573566E-2
562	3.98903407E-2
676	4.04442335E-2
984	4.19610797E-2
823	4.32783772E-2
905	4.35752417E-2
60	4.60045502E-2
491	4.61988534E-2
319	4.7265811E-2
611	4.73249047E-2
140	4.77730927E-2
144	4.81375635E-2
429	4.87150555E-2
922	4.92872252E-2
235	4.93998417E-2
963	5.02660483E-2
672	5.06571216E-2
497	5.07986201E-2
273	5.27845043E-2
740	5.32035914E-2
468	5.33821446E-2
982	5.47409009E-2
42	5.8937583E-2
206	5.90462907E-2
892	6.0295066E-2
651	6.21856946E-2
787	6.26928515E-2
633	6.35351924E-2
467	6.62523351E-2
896	6.62729508E-2
864	6.69091235E-2
592	6.83177274E-2
83	6.96229573E-2
76	7.16619127E-2
330	7.17759203E-2
744	7.23905895E-2
606	7.57582443E-2
696	7.7233993E-2
352	7.86560308E-2
524	7.94914803E-2
20	8.00328328E-2
302	8.13300333E-2
238	8.18942602E-2
388	8.20626404E-2
93	8.30131591E-2
964	8.33854712E-2
795	8.38258012E-2
38	8.45863875E-2
160	8.50583369E-2
595	8.61549524E-2
853	8.69421407E-2
663	8.73129734E-2
622	8.73562935E-2
488	8.74104478E-2
806	8.99425197E-2
444	9.2571332E-2
45	9.31354664E-2
193	9.31479988E-2
894	9.60989797E-2
634	9.6465216E-2
791	9.7605438E-2
628	9.79863023E-2
499	9.84744995E-2
1008	9.90377198E-2
658	1.01849875E-1
370	1.02688666E-1
752	1.03287466E-1
624	1.04385041E-1
861	1.0610174E-1
564	1.06287328E-1
243	1.07871158E-1
191	1.08249183E-1
553	1.09507845E-1
750	1.12064133E-1
71	1.12217409E-1
579	1.13313809E-1
1	1.13694982E-1
660	1.16252784E-1
415	1.16655583E-1
580	1.17475691E-1
196	1.18334982E-1
728	1.1884059E-1
530	1.18897459E-1
585	1.19578787E-1
993	1.24421352E-1
88	1.26231058E-1
110	1.28044679E-1
350	1.28733343E-1
233	1.2978686E-1
995	1.30731829E-1
205	1.31176622E-1
1007	1.31290575E-1
1000	1.31586668E-1
837	1.32196331E-1
840	1.32545116E-1
635	1.32546905E-1
422	1.33287811E-1
571	1.33473851E-1
24	1.33583962E-1
785	1.37222908E-1
965	1.38268881E-1
846	1.40728989E-1
506	1.40961099E-1
782	1.42780267E-1
923	1.43684651E-1
504	1.443595E-1
54	1.44381526E-1
615	1.44408694E-1
212	1.4469784E-1
915	1.45407753E-1
863	1.4573457E-1
92	1.46040616E-1
597	1.46422871E-1
802	1.47127162E-1
1001	1.47622989E-1
556	1.48541474E-1
777	1.48679305E-1
687	1.50687854E-1
734	1.51148598E-1
677	1.51218011E-1
276	1.55326094E-1
514	1.55401341E-1
828	1.55986941E-1
512	1.56815988E-1
860	1.57533239E-1
67	1.58407427E-1
387	1.60267297E-1
500	1.60366719E-1
124	1.6072199E-1
902	1.62336021E-1
173	1.63411651E-1
609	1.63494689E-1
150	1.64231708E-1
689	1.64501934E-1
636	1.64603297E-1
223	1.65819676E-1
919	1.66700343E-1
726	1.67767167E-1
738	1.68326563E-1
245	1.69465173E-1
954	1.69501808E-1
883	1.69529676E-1
26	1.72227448E-1
310	1.7317164E-1
525	1.75049883E-1
456	1.75194168E-1
959	1.75395058E-1
289	1.76061719E-1
503	1.76138355E-1
641	1.76949552E-1
517	1.77890544E-1
547	1.82196394E-1
643	1.82920077E-1
299	1.83088624E-1
710	1.84018615E-1
646	1.84380513E-1
408	1.8624698E-1
247	1.87878419E-1
478	1.8816084E-1
182	1.8823913E-1
86	1.89513825E-1
407	1.89760149E-1
318	1.92597469E-1
769	1.94835939E-1
326	1.9547839E-1
999	1.95655425E-1
484	1.95908365E-1
591	1.98521542E-1
719	1.98933372E-1
1003	1.99581732E-1
882	2.00214342E-1
702	2.01930252E-1
269	2.03420227E-1
324	2.04411556E-1
481	2.05005853E-1
406	2.05985464E-1
949	2.05987551E-1
135	2.06853487E-1
732	2.07168634E-1
164	2.10776923E-1
910	2.11700507E-1
685	2.12782292E-1
666	2.13657547E-1
945	2.17182448E-1
928	2.17724706E-1
354	2.17791623E-1
858	2.18472094E-1
981	2.1857164E-1
131	2.18774583E-1
446	2.18813162E-1
775	2.20480996E-1
91	2.21411605E-1
773	2.2308906E-1
833	2.23803674E-1
708	2.25228447E-1
27	2.26040874E-1
360	2.28048767E-1
818	2.28990584E-1
908	2.32584381E-1
385	2.3604244E-1
123	2.38125274E-1
403	2.38931485E-1
900	2.39432191E-1
780	2.40202396E-1
368	2.40611809E-1
380	2.42111661E-1
32	2.42871914E-1
211	2.44462423E-1
596	2.44816416E-1
279	2.45616193E-1
272	2.4583085E-1
161	2.46685319E-1
213	2.49716613E-1
73	2.50097494E-1
800	2.52190196E-1
332	2.53701638E-1
680	2.55039987E-1
783	2.56539319E-1
980	2.57222805E-1
344	2.57844407E-1
30	2.59426781E-1
386	2.59812157E-1
725	2.60560174E-1
758	2.60573486E-1
465	2.6090836E-1
333	2.64344928E-1
159	2.67705088E-1
224	2.71202309E-1
136	2.74947305E-1
600	2.75722E-1
869	2.75723931E-1
94	2.75870753E-1
652	2.77044059E-1
698	2.78709712E-1
673	2.80769104E-1
101	2.81207353E-1
533	2.83287242E-1
443	2.85014575E-1
729	2.85289027E-1
152	2.85448124E-1
897	2.85961011E-1
292	2.87092286E-1
749	2.87733895E-1
99	2.88909053E-1
43	2.91024535E-1
40	2.92686047E-1
989	2.93030016E-1
990	2.9331092E-1
774	2.94581463E-1
103	2.97642238E-1
532	2.9975393E-1
10	3.0546496E-1
393	3.05774663E-1
971	3.05812295E-1
33	3.06286343E-1
603	3.06590431E-1
655	3.0780988E-1
834	3.09588991E-1
588	3.10280286E-1
661	3.12598873E-1
764	3.12945275E-1
190	3.16315475E-1
81	3.17455694E-1
35	3.1870676E-1
457	3.1944614E-1
625	3.1996828E-1
578	3.20031387E-1
6	3.2023059E-1
722	3.2079242E-1
449	3.23221655E-1
229	3.2409041E-1
487	3.24868844E-1
220	3.2665338E-1
912	3.27737782E-1
119	3.29065017E-1
951	3.2928146E-1
258	3.30460459E-1
316	3.30984713E-1
1004	3.31056656E-1
102	3.31828354E-1
114	3.32439172E-1
331	3.33096884E-1
947	3.33514772E-1
742	3.33770883E-1
117	3.34094659E-1
225	3.34740201E-1
298	3.37173009E-1
539	3.372869E-1
881	3.40085759E-1
377	3.41105502E-1
832	3.41326895E-1
659	3.43198134E-1
87	3.45709272E-1
1011	3.48239582E-1
613	3.48555317E-1
885	3.48943969E-1
772	3.49845755E-1
382	3.50204286E-1
391	3.5169135E-1
192	3.52253547E-1
594	3.52278127E-1
558	3.52743159E-1
862	3.53409683E-1
939	3.53638317E-1
329	3.53720823E-1
699	3.5449873E-1
572	3.5477996E-1
974	3.55037666E-1
9	3.55985172E-1
998	3.5665893E-1
207	3.57946328E-1
293	3.63554681E-1
362	3.67043345E-1
28	3.71110124E-1
559	3.71843878E-1
793	3.72138275E-1
361	3.72536067E-1
495	3.73141085E-1
607	3.76484238E-1
253	3.7756659E-1
198	3.77642063E-1
82	3.77742811E-1
807	3.77796669E-1
847	3.78547748E-1
325	3.80576793E-1
554	3.80718873E-1
809	3.83038082E-1
291	3.84446593E-1
994	3.86916168E-1
53	3.87041019E-1
617	3.88132267E-1
113	3.89992757E-1
445	3.91474957E-1
924	3.93906182E-1
669	3.9414888E-1
586	3.95740391E-1
953	3.98347756E-1
274	3.98634758E-1
859	3.99683226E-1
841	4.00503755E-1
508	4.00988347E-1
418	4.01321547E-1
718	4.01496278E-1
743	4.02429127E-1
470	4.03227675E-1
410	4.03806052E-1
339	4.06473289E-1
838	4.08494089E-1
568	4.1075585E-1
960	4.11281472E-1
879	4.12265966E-1
573	4.12715773E-1
768	4.12964514E-1
724	4.14288628E-1
409	4.15026036E-1
148	4.1641415E-1
8	4.17267406E-1
277	4.17885585E-1
137	4.20414592E-1
428	4.21324692E-1
376	4.22528249E-1
767	4.22855495E-1
681	4.23798304E-1
275	4.27711925E-1
545	4.27987501E-1
125	4.28455011E-1
288	4.29506276E-1
355	4.29969382E-1
433	4.30282799E-1
75	4.32841884E-1
107	4.33219842E-1
122	4.33620861E-1
203	4.3695144E-1
129	4.37963404E-1
684	4.38983222E-1
363	4.39331185E-1
836	4.42182415E-1
1015	4.42548256E-1
756	4.42886442E-1
794	4.43761958E-1
667	4.44015727E-1
217	4.44998491E-1
12	4.46328182E-1
397	4.48468136E-1
163	4.49318655E-1
921	4.49427824E-1
866	4.50578331E-1
39	4.50739753E-1
884	4.51856409E-1
850	4.52627914E-1
264	4.53375723E-1
988	4.53380802E-1
432	4.54493454E-1
842	4.54787228E-1
538	4.55112406E-1
786	4.55418057E-1
736	4.56681423E-1
474	4.56721992E-1
542	4.57280769E-1
66	4.61086572E-1
972	4.62909786E-1
320	4.63510352E-1
305	4.66520796E-1
145	4.66715E-1
460	4.67000591E-1
4	4.67050774E-1
242	4.67728922E-1
200	4.67898507E-1
913	4.69254989E-1
544	4.71667194E-1
528	4.72757063E-1
709	4.74848469E-1
697	4.7544612E-1
436	4.76448828E-1
104	4.7677397E-1
304	4.79745697E-1
541	4.79756553E-1
157	4.79817614E-1
966	4.79908236E-1
771	4.8102574E-1
979	4.81268477E-1
0	4.81523503E-1
686	4.82545802E-1
665	4.82590713E-1
857	4.84561708E-1
260	4.85653425E-1
197	4.87448728E-1
257	4.88110123E-1
898	4.8821251E-1
187	4.90324901E-1
721	4.90384001E-1
84	4.90430882E-1
593	4.9227756E-1
904	4.92984713E-1
263	4.93953209E-1
987	4.94076597E-1
962	4.95092214E-1
969	4.95496249E-1
1021	4.97806904E-1
90	4.97940598E-1
2	4.99449032E-1
112	5.02272393E-1
957	5.04786044E-1
855	5.0793362E-1
394	5.09272473E-1
398	5.11035254E-1
165	5.11316091E-1
854	5.11752385E-1
314	5.11960411E-1
48	5.13198623E-1
341	5.13338153E-1
228	5.14274323E-1
526	5.14288345E-1
454	5.158256E-1
1016	5.16699331E-1
473	5.16903813E-1
21	5.17566023E-1
340	5.17586665E-1
944	5.1859328E-1
357	5.18801216E-1
447	5.19306996E-1
819	5.20079547E-1
74	5.21244828E-1
760	5.24166471E-1
218	5.24291074E-1
268	5.24393158E-1
453	5.24815616E-1
458	5.2654842E-1
334	5.27260406E-1
427	5.2736433E-1
442	5.28044829E-1
186	5.28386258E-1
950	5.29040579E-1
527	5.30503792E-1
1023	5.30505351E-1
569	5.3143126E-1
682	5.31679951E-1
338	5.33409425E-1
282	5.35225667E-1
65	5.35994142E-1
185	5.37816527E-1
249	5.37843431E-1
730	5.37965948E-1
679	5.42348793E-1
351	5.4321089E-1
424	5.45276024E-1
737	5.45412845E-1
557	5.45899729E-1
509	5.49022089E-1
374	5.49440685E-1
222	5.49993131E-1
1005	5.52850037E-1
177	5.55169242E-1
476	5.55737495E-1
829	5.56531197E-1
875	5.56581423E-1
614	5.56892207E-1
219	5.58006521E-1
69	5.58500261E-1
520	5.62736507E-1
412	5.63549602E-1
889	5.65120414E-1
132	5.65704799E-1
56	5.65773993E-1
748	5.66709191E-1
64	5.67163919E-1
978	5.67479759E-1
1020	5.68076456E-1
956	5.68575747E-1
312	5.69368132E-1
364	5.70597115E-1
917	5.71249277E-1
1014	5.7147802E-1
706	5.72526586E-1
649	5.72620767E-1
381	5.7368151E-1
502	5.73736548E-1
434	5.73761688E-1
759	5.75037436E-1
349	5.7529583E-1
584	5.76221735E-1
420	5.78768293E-1
932	5.80233492E-1
703	5.8146378E-1
183	5.81751059E-1
146	5.82131907E-1
405	5.84471764E-1
754	5.84917374E-1
899	5.85233702E-1
612	5.87606481E-1
510	5.87724909E-1
605	5.88120822E-1
141	5.88374361E-1
36	5.88758222E-1
342	5.89333759E-1
494	5.90199048E-1
255	5.90699177E-1
79	5.91156972E-1
670	5.91544716E-1
80	5.91702525E-1
716	5.92434048E-1
353	5.92448026E-1
259	5.93077189E-1
827	5.94272285E-1
471	5.98584179E-1
927	5.99422563E-1
15	6.03059946E-1
991	6.03209732E-1
153	6.04266045E-1
851	6.05191883E-1
521	6.06461061E-1
627	6.06852067E-1
347	6.06871274E-1
644	6.08584285E-1
958	6.09796449E-1
505	6.10316569E-1
648	6.10386403E-1
5	6.1175595E-1
931	6.12451286E-1
435	6.14368485E-1
766	6.20255872E-1
983	6.20894365E-1
816	6.21402075E-1
167	6.2343208E-1
106	6.23948214E-1
798	6.26339824E-1
431	6.26885533E-1
531	6.27274078E-1
266	6.27480381E-1
739	6.28634354E-1
797	6.29049081E-1
311	6.29220937E-1
713	6.29559488E-1
630	6.3057478E-1
765	6.30899019E-1
926	6.31079654E-1
849	6.32964416E-1
469	6.33189886E-1
78	6.33621495E-1
14	6.34504724E-1
170	6.36926046E-1
1006	6.37434657E-1
466	6.39880152E-1
234	6.40652388E-1
888	6.41102556E-1
970	6.42535983E-1
873	6.42593399E-1
280	6.44071767E-1
631	6.44636466E-1
821	6.44685826E-1
537	6.45770401E-1
313	6.47294817E-1
712	6.47482019E-1
668	6.48328732E-1
935	6.49438056E-1
463	6.50539737E-1
400	6.52091977E-1
105	6.5293508E-1
134	6.56338325E-1
307	6.56340912E-1
492	6.56345587E-1
172	6.57256353E-1
865	6.57929864E-1
483	6.61097017E-1
535	6.62266875E-1
13	6.62302049E-1
127	6.63570074E-1
925	6.64621117E-1
493	6.65984169E-1
290	6.66235535E-1
49	6.68432288E-1
907	6.68869864E-1
215	6.7059867E-1
100	6.70785752E-1
417	6.70827002E-1
727	6.71141081E-1
367	6.73124707E-1
62	6.73488888E-1
171	6.75016104E-1
1018	6.77473982E-1
835	6.77981002E-1
147	6.80202614E-1
877	6.80503141E-1
604	6.80574618E-1
63	6.82164082E-1
707	6.82341623E-1
46	6.83376216E-1
511	6.83922948E-1
204	6.86223327E-1
118	6.87400682E-1
691	6.87739308E-1
256	6.87987387E-1
184	6.90335173E-1
373	6.90709115E-1
714	6.90889318E-1
890	6.91088829E-1
546	6.9405008E-1
31	6.94097677E-1
179	6.94827228E-1
284	6.95879282E-1
195	6.9624883E-1
158	6.97466486E-1
278	6.99342962E-1
763	6.99562522E-1
895	7.00031779E-1
996	7.00068556E-1
870	7.0125466E-1
762	7.03232576E-1
343	7.03768212E-1
459	7.03983392E-1
285	7.04561817E-1
37	7.05885231E-1
489	7.08114516E-1
642	7.09621124E-1
448	7.09992641E-1
555	7.13711291E-1
482	7.1534479E-1
601	7.15793037E-1
534	7.16211288E-1
455	7.17550591E-1
583	7.17973341E-1
952	7.1887788E-1
903	7.19485494E-1
638	7.19533835E-1
414	7.20750505E-1
561	7.21631859E-1
378	7.24603679E-1
683	7.24746225E-1
168	7.25301315E-1
371	7.25695816E-1
366	7.26445615E-1
85	7.26846125E-1
7	7.26863397E-1
1010	7.272387E-1
169	7.27264544E-1
830	7.27591092E-1
647	7.27613934E-1
61	7.27675283E-1
208	7.27724528E-1
757	7.29083641E-1
323	7.29961716E-1
438	7.32374153E-1
822	7.35188396E-1
210	7.36449867E-1
674	7.36825053E-1
174	7.37349886E-1
911	7.37744382E-1
423	7.39286951E-1
133	7.39864354E-1
155	7.41258872E-1
577	7.48038345E-1
464	7.49636197E-1
637	7.50138504E-1
214	7.51231965E-1
640	7.51287677E-1
616	7.54882046E-1
825	7.55541921E-1
226	7.56051371E-1
248	7.56408922E-1
518	7.57471187E-1
933	7.5819208E-1
156	7.59751638E-1
221	7.60958908E-1
700	7.61082554E-1
976	7.61173543E-1
356	7.62081479E-1
653	7.62779931E-1
18	7.62879385E-1
893	7.63488779E-1
711	7.63831946E-1
985	7.64295467E-1
753	7.64840826E-1
3	7.65026765E-1
439	7.65356906E-1
886	7.6575979E-1
395	7.68412353E-1
143	7.68899927E-1
116	7.69347247E-1
322	7.69870179E-1
29	7.71182971E-1
929	7.71197169E-1
632	7.71754399E-1
688	7.7420395E-1
250	7.74440436E-1
620	7.7458843E-1
461	7.74655451E-1
267	7.74700547E-1
202	7.75134979E-1
936	7.75423014E-1
789	7.76508695E-1
308	7.76556028E-1
587	7.77646217E-1
389	7.79057607E-1
462	7.79339156E-1
227	7.80098562E-1
236	7.80150714E-1
570	7.8084878E-1
154	7.81346008E-1
498	7.81591371E-1
784	7.82341128E-1
246	7.82929346E-1
901	7.83833463E-1
201	7.84310838E-1
59	7.87352373E-1
1022	7.87626883E-1
826	7.87651325E-1
516	7.88154693E-1
814	7.88326318E-1
941	7.8859551E-1
337	7.89575459E-1
404	7.90538182E-1
619	7.90795839E-1
301	7.91716895E-1
662	7.91849744E-1
166	7.9196431E-1
513	7.92252057E-1
934	7.92853846E-1
701	7.92980398E-1
162	7.93963492E-1
115	7.94732128E-1
97	7.94754531E-1
887	7.95550698E-1
799	7.96064387E-1
57	7.96245963E-1
120	7.97298923E-1
715	7.97952117E-1
216	7.99127067E-1
560	8.00666278E-1
295	8.01485206E-1
781	8.01538533E-1
411	8.02492433E-1
550	8.03678663E-1
194	8.04829935E-1
22	8.05978098E-1
44	8.06256896E-1
690	8.0977022E-1
540	8.10070601E-1
139	8.13118648E-1
741	8.13450688E-1
811	8.13752858E-1
551	8.13880959E-1
523	8.16835153E-1
563	8.17043918E-1
209	8.20494182E-1
790	8.22599623E-1
916	8.24645436E-1
328	8.25023731E-1
346	8.2635079E-1
17	8.26579475E-1
262	8.27521797E-1
852	8.29019995E-1
496	8.30338288E-1
880	8.30604314E-1
599	8.31041606E-1
621	8.310705E-1
955	8.34023047E-1
336	8.34220615E-1
733	8.34565559E-1
598	8.35026809E-1
303	8.36480008E-1
576	8.3741554E-1
348	8.39209918E-1
392	8.40254327E-1
254	8.41087714E-1
486	8.43228747E-1
645	8.44286868E-1
437	8.44638973E-1
138	8.47627992E-1
472	8.50121149E-1
602	8.5155492E-1
940	8.52454574E-1
867	8.5301321E-1
906	8.53229245E-1
582	8.53300193E-1
843	8.53436495E-1
529	8.54068313E-1
567	8.54069662E-1
975	8.54227139E-1
678	8.56082211E-1
425	8.57131662E-1
89	8.60444773E-1
232	8.60561657E-1
231	8.60822891E-1
938	8.63068934E-1
650	8.63464349E-1
180	8.63744119E-1
365	8.65936172E-1
1019	8.70585958E-1
914	8.71972294E-1
51	8.72024711E-1
1009	8.73543191E-1
241	8.73574769E-1
178	8.73655365E-1
589	8.76387036E-1
315	8.77109867E-1
704	8.77684024E-1
72	8.78840107E-1
868	8.78998596E-1
831	8.7949053E-1
536	8.79496758E-1
977	8.80584071E-1
871	8.81038206E-1
426	8.82213535E-1
519	8.83571335E-1
872	8.84825333E-1
416	8.87762278E-1
396	8.89013181E-1
142	8.89024352E-1
909	8.90179687E-1
121	8.90276476E-1
98	8.90387462E-1
566	8.90418142E-1
565	8.90828686E-1
421	8.93808231E-1
720	8.94680819E-1
109	8.95257875E-1
252	8.96448016E-1
149	8.9761096E-1
747	8.98323397E-1
240	8.99029144E-1
1017	9.00090269E-1
717	9.01999113E-1
151	9.02146551E-1
845	9.02453799E-1
968	9.02887086E-1
1012	9.05351836E-1
321	9.07563743E-1
294	9.07811531E-1
430	9.08616106E-1
812	9.08862731E-1
16	9.09645764E-1
52	9.10427434E-1
581	9.10811016E-1
776	9.10918671E-1
261	9.11670066E-1
401	9.12316701E-1
618	9.15472173E-1
175	9.16217417E-1
441	9.16760749E-1
34	9.17240118E-1
47	9.18124642E-1
629	9.18640473E-1
413	9.18692767E-1
128	9.21766511E-1
779	9.23385884E-1
126	9.24655745E-1
817	9.24795913E-1
477	9.26255092E-1
918	9.26982981E-1
874	9.27039704E-1
475	9.2793609E-1
552	9.28529992E-1
11	9.28594074E-1
543	9.29338105E-1
287	9.30120125E-1
639	9.31499862E-1
735	9.32677509E-1
270	9.33846963E-1
300	9.34089007E-1
297	9.35462264E-1
574	9.37099489E-1
384	9.37483406E-1
265	9.40125998E-1
801	9.41529882E-1
723	9.41694221E-1
96	9.41861955E-1
440	9.4198502E-1
610	9.45884035E-1
657	9.47489769E-1
805	9.48342683E-1
130	9.50349156E-1
997	9.52800798E-1
692	9.5287771E-1
358	9.52961989E-1
372	9.54018123E-1
693	9.54300205E-1
986	9.54568846E-1
973	9.54859771E-1
507	9.55006409E-1
19	9.56055437E-1
335	9.57817579E-1
695	9.57821829E-1
251	9.58618813E-1
961	9.59341103E-1
967	9.59567987E-1
608	9.60244535E-1
549	9.60296283E-1
943	9.62377644E-1
23	9.65716372E-1
485	9.65965122E-1
50	9.66648256E-1
452	9.66735357E-1
181	9.67393562E-1
656	9.67975819E-1
810	9.70218116E-1
25	9.70866194E-1
824	9.73116155E-1
286	9.76069648E-1
815	9.76650327E-1
189	9.7702709E-1
490	9.77121531E-1
237	9.77527891E-1
402	9.78096018E-1
755	9.79031386E-1
942	9.79833205E-1
930	9.81457563E-1
746	9.82056916E-1
345	9.82543244E-1
948	9.82973502E-1
694	9.8417506E-1
548	9.84187642E-1
937	9.84901884E-1
379	9.85063625E-1
654	9.85573363E-1
244	9.85996803E-1
108	9.89436986E-1
804	9.89638813E-1
419	9.89884114E-1
623	9.89948221E-1
77	9.90667521E-1
41	9.90947638E-1
95	9.91331048E-1
230	9.918309E-1
199	9.9211027E-1
383	9.92423649E-1
1013	9.93935718E-1
761	9.9435097E-1
188	9.95276117E-1
58	9.95778707E-1
359	9.96260957E-1
399	9.96969328E-1
796	9.98206199E-1
70	9.99338478E-1
375	9.99942352E-1
281	9.99995528E-1
