Name	chi2Pvalue
802	1.35337991E-5
103	2.07958935E-4
734	2.08696219E-4
411	5.80008657E-4
750	6.77401433E-4
176	2.188478E-3
917	2.22596905E-3
235	3.68384459E-3
912	5.30244679E-3
273	7.49761312E-3
658	7.5113502E-3
467	8.42193579E-3
55	1.00174082E-2
959	1.12025804E-2
517	1.16233844E-2
624	1.19216916E-2
49	1.20997878E-2
327	1.24771898E-2
448	1.2811571E-2
775	1.28262478E-2
719	1.40854892E-2
111	1.53230097E-2
579	1.82779781E-2
519	1.88564841E-2
117	1.92848806E-2
169	1.99475424E-2
576	2.02164821E-2
266	2.04387625E-2
839	2.25719964E-2
664	2.28224434E-2
980	2.29258595E-2
830	2.29822817E-2
333	2.58176162E-2
456	2.71441179E-2
782	2.72189117E-2
405	2.74515111E-2
314	2.78535134E-2
151	2.85536788E-2
675	2.87187237E-2
627	2.90938998E-2
474	3.17715564E-2
429	3.22390224E-2
299	3.38167825E-2
68	3.44301988E-2
965	3.55493069E-2
950	3.62199348E-2
838	3.84509965E-2
991	3.97812127E-2
94	4.2544472E-2
186	4.77381913E-2
937	4.98294389E-2
993	5.04571929E-2
740	5.06586347E-2
864	5.17906758E-2
1010	5.20878533E-2
818	5.2358114E-2
994	5.2412283E-2
92	5.36466967E-2
436	5.43952771E-2
723	5.48649159E-2
651	5.55161879E-2
945	5.56398531E-2
670	5.63229372E-2
527	5.71227599E-2
573	5.86836479E-2
958	5.93425322E-2
528	6.12807706E-2
982	6.13699023E-2
164	6.42390957E-2
203	6.48416829E-2
492	6.54550991E-2
691	6.67684809E-2
919	6.90782088E-2
277	7.00868404E-2
784	7.20773812E-2
469	7.22501188E-2
75	7.24192134E-2
538	7.44117324E-2
491	7.76111447E-2
385	7.76304688E-2
443	7.80172639E-2
418	7.84250593E-2
239	7.91473537E-2
101	7.91926427E-2
764	8.3026225E-2
407	8.45394268E-2
856	8.658526E-2
387	8.92085777E-2
171	8.94147882E-2
318	8.99004009E-2
548	9.04756039E-2
603	9.23604678E-2
661	9.26363541E-2
321	9.27184072E-2
303	9.31642389E-2
137	9.49947511E-2
851	9.63886959E-2
112	9.65499242E-2
161	9.78067985E-2
359	9.81104791E-2
653	1.01563754E-1
575	1.04218071E-1
204	1.04793448E-1
794	1.05004505E-1
7	1.05777282E-1
248	1.0751551E-1
95	1.07593899E-1
366	1.07823596E-1
969	1.08439667E-1
388	1.11283441E-1
27	1.13970089E-1
836	1.15415737E-1
221	1.15738061E-1
485	1.17293637E-1
34	1.19912293E-1
220	1.22019645E-1
607	1.22322474E-1
393	1.22476607E-1
956	1.25268563E-1
970	1.25382283E-1
728	1.27500256E-1
119	1.27551848E-1
841	1.28626773E-1
238	1.30390674E-1
893	1.30444668E-1
532	1.30699439E-1
173	1.31586057E-1
363	1.32749568E-1
201	1.3286635E-1
732	1.33043624E-1
754	1.34158445E-1
36	1.36290522E-1
329	1.37695842E-1
833	1.38287286E-1
615	1.39071481E-1
212	1.39334486E-1
312	1.39593123E-1
187	1.40422176E-1
611	1.41084115E-1
374	1.4211213E-1
671	1.4218747E-1
546	1.42312734E-1
300	1.43929112E-1
918	1.44100264E-1
237	1.44448767E-1
744	1.44938241E-1
44	1.46258779E-1
638	1.47192621E-1
170	1.4749221E-1
853	1.48021693E-1
946	1.49921761E-1
167	1.52035902E-1
900	1.54340741E-1
619	1.55779497E-1
787	1.56217999E-1
191	1.5734147E-1
779	1.58478863E-1
120	1.58826764E-1
849	1.61466311E-1
957	1.61931536E-1
873	1.63545561E-1
977	1.64103646E-1
813	1.65642103E-1
440	1.67620874E-1
320	1.67855541E-1
339	1.69445228E-1
480	1.72762204E-1
487	1.75211611E-1
493	1.75976557E-1
326	1.77078137E-1
843	1.77199961E-1
858	1.8007466E-1
716	1.8128943E-1
147	1.81411315E-1
159	1.81856216E-1
144	1.83025995E-1
293	1.85935512E-1
963	1.85962311E-1
341	1.87387892E-1
883	1.87432142E-1
736	1.87713775E-1
496	1.88643936E-1
28	1.89268851E-1
423	1.89805453E-1
368	1.90884397E-1
140	1.92257121E-1
631	1.93076653E-1
985	1.9370585E-1
315	1.93729941E-1
184	1.93934595E-1
219	1.93983209E-1
657	1.94118956E-1
891	1.94963102E-1
562	1.95439653E-1
871	1.97002704E-1
986	1.98164859E-1
823	1.98252707E-1
762	1.98590216E-1
20	2.00369699E-1
23	2.01693045E-1
349	2.02926741E-1
279	2.03785869E-1
334	2.05108575E-1
71	2.0650332E-1
185	2.06898469E-1
673	2.10263396E-1
400	2.10889106E-1
865	2.11593203E-1
846	2.11900239E-1
43	2.13888844E-1
597	2.14823528E-1
947	2.17549833E-1
16	2.1883522E-1
584	2.18923274E-1
35	2.19057642E-1
451	2.19093726E-1
591	2.20039378E-1
196	2.20573327E-1
790	2.21162991E-1
726	2.21606521E-1
358	2.22886481E-1
887	2.25025625E-1
91	2.2508394E-1
901	2.25636254E-1
683	2.26349668E-1
844	2.26598172E-1
565	2.26822408E-1
1005	2.27838957E-1
242	2.29903769E-1
926	2.30528133E-1
84	2.31794279E-1
453	2.37246029E-1
412	2.38255251E-1
600	2.38433231E-1
51	2.38680889E-1
489	2.41229034E-1
990	2.41314659E-1
371	2.41806818E-1
687	2.43130826E-1
343	2.43295842E-1
667	2.43446963E-1
803	2.44921664E-1
228	2.45306088E-1
1014	2.51586361E-1
165	2.51803365E-1
835	2.52985257E-1
218	2.53239602E-1
620	2.57123171E-1
908	2.59001677E-1
26	2.59011516E-1
430	2.59339102E-1
476	2.60590358E-1
889	2.60597484E-1
310	2.61830591E-1
534	2.62044138E-1
698	2.62421018E-1
206	2.62886631E-1
466	2.63204718E-1
152	2.63280465E-1
297	2.63590647E-1
350	2.63661858E-1
747	2.64565695E-1
473	2.6629454E-1
966	2.6945838E-1
222	2.6989578E-1
390	2.70379105E-1
870	2.70558866E-1
114	2.71099191E-1
629	2.71104494E-1
850	2.71272694E-1
89	2.71711093E-1
556	2.74221048E-1
122	2.76675391E-1
307	2.76722564E-1
154	2.7674467E-1
88	2.78113028E-1
338	2.79104588E-1
87	2.79509514E-1
135	2.8109574E-1
769	2.81549223E-1
678	2.81726293E-1
525	2.82027594E-1
392	2.85725251E-1
413	2.87771177E-1
825	2.88097637E-1
526	2.89258808E-1
503	2.89526803E-1
923	2.89572298E-1
240	2.91152826E-1
404	2.92207733E-1
758	2.92625194E-1
861	2.92634935E-1
960	2.92719998E-1
463	2.9287597E-1
69	2.93163532E-1
516	2.93392334E-1
847	2.93596459E-1
877	2.93924318E-1
53	2.96531668E-1
127	2.98266872E-1
829	2.98664619E-1
705	2.99156836E-1
21	2.99647763E-1
878	3.01315354E-1
232	3.03603795E-1
25	3.04850832E-1
768	3.08048489E-1
396	3.08565125E-1
403	3.09061545E-1
848	3.09903126E-1
494	3.11452739E-1
872	3.11981902E-1
308	3.12128086E-1
506	3.12304836E-1
520	3.13197783E-1
783	3.13673258E-1
513	3.1583297E-1
98	3.17490366E-1
365	3.18873127E-1
322	3.20634724E-1
811	3.21449258E-1
907	3.22961968E-1
477	3.23772529E-1
346	3.24554906E-1
14	3.26606166E-1
976	3.27225753E-1
182	3.29739332E-1
588	3.2988353E-1
857	3.30409291E-1
704	3.34292912E-1
772	3.42672809E-1
229	3.43322496E-1
193	3.43546758E-1
642	3.47196469E-1
199	3.50831569E-1
614	3.5160622E-1
692	3.53987504E-1
554	3.5453048E-1
622	3.55938419E-1
481	3.56576267E-1
541	3.56960416E-1
424	3.57233675E-1
606	3.58407244E-1
778	3.58592272E-1
808	3.5891558E-1
518	3.5921641E-1
1007	3.597238E-1
559	3.61165295E-1
625	3.61270988E-1
876	3.61661157E-1
58	3.62472824E-1
24	3.62525247E-1
214	3.6373368E-1
855	3.67520133E-1
76	3.67695499E-1
401	3.68771095E-1
331	3.68872261E-1
921	3.71588176E-1
1018	3.72323638E-1
896	3.7284487E-1
478	3.73162142E-1
180	3.74596644E-1
224	3.75092E-1
72	3.78703348E-1
192	3.79575311E-1
351	3.79693058E-1
785	3.79920179E-1
352	3.80085651E-1
263	3.81052587E-1
909	3.82169663E-1
434	3.84114882E-1
869	3.84338091E-1
760	3.84615059E-1
255	3.85082317E-1
763	3.8618563E-1
939	3.86343432E-1
799	3.86858129E-1
604	3.87704668E-1
983	3.89410988E-1
936	3.89610314E-1
640	3.90673011E-1
470	3.91284327E-1
39	3.93902892E-1
662	3.94084029E-1
911	3.95276633E-1
931	3.95443364E-1
447	3.954824E-1
1	3.95950329E-1
902	3.97238121E-1
497	3.97804767E-1
777	3.97806779E-1
354	3.97810473E-1
547	4.02734267E-1
38	4.04731297E-1
13	4.05020204E-1
22	4.05402261E-1
370	4.05509312E-1
432	4.05847819E-1
521	4.06296695E-1
200	4.06988E-1
1008	4.08327307E-1
749	4.09926605E-1
884	4.10164641E-1
450	4.10625856E-1
330	4.1092568E-1
236	4.10989524E-1
967	4.11018131E-1
817	4.11169962E-1
852	4.11945611E-1
978	4.12606649E-1
938	4.14614416E-1
748	4.15167548E-1
126	4.15802009E-1
99	4.15890006E-1
309	4.16791958E-1
929	4.17487296E-1
585	4.17799764E-1
1002	4.18356843E-1
355	4.19491613E-1
48	4.19995602E-1
313	4.20144826E-1
77	4.20950109E-1
988	4.21207382E-1
535	4.24572446E-1
231	4.24620423E-1
975	4.24664822E-1
530	4.26322902E-1
695	4.27658852E-1
276	4.30152982E-1
441	4.31060426E-1
128	4.31657316E-1
826	4.32865454E-1
821	4.33773915E-1
636	4.3483597E-1
163	4.3763978E-1
533	4.3888648E-1
733	4.40024114E-1
335	4.42355142E-1
660	4.42447579E-1
646	4.44106039E-1
592	4.44768039E-1
710	4.47508435E-1
735	4.48034346E-1
930	4.48264939E-1
381	4.49425801E-1
531	4.50029957E-1
256	4.50139253E-1
1001	4.50233897E-1
223	4.5064437E-1
510	4.51072797E-1
490	4.51630504E-1
555	4.52014649E-1
177	4.54695495E-1
892	4.55728026E-1
809	4.55886096E-1
32	4.57597537E-1
953	4.58759658E-1
1012	4.58814131E-1
679	4.60389417E-1
721	4.63901324E-1
336	4.63976032E-1
104	4.64472491E-1
766	4.65838939E-1
107	4.66175536E-1
81	4.69785259E-1
997	4.70517668E-1
325	4.70675514E-1
962	4.70878842E-1
210	4.70997374E-1
156	4.72038294E-1
304	4.72627807E-1
523	4.76671292E-1
628	4.77131342E-1
1000	4.77873867E-1
484	4.78325144E-1
316	4.78422009E-1
894	4.79630401E-1
639	4.8056047E-1
118	4.80877811E-1
881	4.83821525E-1
376	4.86924106E-1
426	4.87098861E-1
1004	4.8763729E-1
882	4.91372132E-1
951	4.91784376E-1
357	4.91983996E-1
601	4.92492925E-1
992	4.94150189E-1
61	4.94757663E-1
564	4.95936159E-1
505	4.96871246E-1
798	4.99405699E-1
285	5.00463166E-1
395	5.00910902E-1
633	5.01930468E-1
80	5.0528228E-1
862	5.0552971E-1
452	5.08990131E-1
105	5.10409792E-1
78	5.11325463E-1
30	5.11406968E-1
305	5.11710703E-1
972	5.12390816E-1
643	5.14678666E-1
138	5.15027792E-1
9	5.15476883E-1
981	5.19280401E-1
306	5.20502032E-1
717	5.21603157E-1
903	5.222699E-1
776	5.24509385E-1
286	5.24602485E-1
819	5.24811469E-1
899	5.27232098E-1
319	5.28034475E-1
410	5.29069819E-1
245	5.30166112E-1
713	5.32663191E-1
386	5.33150598E-1
234	5.33511963E-1
361	5.34279103E-1
793	5.34343211E-1
268	5.35116568E-1
143	5.36074365E-1
29	5.3811104E-1
125	5.4042653E-1
605	5.41309532E-1
499	5.42517843E-1
379	5.43659459E-1
828	5.47430742E-1
649	5.49066974E-1
632	5.49270746E-1
501	5.49884733E-1
287	5.51601286E-1
752	5.52296059E-1
753	5.53459567E-1
539	5.56287029E-1
62	5.57403111E-1
995	5.58668673E-1
816	5.59919082E-1
472	5.62443344E-1
741	5.62893669E-1
155	5.64722366E-1
252	5.6579366E-1
729	5.68021756E-1
226	5.68752626E-1
731	5.69034628E-1
280	5.69139015E-1
973	5.70822391E-1
417	5.7119387E-1
495	5.71330012E-1
284	5.71480989E-1
106	5.71753685E-1
427	5.72243218E-1
707	5.72733805E-1
189	5.73614296E-1
246	5.73703581E-1
377	5.73999822E-1
160	5.7608067E-1
96	5.77111893E-1
552	5.78448199E-1
378	5.80445677E-1
15	5.80867432E-1
31	5.81275264E-1
60	5.83731633E-1
804	5.84629463E-1
558	5.85126169E-1
676	5.86805086E-1
12	5.89407555E-1
356	5.89797077E-1
64	5.91616998E-1
271	5.92305169E-1
751	5.92807762E-1
634	5.93404036E-1
685	5.94333564E-1
409	5.95226061E-1
543	5.95448383E-1
880	5.95712202E-1
755	5.97168956E-1
188	5.97642361E-1
116	5.97673492E-1
998	5.99199584E-1
353	5.99308892E-1
1013	5.99319635E-1
479	5.9947033E-1
910	6.00610333E-1
382	6.00947867E-1
110	6.01095988E-1
360	6.01142026E-1
718	6.01931139E-1
879	6.03766983E-1
702	6.05941628E-1
668	6.06108535E-1
746	6.08783749E-1
765	6.09709498E-1
1011	6.09847566E-1
294	6.09958559E-1
458	6.1234974E-1
928	6.12357069E-1
780	6.12409067E-1
621	6.14159455E-1
183	6.15256006E-1
402	6.18275593E-1
449	6.19151382E-1
665	6.19981934E-1
136	6.20756668E-1
886	6.2195839E-1
774	6.22050872E-1
45	6.22272995E-1
217	6.23150382E-1
971	6.23562641E-1
296	6.23785644E-1
706	6.24993626E-1
566	6.25019848E-1
571	6.26140312E-1
345	6.26485054E-1
599	6.28226352E-1
468	6.30333259E-1
724	6.30772108E-1
270	6.30945708E-1
820	6.3109361E-1
767	6.31816793E-1
93	6.33786075E-1
289	6.34120795E-1
791	6.34405932E-1
647	6.35681614E-1
428	6.35685354E-1
570	6.39736392E-1
587	6.41370844E-1
438	6.4181311E-1
979	6.42278595E-1
645	6.43673082E-1
397	6.44005715E-1
17	6.45268699E-1
578	6.46528333E-1
328	6.46620109E-1
8	6.47998519E-1
380	6.48259221E-1
866	6.49631166E-1
348	6.51811679E-1
63	6.52081307E-1
807	6.52402173E-1
292	6.52414762E-1
812	6.52529803E-1
551	6.53436996E-1
465	6.56706954E-1
414	6.57183133E-1
544	6.58885009E-1
194	6.61004419E-1
609	6.62428368E-1
560	6.6369452E-1
943	6.65431477E-1
574	6.65891836E-1
323	6.67743465E-1
142	6.67814921E-1
442	6.68156513E-1
602	6.69222394E-1
890	6.70518258E-1
773	6.74109356E-1
230	6.74504063E-1
906	6.74817987E-1
669	6.7520762E-1
133	6.76800489E-1
375	6.77031439E-1
504	6.78505319E-1
563	6.79229559E-1
288	6.81243068E-1
129	6.85548078E-1
655	6.8640619E-1
362	6.8733856E-1
317	6.89686062E-1
445	6.90449071E-1
674	6.90709711E-1
109	6.92420334E-1
394	6.93083817E-1
1016	6.93947246E-1
824	6.94098002E-1
635	6.95443891E-1
384	6.95528317E-1
863	6.98361367E-1
699	7.00890222E-1
586	7.01829532E-1
703	7.0230565E-1
511	7.03636311E-1
324	7.03651901E-1
459	7.04163029E-1
225	7.04918487E-1
708	7.05527335E-1
934	7.05848682E-1
885	7.06210474E-1
522	7.0637204E-1
693	7.07269283E-1
697	7.07731192E-1
714	7.07733013E-1
416	7.0827317E-1
262	7.10889742E-1
786	7.12312116E-1
875	7.14291942E-1
211	7.16036374E-1
332	7.17418599E-1
942	7.17640345E-1
460	7.18896916E-1
179	7.19048616E-1
789	7.19295657E-1
269	7.20084925E-1
974	7.21036788E-1
344	7.21340379E-1
637	7.22307478E-1
108	7.26080689E-1
672	7.27331718E-1
265	7.27343349E-1
408	7.28220122E-1
124	7.28760783E-1
174	7.29592863E-1
545	7.29719621E-1
1021	7.3001441E-1
435	7.31022E-1
146	7.31196319E-1
940	7.31452244E-1
860	7.32422713E-1
927	7.33593149E-1
425	7.33920884E-1
172	7.35496935E-1
342	7.36275353E-1
913	7.37375228E-1
65	7.39475626E-1
59	7.39481297E-1
540	7.41488733E-1
568	7.41871856E-1
433	7.45426923E-1
989	7.46115953E-1
337	7.4699029E-1
52	7.47413091E-1
267	7.47750889E-1
580	7.48855295E-1
420	7.49774055E-1
805	7.52033038E-1
654	7.52617555E-1
867	7.53347684E-1
311	7.55285385E-1
715	7.55464559E-1
712	7.56386045E-1
796	7.56533191E-1
935	7.56982167E-1
689	7.57668789E-1
561	7.57840215E-1
502	7.5804906E-1
209	7.61100612E-1
139	7.63511598E-1
205	7.67878651E-1
260	7.67940703E-1
464	7.69558042E-1
274	7.70916581E-1
86	7.75075852E-1
756	7.75946432E-1
557	7.76024586E-1
46	7.76530156E-1
761	7.77334435E-1
739	7.77628651E-1
207	7.7910425E-1
40	7.7977586E-1
254	7.80255719E-1
859	7.80470914E-1
162	7.82524857E-1
656	7.83094967E-1
455	7.83480814E-1
949	7.86757871E-1
663	7.87247914E-1
583	7.88749924E-1
50	7.89052233E-1
42	7.89620183E-1
759	7.92387203E-1
688	7.93350659E-1
454	7.94812107E-1
168	7.95213837E-1
195	7.95600215E-1
797	7.95877723E-1
743	7.97055152E-1
398	7.97911981E-1
1006	7.98049775E-1
272	7.98451348E-1
157	8.02038056E-1
641	8.02100024E-1
549	8.02426814E-1
941	8.03889249E-1
444	8.06577467E-1
924	8.06588506E-1
725	8.07076332E-1
722	8.08222831E-1
742	8.08261616E-1
340	8.08387053E-1
275	8.09545671E-1
700	8.11452577E-1
831	8.1219824E-1
904	8.12505839E-1
593	8.12923458E-1
1015	8.14340291E-1
596	8.16235682E-1
85	8.16302311E-1
888	8.17049789E-1
145	8.18552934E-1
131	8.18745872E-1
944	8.18820393E-1
134	8.18967687E-1
178	8.18982345E-1
70	8.19905988E-1
572	8.20208929E-1
1009	8.22631507E-1
666	8.22742846E-1
123	8.23043366E-1
54	8.23272953E-1
227	8.23293335E-1
686	8.24189644E-1
148	8.24965305E-1
845	8.25344961E-1
801	8.26944055E-1
4	8.27791756E-1
916	8.27869384E-1
5	8.28161547E-1
897	8.29138016E-1
6	8.30415678E-1
100	8.3178518E-1
968	8.32241175E-1
149	8.32792174E-1
347	8.33629419E-1
652	8.34217319E-1
243	8.34934696E-1
202	8.36292387E-1
987	8.36371013E-1
11	8.37405877E-1
507	8.38422925E-1
79	8.38849438E-1
302	8.39443662E-1
66	8.41548843E-1
933	8.43630374E-1
613	8.45824651E-1
166	8.46839505E-1
709	8.48912927E-1
895	8.48934148E-1
406	8.49732631E-1
617	8.51189813E-1
67	8.51513084E-1
822	8.54236999E-1
82	8.54764133E-1
115	8.54897918E-1
598	8.55593595E-1
488	8.55634722E-1
800	8.57584756E-1
258	8.58043543E-1
727	8.58145697E-1
550	8.60553445E-1
18	8.60741171E-1
1019	8.62893913E-1
955	8.6356528E-1
373	8.66265403E-1
33	8.6639953E-1
659	8.67806289E-1
515	8.68056937E-1
512	8.68148284E-1
457	8.68549091E-1
399	8.68984472E-1
618	8.69555524E-1
383	8.69717219E-1
840	8.70653745E-1
738	8.71995099E-1
771	8.75816447E-1
834	8.76108483E-1
150	8.76466759E-1
73	8.77680763E-1
792	8.78346614E-1
650	8.7866642E-1
90	8.7876674E-1
251	8.79652665E-1
623	8.80049081E-1
837	8.8061908E-1
282	8.81956996E-1
247	8.84833379E-1
241	8.84844992E-1
97	8.85246012E-1
431	8.86581716E-1
915	8.91313114E-1
594	8.91448132E-1
141	8.92369131E-1
462	8.92487683E-1
720	8.9292451E-1
781	8.94069682E-1
367	8.94343177E-1
482	8.94701755E-1
208	8.94798867E-1
984	8.94952874E-1
626	8.95544244E-1
814	8.95607127E-1
524	8.95677694E-1
47	8.9577927E-1
500	8.97220866E-1
102	8.97898677E-1
582	8.99222214E-1
389	8.99376689E-1
130	8.99893581E-1
437	9.01943325E-1
19	9.02551612E-1
461	9.04487057E-1
298	9.04750724E-1
745	9.04855503E-1
608	9.065803E-1
509	9.07348857E-1
952	9.09304482E-1
0	9.09371529E-1
737	9.09994437E-1
868	9.10264804E-1
244	9.10862215E-1
537	9.10918464E-1
832	9.11417332E-1
701	9.11911684E-1
815	9.13842454E-1
589	9.1407339E-1
1003	9.15383721E-1
616	9.15904488E-1
996	9.17926479E-1
595	9.17974726E-1
681	9.18230805E-1
290	9.18389561E-1
795	9.18536559E-1
948	9.19645461E-1
56	9.19648568E-1
677	9.21859469E-1
153	9.22124195E-1
364	9.22678103E-1
1022	9.2327273E-1
682	9.23641608E-1
806	9.23937842E-1
644	9.25040095E-1
648	9.2648453E-1
422	9.27640541E-1
757	9.27832729E-1
553	9.28708225E-1
74	9.28855797E-1
922	9.29231925E-1
770	9.29840503E-1
391	9.31181258E-1
415	9.31238425E-1
253	9.31621856E-1
278	9.31786494E-1
446	9.32341433E-1
419	9.32619967E-1
439	9.33224232E-1
498	9.34397897E-1
233	9.34968267E-1
810	9.36669911E-1
197	9.37410176E-1
569	9.39895665E-1
964	9.40124548E-1
542	9.43068338E-1
1023	9.43747104E-1
3	9.44810051E-1
1017	9.45416173E-1
198	9.45830558E-1
508	9.46809027E-1
932	9.47802431E-1
925	9.4860349E-1
612	9.48906488E-1
471	9.50231779E-1
567	9.50237725E-1
730	9.51009759E-1
954	9.51778178E-1
874	9.51977282E-1
57	9.53817119E-1
696	9.54504537E-1
257	9.55490257E-1
842	9.5589907E-1
113	9.57136036E-1
788	9.57153881E-1
250	9.57255432E-1
961	9.57468859E-1
213	9.58110058E-1
421	9.58314514E-1
514	9.5884195E-1
291	9.59033034E-1
1020	9.59105946E-1
529	9.59808885E-1
483	9.60186776E-1
536	9.60834195E-1
216	9.62250013E-1
898	9.62467915E-1
684	9.62612279E-1
630	9.62807503E-1
690	9.64733372E-1
10	9.65411323E-1
281	9.65480042E-1
475	9.68032925E-1
999	9.68241959E-1
175	9.69584731E-1
301	9.70119966E-1
827	9.71522629E-1
486	9.71795816E-1
41	9.72184057E-1
577	9.73761561E-1
854	9.76119438E-1
581	9.78092278E-1
264	9.78386614E-1
694	9.7839019E-1
711	9.79252115E-1
83	9.80338996E-1
37	9.80434869E-1
2	9.80755017E-1
905	9.81026963E-1
215	9.8188626E-1
295	9.82526258E-1
132	9.82686701E-1
680	9.83824718E-1
914	9.84057896E-1
190	9.86060092E-1
610	9.86544436E-1
181	9.90725898E-1
249	9.92661796E-1
261	9.92886259E-1
372	9.93245452E-1
121	9.93359177E-1
158	9.97092142E-1
259	9.97280534E-1
