Name	chi2Pvalue
882	6.23867673E-4
741	2.34052241E-3
745	3.6409336E-3
415	3.73337923E-3
519	5.02053222E-3
675	6.69129629E-3
317	6.85051533E-3
546	7.63484447E-3
304	8.79017724E-3
250	9.57835117E-3
94	1.01662043E-2
386	1.0330183E-2
501	1.06856737E-2
770	1.07144762E-2
683	1.15575844E-2
666	1.26217113E-2
837	1.43660914E-2
127	1.59573144E-2
74	1.64181201E-2
637	1.99269117E-2
382	2.17236601E-2
840	2.24430089E-2
676	2.2850775E-2
928	2.28973836E-2
572	2.38483411E-2
983	2.40729218E-2
510	2.46181017E-2
489	2.520638E-2
778	2.54364308E-2
972	2.7158978E-2
296	2.82104778E-2
507	2.91790323E-2
535	3.02883373E-2
964	3.037148E-2
189	3.17864186E-2
450	3.25051703E-2
141	3.3310769E-2
738	3.39515763E-2
30	3.55083816E-2
934	3.62051118E-2
34	3.63171158E-2
829	3.70203759E-2
325	3.73134579E-2
69	3.99313479E-2
73	4.110463E-2
775	4.24169198E-2
103	4.26059984E-2
387	4.32115862E-2
949	4.38938323E-2
403	4.40342427E-2
16	4.43825511E-2
744	4.48827064E-2
595	4.52308934E-2
54	4.65355447E-2
47	4.67976373E-2
716	4.72224976E-2
231	4.73996696E-2
99	4.79419828E-2
530	4.87392202E-2
309	4.89961455E-2
973	4.92367707E-2
151	4.9349746E-2
83	5.00980127E-2
64	5.19992149E-2
740	5.4072352E-2
271	5.53727948E-2
777	5.63112283E-2
640	5.72436921E-2
815	5.82948564E-2
266	5.86234036E-2
802	5.93043021E-2
51	5.96913042E-2
409	5.98135296E-2
931	5.99136915E-2
31	5.99607903E-2
555	6.00471426E-2
739	6.35089316E-2
238	6.43338209E-2
592	6.43817255E-2
423	6.52054039E-2
788	6.61795888E-2
848	6.6837124E-2
909	6.94924015E-2
990	7.17092681E-2
366	7.23363797E-2
451	7.39933364E-2
13	7.4002414E-2
894	7.67547433E-2
142	7.87897727E-2
612	7.90165061E-2
900	7.95559932E-2
110	7.99984275E-2
132	8.13979612E-2
885	8.17184549E-2
58	8.27625036E-2
634	8.29915924E-2
627	8.36266696E-2
453	8.4299555E-2
553	8.49651052E-2
971	8.76440553E-2
963	8.9386952E-2
767	9.03200076E-2
522	9.12989036E-2
766	9.27644816E-2
19	9.38304888E-2
896	9.3950384E-2
161	9.57958958E-2
91	9.84067406E-2
780	1.00509414E-1
338	1.00524889E-1
228	1.03383019E-1
421	1.06749211E-1
550	1.06830348E-1
878	1.06909444E-1
364	1.074231E-1
579	1.09300267E-1
96	1.10901666E-1
336	1.10907534E-1
63	1.11195777E-1
762	1.11230875E-1
912	1.11501062E-1
659	1.11836452E-1
497	1.13417457E-1
606	1.14254933E-1
294	1.15059275E-1
153	1.17311104E-1
679	1.18118919E-1
759	1.21399737E-1
512	1.24187542E-1
434	1.25522081E-1
203	1.27387557E-1
690	1.2795554E-1
240	1.28101238E-1
1018	1.30549569E-1
861	1.31524872E-1
902	1.32587326E-1
981	1.32610065E-1
924	1.32809602E-1
159	1.34960022E-1
32	1.36344456E-1
805	1.36589812E-1
468	1.36674703E-1
856	1.38852868E-1
509	1.39209862E-1
356	1.39261644E-1
922	1.39832536E-1
752	1.41473208E-1
139	1.43538908E-1
913	1.45145159E-1
170	1.45347473E-1
1008	1.45634072E-1
8	1.47677636E-1
445	1.47692289E-1
60	1.48382372E-1
539	1.50361577E-1
124	1.53931374E-1
484	1.54096041E-1
252	1.5443144E-1
86	1.55249688E-1
598	1.55662191E-1
755	1.56172363E-1
733	1.57951249E-1
383	1.58708661E-1
953	1.5983629E-1
6	1.6117135E-1
80	1.61308074E-1
567	1.61539E-1
163	1.61663652E-1
707	1.6201356E-1
821	1.63058447E-1
663	1.64908708E-1
397	1.65731245E-1
107	1.67565215E-1
502	1.68839943E-1
961	1.70178949E-1
480	1.70417562E-1
985	1.71664875E-1
711	1.73051127E-1
50	1.7323008E-1
229	1.73942833E-1
164	1.75662806E-1
256	1.75705869E-1
642	1.75957501E-1
36	1.76041844E-1
668	1.76144934E-1
636	1.7821432E-1
442	1.79267255E-1
938	1.79715286E-1
793	1.82649967E-1
101	1.87636493E-1
1012	1.90090057E-1
790	1.90857997E-1
202	1.93179817E-1
306	1.9473109E-1
447	1.96460339E-1
378	1.96586812E-1
732	1.97546425E-1
223	1.97840331E-1
152	2.00193898E-1
21	2.00355907E-1
684	2.01226954E-1
391	2.01296475E-1
710	2.02133051E-1
806	2.02715953E-1
432	2.02929864E-1
182	2.04346537E-1
849	2.06110114E-1
649	2.07120798E-1
873	2.07339717E-1
696	2.08815362E-1
479	2.11845105E-1
730	2.1206631E-1
993	2.12933516E-1
919	2.13899918E-1
864	2.14239575E-1
426	2.14618758E-1
334	2.16868064E-1
834	2.17725719E-1
803	2.18308514E-1
278	2.18346155E-1
333	2.18621845E-1
100	2.19086202E-1
109	2.19740833E-1
725	2.20191728E-1
631	2.21130409E-1
251	2.21780703E-1
709	2.25108595E-1
293	2.26666774E-1
377	2.27270353E-1
87	2.29659226E-1
551	2.30286282E-1
482	2.33036348E-1
135	2.35108527E-1
674	2.35779749E-1
190	2.37141326E-1
155	2.37535245E-1
119	2.3866809E-1
569	2.39133072E-1
521	2.39377037E-1
104	2.39729804E-1
623	2.39972184E-1
476	2.4040156E-1
809	2.42085959E-1
921	2.42862663E-1
1017	2.43040647E-1
45	2.44452262E-1
786	2.448751E-1
944	2.46169718E-1
243	2.47481733E-1
259	2.4751861E-1
1003	2.49801578E-1
800	2.49827119E-1
275	2.51239583E-1
853	2.52785768E-1
689	2.52909215E-1
712	2.53363338E-1
1015	2.53684409E-1
626	2.55996691E-1
930	2.56156024E-1
76	2.60373374E-1
776	2.60445881E-1
214	2.61102519E-1
833	2.61143643E-1
808	2.62341752E-1
998	2.62459927E-1
353	2.65714632E-1
781	2.65731526E-1
513	2.66141144E-1
561	2.67389034E-1
682	2.6757784E-1
955	2.7020358E-1
514	2.7104987E-1
568	2.71313137E-1
876	2.71764713E-1
586	2.7257542E-1
855	2.74603368E-1
638	2.76265396E-1
858	2.76489207E-1
263	2.76584698E-1
462	2.82863369E-1
486	2.83542064E-1
465	2.8466138E-1
220	2.84956358E-1
347	2.87244743E-1
622	2.87974054E-1
12	2.88426367E-1
991	2.88968306E-1
40	2.91961149E-1
868	2.9374107E-1
140	2.93853829E-1
204	2.94311635E-1
911	2.94760381E-1
311	2.94809397E-1
796	2.98927614E-1
898	3.00535959E-1
827	3.00646861E-1
1019	3.00991824E-1
277	3.04167865E-1
191	3.04831878E-1
843	3.05369427E-1
903	3.05901367E-1
145	3.06118893E-1
619	3.0622069E-1
422	3.07778023E-1
466	3.08073162E-1
270	3.08693908E-1
265	3.09691944E-1
301	3.11035185E-1
763	3.11120274E-1
547	3.11205555E-1
654	3.13961828E-1
314	3.1456014E-1
1002	3.15418632E-1
14	3.15543781E-1
428	3.1569989E-1
137	3.15791035E-1
260	3.17104539E-1
113	3.19378659E-1
435	3.20203776E-1
672	3.21097087E-1
287	3.21885192E-1
289	3.2332417E-1
965	3.23394566E-1
498	3.23993839E-1
937	3.25625152E-1
857	3.2579421E-1
305	3.26365769E-1
883	3.27012241E-1
61	3.27929341E-1
316	3.29317538E-1
565	3.2957153E-1
38	3.30616225E-1
329	3.3078591E-1
208	3.31386963E-1
1011	3.34054142E-1
761	3.34096394E-1
910	3.34371866E-1
225	3.34634536E-1
807	3.34894322E-1
621	3.35218513E-1
779	3.38353717E-1
261	3.38430552E-1
417	3.38867451E-1
320	3.39074322E-1
544	3.40095862E-1
1016	3.40445123E-1
986	3.40461803E-1
361	3.40646618E-1
523	3.40970625E-1
765	3.43743504E-1
686	3.46522235E-1
192	3.47513719E-1
791	3.47655687E-1
407	3.48059839E-1
352	3.48728248E-1
433	3.49303924E-1
581	3.49383434E-1
899	3.49651648E-1
337	3.50833575E-1
852	3.51805466E-1
24	3.53400048E-1
956	3.57810344E-1
358	3.58424781E-1
892	3.6032086E-1
603	3.62257414E-1
743	3.62927488E-1
430	3.62961193E-1
470	3.65385698E-1
721	3.68449124E-1
381	3.6927373E-1
854	3.69477981E-1
997	3.71297273E-1
48	3.76352645E-1
952	3.79812765E-1
995	3.80028135E-1
706	3.8056396E-1
583	3.8179245E-1
769	3.85339799E-1
600	3.85799475E-1
795	3.86235313E-1
173	3.86988673E-1
491	3.88802545E-1
452	3.89139565E-1
757	3.93506614E-1
418	3.94708746E-1
867	3.95385452E-1
218	3.96525482E-1
254	3.96540134E-1
905	3.97629369E-1
632	4.00250704E-1
171	4.01332208E-1
602	4.02492031E-1
0	4.03248024E-1
785	4.03793643E-1
193	4.05179056E-1
236	4.054554E-1
562	4.06272196E-1
820	4.0716095E-1
859	4.07247687E-1
209	4.08794595E-1
362	4.089947E-1
824	4.09178411E-1
989	4.09319349E-1
992	4.10246325E-1
609	4.11154588E-1
93	4.11721425E-1
1020	4.1172661E-1
396	4.12181189E-1
211	4.12431211E-1
412	4.13245008E-1
134	4.13712637E-1
312	4.14947401E-1
580	4.16980193E-1
406	4.17005756E-1
872	4.17312338E-1
644	4.17493796E-1
798	4.18789846E-1
499	4.19472732E-1
832	4.19827374E-1
715	4.21075988E-1
950	4.21514489E-1
747	4.21916209E-1
78	4.22920978E-1
692	4.22996037E-1
596	4.23591047E-1
373	4.24008803E-1
438	4.26189398E-1
929	4.26826621E-1
542	4.27264625E-1
917	4.27280858E-1
420	4.28282467E-1
699	4.30072672E-1
157	4.31763432E-1
302	4.32886845E-1
198	4.3311971E-1
801	4.33366374E-1
624	4.33997321E-1
959	4.34594521E-1
687	4.36696077E-1
966	4.38729772E-1
172	4.41686854E-1
901	4.42364968E-1
813	4.44980871E-1
842	4.44994797E-1
242	4.46458152E-1
681	4.46950287E-1
698	4.4847971E-1
106	4.48592605E-1
969	4.48635038E-1
374	4.48753984E-1
147	4.48986466E-1
102	4.50300564E-1
946	4.52553523E-1
846	4.54320037E-1
667	4.55056473E-1
1013	4.55186131E-1
670	4.55329203E-1
635	4.55373709E-1
671	4.56357787E-1
563	4.56795068E-1
82	4.58078998E-1
235	4.586105E-1
122	4.58710692E-1
365	4.59290529E-1
977	4.59476831E-1
253	4.59538248E-1
188	4.60147618E-1
246	4.60426931E-1
695	4.60811105E-1
464	4.61659937E-1
494	4.61697624E-1
372	4.62004068E-1
245	4.63006206E-1
90	4.63470968E-1
239	4.63808606E-1
219	4.65018296E-1
55	4.66190013E-1
395	4.68839763E-1
264	4.71032646E-1
143	4.71467875E-1
935	4.71752065E-1
398	4.73681269E-1
217	4.74224662E-1
533	4.7543914E-1
495	4.75719636E-1
315	4.76511155E-1
429	4.78237702E-1
648	4.78382198E-1
28	4.82791949E-1
436	4.84158247E-1
962	4.84480969E-1
847	4.87056483E-1
974	4.90058669E-1
344	4.90332152E-1
597	4.90617296E-1
212	4.92145554E-1
831	4.94443212E-1
49	4.94729377E-1
719	4.95434449E-1
290	4.95696317E-1
284	4.96449429E-1
144	4.96883062E-1
1006	4.98026778E-1
200	4.99130559E-1
227	5.00632551E-1
410	5.01620188E-1
708	5.02235973E-1
425	5.03071657E-1
1023	5.04360935E-1
300	5.04559174E-1
357	5.05369223E-1
354	5.06410256E-1
879	5.06592769E-1
906	5.07048476E-1
1010	5.07097278E-1
285	5.08675899E-1
735	5.09287104E-1
584	5.11005414E-1
923	5.12162259E-1
646	5.12301324E-1
319	5.14645154E-1
951	5.15720279E-1
174	5.15760245E-1
1009	5.16312676E-1
471	5.16802414E-1
976	5.18812354E-1
167	5.19001666E-1
169	5.19904325E-1
324	5.21519475E-1
360	5.219931E-1
625	5.23252849E-1
351	5.24193307E-1
131	5.24466657E-1
390	5.24636295E-1
947	5.25060346E-1
554	5.30025399E-1
222	5.3041733E-1
165	5.31810299E-1
269	5.35185689E-1
748	5.35905783E-1
5	5.36393261E-1
158	5.3686601E-1
529	5.37000535E-1
371	5.37917605E-1
939	5.38296298E-1
984	5.3986668E-1
702	5.41096371E-1
481	5.41113916E-1
299	5.41122943E-1
773	5.41207945E-1
536	5.4209884E-1
379	5.4306376E-1
210	5.45564428E-1
53	5.46246073E-1
669	5.46616717E-1
454	5.46984637E-1
97	5.48209867E-1
851	5.50388326E-1
506	5.50634882E-1
29	5.52241686E-1
552	5.52558151E-1
128	5.52782506E-1
617	5.52899985E-1
575	5.54719996E-1
926	5.55134962E-1
734	5.55850963E-1
39	5.55892543E-1
736	5.55953302E-1
844	5.56566294E-1
673	5.57015556E-1
746	5.57903393E-1
332	5.58560539E-1
772	5.59033899E-1
839	5.5909009E-1
375	5.60350119E-1
886	5.62826105E-1
195	5.63696181E-1
56	5.64440724E-1
138	5.64519912E-1
975	5.67113866E-1
180	5.68727986E-1
589	5.69762033E-1
908	5.70362207E-1
95	5.71114695E-1
35	5.71294895E-1
783	5.71324462E-1
915	5.71911614E-1
610	5.74691507E-1
184	5.75203627E-1
340	5.75265056E-1
71	5.75901548E-1
368	5.76149819E-1
414	5.76442426E-1
79	5.76890594E-1
907	5.79770504E-1
828	5.80667178E-1
869	5.80735939E-1
704	5.8086093E-1
650	5.81071538E-1
500	5.81692536E-1
717	5.82023752E-1
221	5.82316349E-1
437	5.82717365E-1
571	5.82748364E-1
904	5.83292851E-1
691	5.83596897E-1
392	5.87072974E-1
108	5.88306165E-1
449	5.88668123E-1
608	5.89027399E-1
22	5.89685884E-1
57	5.91314181E-1
532	5.91564253E-1
823	5.91629811E-1
230	5.92319159E-1
916	5.9268377E-1
812	5.95728317E-1
705	5.95781045E-1
877	5.95824284E-1
680	5.95913547E-1
288	5.96102088E-1
33	5.96900363E-1
148	5.97384053E-1
199	5.98409079E-1
488	5.9905254E-1
594	5.99191427E-1
394	5.9944343E-1
945	5.99686273E-1
727	6.00506984E-1
25	6.01655597E-1
355	6.02219239E-1
483	6.03099899E-1
400	6.03710109E-1
880	6.04134035E-1
958	6.04143776E-1
187	6.04558145E-1
77	6.07140731E-1
616	6.10561148E-1
2	6.12656342E-1
274	6.14861152E-1
601	6.18239073E-1
472	6.18762062E-1
587	6.19425232E-1
737	6.21002193E-1
576	6.22701088E-1
1001	6.22945794E-1
149	6.23010691E-1
330	6.24561983E-1
582	6.24672412E-1
751	6.24986027E-1
1000	6.26099732E-1
7	6.28112284E-1
307	6.29402235E-1
116	6.29768609E-1
656	6.32301523E-1
817	6.33505931E-1
1	6.34455618E-1
814	6.35795784E-1
440	6.3636184E-1
560	6.36557732E-1
241	6.36993259E-1
914	6.37396165E-1
994	6.39184665E-1
714	6.4118903E-1
112	6.43215329E-1
518	6.44729258E-1
685	6.46426712E-1
822	6.46913418E-1
988	6.4823914E-1
15	6.49665003E-1
10	6.50659052E-1
643	6.50703774E-1
881	6.5260795E-1
492	6.53345196E-1
9	6.54939293E-1
136	6.56502301E-1
448	6.56857579E-1
566	6.60189205E-1
862	6.6056821E-1
297	6.60905713E-1
42	6.65339999E-1
313	6.6578581E-1
792	6.66821649E-1
401	6.67716196E-1
176	6.67911251E-1
613	6.67970357E-1
477	6.6948639E-1
753	6.70870882E-1
237	6.71062416E-1
804	6.71317898E-1
11	6.73084744E-1
888	6.7498345E-1
540	6.75393725E-1
756	6.77882113E-1
729	6.78011961E-1
98	6.78648669E-1
538	6.78860501E-1
160	6.79613335E-1
493	6.79655958E-1
207	6.80522893E-1
121	6.80811228E-1
474	6.82253958E-1
405	6.83657817E-1
720	6.83866892E-1
784	6.84031559E-1
1021	6.86000491E-1
841	6.86165208E-1
272	6.87727916E-1
960	6.89070828E-1
611	6.89709361E-1
68	6.89832022E-1
942	6.91323862E-1
346	6.91531891E-1
247	6.93825801E-1
633	6.94142827E-1
768	6.95391005E-1
26	6.95525811E-1
335	6.98138621E-1
130	6.98270155E-1
404	6.9830772E-1
891	6.98329827E-1
543	6.98372509E-1
146	6.99129848E-1
66	7.00786312E-1
987	7.0191451E-1
388	7.01961077E-1
508	7.03820891E-1
574	7.04503552E-1
982	7.09893367E-1
444	7.10098913E-1
232	7.10842433E-1
754	7.11027803E-1
810	7.1220245E-1
918	7.12745963E-1
826	7.14541683E-1
427	7.14607575E-1
607	7.1621904E-1
531	7.16516073E-1
178	7.17310721E-1
835	7.18469625E-1
541	7.18565547E-1
588	7.20622829E-1
233	7.2199793E-1
385	7.23115754E-1
968	7.23719298E-1
724	7.24434005E-1
65	7.27371781E-1
618	7.2781145E-1
794	7.28042027E-1
244	7.28810228E-1
111	7.29558561E-1
816	7.30163094E-1
46	7.31144325E-1
402	7.32370251E-1
125	7.34358001E-1
255	7.34435461E-1
742	7.34821147E-1
660	7.35647156E-1
84	7.36723485E-1
156	7.37712315E-1
276	7.39573116E-1
703	7.41467027E-1
298	7.42146863E-1
469	7.46608742E-1
44	7.50352538E-1
830	7.52828259E-1
722	7.53432546E-1
652	7.55357476E-1
215	7.57482269E-1
570	7.58679858E-1
455	7.58771659E-1
825	7.63819057E-1
279	7.65720664E-1
303	7.67370334E-1
439	7.69314395E-1
162	7.69714367E-1
23	7.70577895E-1
578	7.71861313E-1
114	7.72895537E-1
18	7.73507834E-1
845	7.74843909E-1
349	7.77500152E-1
630	7.79719603E-1
206	7.80553321E-1
20	7.81151768E-1
117	7.81576626E-1
774	7.81934539E-1
516	7.82363036E-1
345	7.83819925E-1
887	7.84967952E-1
384	7.85060056E-1
503	7.86923607E-1
380	7.87503357E-1
651	7.88331075E-1
628	7.89615664E-1
665	7.90299159E-1
641	7.90390751E-1
694	7.90838874E-1
461	7.91109078E-1
700	7.91397623E-1
528	7.93895783E-1
927	7.9444854E-1
273	7.95421396E-1
457	7.97510804E-1
515	7.9760136E-1
322	7.98541926E-1
150	8.00279006E-1
517	8.00972894E-1
460	8.0136943E-1
701	8.03034795E-1
893	8.07963395E-1
758	8.0988222E-1
677	8.11128121E-1
88	8.11981327E-1
326	8.12954006E-1
943	8.1449722E-1
889	8.1512966E-1
662	8.15480903E-1
310	8.1567275E-1
123	8.16421558E-1
393	8.1781615E-1
750	8.18343146E-1
527	8.19462769E-1
490	8.21568477E-1
181	8.24234905E-1
463	8.25766652E-1
341	8.26057841E-1
940	8.27110108E-1
836	8.29533066E-1
789	8.3189815E-1
871	8.32339296E-1
948	8.32882363E-1
194	8.33619802E-1
105	8.34720006E-1
797	8.35470098E-1
874	8.36055054E-1
933	8.36102752E-1
129	8.38170643E-1
308	8.40042832E-1
1004	8.40275121E-1
860	8.41418627E-1
932	8.41422442E-1
657	8.41568112E-1
321	8.41971662E-1
168	8.4248502E-1
419	8.4309288E-1
629	8.43570982E-1
185	8.45128145E-1
224	8.4669415E-1
280	8.4675926E-1
664	8.50078836E-1
177	8.50589159E-1
661	8.51042889E-1
999	8.52805231E-1
811	8.53941317E-1
424	8.5431415E-1
782	8.54775852E-1
870	8.55198429E-1
865	8.59799596E-1
525	8.59811076E-1
558	8.6050125E-1
954	8.61210385E-1
268	8.61600743E-1
549	8.61771414E-1
556	8.63851325E-1
370	8.63931326E-1
413	8.64472586E-1
1005	8.64562588E-1
234	8.65346528E-1
363	8.6572768E-1
339	8.66599944E-1
925	8.66621527E-1
850	8.66730298E-1
186	8.67759135E-1
126	8.70097646E-1
226	8.70416178E-1
838	8.70686624E-1
408	8.72640081E-1
487	8.74532457E-1
728	8.75052904E-1
331	8.76109803E-1
585	8.77227316E-1
443	8.79728229E-1
559	8.80192141E-1
41	8.80712286E-1
884	8.81074987E-1
286	8.83201064E-1
520	8.87349302E-1
3	8.87676188E-1
197	8.88281992E-1
459	8.91966184E-1
688	8.92119294E-1
818	8.92908938E-1
323	8.9368489E-1
367	8.93947194E-1
505	8.94234816E-1
267	8.94733214E-1
52	8.96634569E-1
282	8.96824036E-1
416	8.97265815E-1
866	8.97473814E-1
787	8.98585906E-1
1022	8.98791665E-1
548	8.99061677E-1
614	8.99850592E-1
342	9.00567909E-1
120	9.0110099E-1
1007	9.01806458E-1
890	9.02219841E-1
75	9.02371875E-1
389	9.03342968E-1
895	9.0366084E-1
115	9.04486238E-1
72	9.07777892E-1
458	9.08082726E-1
760	9.0823596E-1
1014	9.0887786E-1
593	9.09519012E-1
205	9.1219037E-1
17	9.12498466E-1
764	9.12977005E-1
441	9.14454966E-1
201	9.14629398E-1
639	9.14640924E-1
723	9.15118585E-1
37	9.15204914E-1
175	9.15668098E-1
749	9.17662036E-1
980	9.19158743E-1
957	9.19205481E-1
647	9.19563238E-1
85	9.19641281E-1
941	9.19970849E-1
4	9.20549023E-1
655	9.21690337E-1
573	9.22606481E-1
118	9.25120011E-1
350	9.26091002E-1
718	9.26269266E-1
970	9.276304E-1
526	9.29164022E-1
328	9.2934028E-1
318	9.30273225E-1
213	9.31166888E-1
179	9.33535576E-1
653	9.34289988E-1
577	9.36560862E-1
43	9.38544709E-1
605	9.39914889E-1
537	9.40116416E-1
166	9.41068448E-1
257	9.41464127E-1
70	9.42416531E-1
295	9.43733898E-1
713	9.46738152E-1
456	9.48117791E-1
620	9.4958124E-1
92	9.50571996E-1
196	9.50804405E-1
545	9.51040828E-1
863	9.51400237E-1
693	9.52971721E-1
726	9.53177965E-1
67	9.53828284E-1
376	9.54455973E-1
485	9.54816789E-1
133	9.55062511E-1
249	9.56154752E-1
604	9.57520366E-1
978	9.59646451E-1
431	9.59733536E-1
591	9.60800019E-1
62	9.61695087E-1
467	9.61788878E-1
534	9.61903963E-1
248	9.62858721E-1
399	9.6338646E-1
183	9.63420531E-1
348	9.64311316E-1
343	9.64352579E-1
258	9.65264133E-1
59	9.65751935E-1
291	9.66422678E-1
897	9.67494951E-1
262	9.68030478E-1
216	9.6823572E-1
411	9.70618295E-1
658	9.70716423E-1
819	9.71159849E-1
446	9.71944086E-1
564	9.72504609E-1
697	9.7251286E-1
89	9.7258921E-1
996	9.73001273E-1
645	9.73838593E-1
292	9.73995867E-1
875	9.74779908E-1
154	9.74803589E-1
327	9.75030859E-1
599	9.79074828E-1
511	9.79598776E-1
979	9.79827199E-1
678	9.79982384E-1
557	9.80344103E-1
799	9.8187986E-1
478	9.83231726E-1
504	9.8377739E-1
359	9.85043144E-1
81	9.86047028E-1
524	9.87481169E-1
475	9.87843515E-1
473	9.89116773E-1
731	9.91429207E-1
281	9.91533717E-1
615	9.91877307E-1
771	9.92232992E-1
936	9.92470194E-1
27	9.93112036E-1
496	9.99767017E-1
967	9.99931068E-1
