Name	chi2Pvalue
392	7.21813313E-4
953	1.94365696E-3
235	2.58133848E-3
59	3.70054051E-3
728	4.09304282E-3
243	4.5673961E-3
9	4.69565316E-3
584	6.78142054E-3
926	7.07164085E-3
719	7.15824588E-3
105	7.96753722E-3
760	8.77554629E-3
77	1.22993956E-2
624	1.28218219E-2
862	1.29922998E-2
807	1.3119765E-2
145	1.39952764E-2
258	1.76136913E-2
602	1.85132674E-2
815	2.0035297E-2
405	2.14885277E-2
260	2.37622649E-2
983	2.42493692E-2
170	2.53464209E-2
40	2.59414231E-2
646	2.72946005E-2
633	3.105052E-2
618	3.18716545E-2
273	3.49386366E-2
878	3.52443731E-2
480	3.61269656E-2
664	3.64021937E-2
714	4.06200926E-2
627	4.09844641E-2
1012	4.18090931E-2
433	4.19703907E-2
7	4.42280946E-2
879	4.42608003E-2
609	4.51691697E-2
623	4.70858437E-2
872	4.73000256E-2
626	4.8648273E-2
949	4.99500359E-2
637	5.07508343E-2
309	5.11459043E-2
56	5.21143517E-2
958	5.314524E-2
669	5.56336494E-2
748	5.89973835E-2
311	6.07341124E-2
381	6.10000601E-2
233	6.16381014E-2
187	6.20992791E-2
869	6.29081352E-2
882	6.43897804E-2
640	6.4837772E-2
860	6.5993588E-2
465	6.68777862E-2
520	6.77113878E-2
70	6.81241638E-2
885	6.86805008E-2
524	7.01595048E-2
910	7.14073241E-2
614	7.36337256E-2
137	7.5569209E-2
740	8.16540202E-2
97	8.41187162E-2
707	8.4911205E-2
224	8.50422134E-2
28	8.68307819E-2
838	9.01147402E-2
62	9.02429605E-2
276	9.12309678E-2
362	9.12433621E-2
286	9.16715835E-2
758	9.18316125E-2
408	9.18865559E-2
159	9.25012162E-2
711	9.29394577E-2
301	9.41586747E-2
49	9.56272898E-2
180	9.63910794E-2
993	9.71480712E-2
204	9.71766039E-2
763	1.00553418E-1
313	1.01655874E-1
533	1.01745555E-1
793	1.02834484E-1
649	1.02939797E-1
52	1.04459169E-1
523	1.0582631E-1
660	1.06109512E-1
893	1.06254443E-1
174	1.06636933E-1
845	1.07027355E-1
735	1.0795326E-1
704	1.08666472E-1
924	1.09464897E-1
234	1.10918264E-1
196	1.11226596E-1
144	1.11376119E-1
985	1.11566549E-1
322	1.12099278E-1
988	1.12289521E-1
607	1.13542024E-1
818	1.13631677E-1
454	1.15180801E-1
800	1.15711083E-1
916	1.16395354E-1
727	1.16880922E-1
940	1.16920873E-1
897	1.17313379E-1
191	1.17918711E-1
765	1.18754183E-1
231	1.19749389E-1
980	1.20589167E-1
615	1.21377981E-1
678	1.23819E-1
448	1.24552257E-1
239	1.2472746E-1
441	1.25034568E-1
576	1.26227748E-1
675	1.27359455E-1
20	1.30046476E-1
726	1.30756607E-1
616	1.32593617E-1
336	1.33486611E-1
925	1.34157502E-1
954	1.34786713E-1
169	1.3629735E-1
919	1.41075158E-1
142	1.41172235E-1
290	1.43382496E-1
390	1.43587874E-1
385	1.44298276E-1
316	1.4559569E-1
435	1.45788778E-1
764	1.45790072E-1
801	1.46667364E-1
578	1.47144178E-1
922	1.473359E-1
245	1.49201712E-1
147	1.4928806E-1
883	1.49586957E-1
595	1.49895249E-1
92	1.50901737E-1
822	1.53463087E-1
689	1.54348652E-1
103	1.57429816E-1
974	1.58455084E-1
34	1.59486131E-1
911	1.61983973E-1
426	1.6221742E-1
409	1.63597668E-1
831	1.64134578E-1
866	1.64403457E-1
685	1.64420312E-1
559	1.64859751E-1
849	1.65059849E-1
965	1.66017925E-1
929	1.66347196E-1
553	1.66701229E-1
611	1.66786383E-1
554	1.67706644E-1
943	1.67764838E-1
262	1.68489096E-1
374	1.68608924E-1
642	1.69210124E-1
991	1.69868345E-1
221	1.71757295E-1
285	1.72359638E-1
826	1.73333809E-1
847	1.74731501E-1
380	1.7505139E-1
58	1.76858883E-1
208	1.77748528E-1
397	1.78377722E-1
706	1.78658229E-1
799	1.80512918E-1
160	1.82180807E-1
403	1.83820688E-1
474	1.85565006E-1
547	1.87038554E-1
484	1.88194344E-1
348	1.88766491E-1
383	1.88922192E-1
442	1.89589349E-1
702	1.89829108E-1
401	1.90060343E-1
248	1.90929484E-1
139	1.91542722E-1
779	1.9272729E-1
889	1.92820569E-1
373	1.93306858E-1
479	1.94962465E-1
912	1.95645794E-1
715	1.97019861E-1
565	1.97502605E-1
534	2.01516506E-1
861	2.02218939E-1
197	2.03514318E-1
326	2.03714598E-1
966	2.04319401E-1
308	2.04409175E-1
469	2.06081523E-1
456	2.07311575E-1
3	2.0810783E-1
517	2.08618748E-1
424	2.09858263E-1
117	2.10671946E-1
608	2.12657635E-1
994	2.12996617E-1
997	2.13530222E-1
352	2.13539494E-1
395	2.15561894E-1
71	2.19752802E-1
25	2.20151454E-1
564	2.20351347E-1
464	2.21208996E-1
597	2.21730888E-1
132	2.22309504E-1
670	2.23129999E-1
457	2.23478969E-1
950	2.23834123E-1
42	2.26650243E-1
562	2.26891401E-1
356	2.27382789E-1
475	2.29227957E-1
703	2.30718915E-1
418	2.31315031E-1
458	2.34382569E-1
189	2.34948919E-1
175	2.35193881E-1
890	2.35230798E-1
725	2.36332607E-1
998	2.37993267E-1
116	2.38482969E-1
529	2.38972894E-1
894	2.39419757E-1
979	2.39471103E-1
1006	2.39682265E-1
416	2.40142317E-1
835	2.41960061E-1
909	2.42506493E-1
522	2.43520785E-1
212	2.44439574E-1
37	2.46488167E-1
690	2.48625448E-1
780	2.50389958E-1
810	2.51652651E-1
874	2.51700442E-1
371	2.52019123E-1
742	2.52063204E-1
232	2.52245829E-1
527	2.52836328E-1
1001	2.53107383E-1
447	2.5322299E-1
95	2.54558336E-1
26	2.56146876E-1
410	2.56547906E-1
881	2.58129287E-1
917	2.58254343E-1
423	2.59920773E-1
631	2.60701695E-1
266	2.61622172E-1
683	2.62622425E-1
323	2.64438876E-1
606	2.64801947E-1
178	2.65352979E-1
75	2.65387668E-1
485	2.65602056E-1
343	2.66261553E-1
94	2.6785221E-1
367	2.68007728E-1
812	2.68590915E-1
697	2.68640009E-1
135	2.6960109E-1
488	2.72408505E-1
639	2.72472972E-1
67	2.76598507E-1
806	2.76728653E-1
246	2.77029651E-1
293	2.77041461E-1
229	2.77302638E-1
149	2.81274099E-1
108	2.81828029E-1
538	2.82071555E-1
263	2.83511725E-1
510	2.85671538E-1
984	2.87498762E-1
195	2.88492645E-1
619	2.89359313E-1
438	2.89730463E-1
247	2.92410493E-1
74	2.92592339E-1
841	2.9263619E-1
914	2.94116872E-1
959	2.9440281E-1
162	2.96463347E-1
140	2.9646372E-1
898	2.96789946E-1
514	2.97009592E-1
272	2.98923418E-1
629	3.00722089E-1
967	3.01014735E-1
567	3.01602841E-1
848	3.02132289E-1
314	3.02530193E-1
41	3.031948E-1
1000	3.04146168E-1
422	3.04466478E-1
296	3.05353764E-1
603	3.0618135E-1
851	3.06648529E-1
796	3.06897668E-1
612	3.08045798E-1
837	3.09532031E-1
641	3.10575356E-1
240	3.10743929E-1
716	3.1293135E-1
561	3.14850131E-1
756	3.15113185E-1
321	3.15331822E-1
202	3.17198695E-1
463	3.18045229E-1
809	3.22013222E-1
808	3.23019294E-1
340	3.23112887E-1
900	3.23658666E-1
551	3.24735833E-1
155	3.24967173E-1
425	3.25315939E-1
947	3.25535621E-1
307	3.25933527E-1
712	3.26093054E-1
136	3.28045295E-1
341	3.28104235E-1
942	3.30167001E-1
526	3.31153253E-1
671	3.3121383E-1
1011	3.34784858E-1
964	3.35213408E-1
310	3.35216011E-1
787	3.36091929E-1
31	3.36541888E-1
172	3.37521837E-1
493	3.37596392E-1
443	3.37614621E-1
658	3.38012086E-1
775	3.38741836E-1
106	3.39007123E-1
550	3.40236983E-1
896	3.40385952E-1
604	3.42856443E-1
1	3.44044867E-1
365	3.44463823E-1
541	3.4455893E-1
354	3.45402738E-1
252	3.46788604E-1
57	3.47214336E-1
476	3.48973228E-1
901	3.50014176E-1
471	3.50113879E-1
241	3.51352695E-1
774	3.51451481E-1
680	3.51687025E-1
238	3.52648288E-1
558	3.53275602E-1
387	3.53750773E-1
289	3.55695798E-1
279	3.55887982E-1
113	3.56548146E-1
114	3.57320657E-1
525	3.57488294E-1
141	3.64959419E-1
648	3.67843657E-1
586	3.68120452E-1
312	3.70137587E-1
577	3.71196967E-1
969	3.73190986E-1
768	3.73408601E-1
184	3.74713114E-1
591	3.74780319E-1
171	3.75025197E-1
494	3.75938846E-1
647	3.76088868E-1
358	3.79164023E-1
251	3.80253954E-1
752	3.80575863E-1
546	3.8146748E-1
429	3.81511047E-1
923	3.8153626E-1
173	3.82357267E-1
267	3.83749218E-1
545	3.84197277E-1
164	3.84389704E-1
84	3.85532833E-1
928	3.86754813E-1
852	3.87988795E-1
107	3.88010287E-1
705	3.89120515E-1
990	3.89685813E-1
630	3.90649689E-1
305	3.91228933E-1
17	3.91309492E-1
452	3.9141429E-1
320	3.92390256E-1
250	3.92926919E-1
11	3.95017876E-1
596	3.97431796E-1
783	3.97478646E-1
437	3.98383286E-1
785	3.98983234E-1
945	4.00226194E-1
999	4.02168251E-1
110	4.02221496E-1
278	4.05613535E-1
902	4.05781704E-1
219	4.05945466E-1
259	4.07811523E-1
657	4.10120986E-1
359	4.10373432E-1
203	4.10574118E-1
840	4.11828088E-1
830	4.11995901E-1
277	4.13672308E-1
832	4.14735838E-1
673	4.15982243E-1
936	4.16880153E-1
55	4.17008751E-1
12	4.18066229E-1
490	4.18119534E-1
653	4.1825743E-1
382	4.20041194E-1
956	4.24126287E-1
634	4.24236018E-1
111	4.24785382E-1
399	4.2632868E-1
772	4.27786448E-1
570	4.28628652E-1
696	4.2935622E-1
891	4.29583763E-1
981	4.30301649E-1
737	4.31495012E-1
449	4.31741638E-1
687	4.31781656E-1
483	4.3210337E-1
581	4.34206073E-1
43	4.35065182E-1
63	4.3557119E-1
1017	4.36145499E-1
659	4.36698608E-1
575	4.36732666E-1
804	4.36859924E-1
467	4.37491982E-1
39	4.41188709E-1
427	4.41460273E-1
50	4.42617935E-1
121	4.437296E-1
176	4.4415803E-1
782	4.46695842E-1
501	4.47943096E-1
372	4.50706981E-1
701	4.50789109E-1
856	4.5192827E-1
496	4.52615142E-1
64	4.5556861E-1
319	4.55814264E-1
192	4.55825699E-1
568	4.58960042E-1
794	4.59499075E-1
375	4.59733378E-1
398	4.59737343E-1
334	4.6025129E-1
528	4.60426892E-1
302	4.60901173E-1
871	4.60910483E-1
126	4.60977859E-1
674	4.62244587E-1
44	4.6297278E-1
511	4.6317478E-1
223	4.64503314E-1
210	4.67569082E-1
179	4.69308307E-1
291	4.6959619E-1
903	4.70017837E-1
803	4.70695917E-1
676	4.70738604E-1
288	4.71854406E-1
886	4.72483911E-1
199	4.73057051E-1
508	4.73559892E-1
736	4.74535768E-1
265	4.75211826E-1
129	4.75377419E-1
951	4.76224918E-1
504	4.76351939E-1
138	4.77247669E-1
540	4.7762426E-1
1013	4.78132818E-1
378	4.78952904E-1
662	4.79902582E-1
792	4.81601136E-1
153	4.82007905E-1
185	4.82149699E-1
194	4.82174045E-1
927	4.82875834E-1
460	4.85062285E-1
814	4.85983232E-1
128	4.8650336E-1
261	4.87075696E-1
552	4.87519138E-1
907	4.87577153E-1
759	4.88557086E-1
888	4.9025166E-1
632	4.90336548E-1
652	4.92992522E-1
539	4.93800469E-1
651	4.93813001E-1
190	4.9422932E-1
512	4.95971799E-1
825	4.98658219E-1
589	4.99057575E-1
691	5.00845208E-1
746	5.0297525E-1
357	5.05836141E-1
753	5.06745203E-1
503	5.07606989E-1
638	5.08245274E-1
393	5.0867617E-1
18	5.08776878E-1
446	5.11900647E-1
254	5.12506488E-1
472	5.15810689E-1
677	5.20052925E-1
466	5.20570169E-1
157	5.20806975E-1
729	5.20884009E-1
478	5.2174371E-1
868	5.2194322E-1
455	5.23997596E-1
379	5.25214943E-1
98	5.30187952E-1
749	5.30851147E-1
650	5.31743861E-1
913	5.32206571E-1
625	5.32410196E-1
961	5.33169146E-1
166	5.33505485E-1
773	5.36803902E-1
572	5.3700804E-1
482	5.3739927E-1
1015	5.37945202E-1
76	5.38683664E-1
400	5.40246162E-1
622	5.41545945E-1
297	5.51968474E-1
85	5.53161028E-1
72	5.53216172E-1
610	5.58229352E-1
15	5.59169558E-1
723	5.59464205E-1
505	5.60757591E-1
836	5.60764809E-1
842	5.61513394E-1
968	5.63858416E-1
48	5.64447608E-1
864	5.65242709E-1
741	5.65749253E-1
60	5.66051613E-1
201	5.66241705E-1
168	5.67886095E-1
230	5.69220443E-1
717	5.69468862E-1
643	5.7091753E-1
165	5.71219771E-1
592	5.71755943E-1
905	5.73239754E-1
256	5.7337198E-1
986	5.7549518E-1
938	5.75710934E-1
1009	5.75730582E-1
330	5.76158103E-1
451	5.76499945E-1
971	5.77495933E-1
854	5.79840395E-1
351	5.80645767E-1
497	5.81317278E-1
560	5.8181478E-1
53	5.82409773E-1
284	5.82523157E-1
389	5.82847791E-1
434	5.82884722E-1
361	5.82896478E-1
755	5.83918271E-1
35	5.84269199E-1
412	5.84278341E-1
329	5.84381634E-1
833	5.84473007E-1
257	5.84948219E-1
823	5.85068307E-1
663	5.85583788E-1
413	5.87490889E-1
131	5.87492089E-1
699	5.89754503E-1
709	5.90276735E-1
317	5.91052556E-1
124	5.92038183E-1
766	5.92480533E-1
1004	5.92869447E-1
721	5.9302054E-1
473	5.95727435E-1
255	5.97092553E-1
960	5.99121097E-1
304	6.00569751E-1
360	6.01175863E-1
628	6.01305343E-1
167	6.01562938E-1
65	6.02400324E-1
708	6.02816593E-1
14	6.04359361E-1
270	6.07018734E-1
544	6.07982757E-1
895	6.08342711E-1
87	6.08485811E-1
500	6.11740264E-1
134	6.11761843E-1
880	6.12571602E-1
193	6.12635538E-1
556	6.13188087E-1
353	6.13446467E-1
573	6.15072551E-1
339	6.1542431E-1
119	6.15749505E-1
394	6.15764031E-1
338	6.17119563E-1
605	6.18849907E-1
790	6.18911134E-1
1005	6.18926722E-1
459	6.20715902E-1
292	6.25466218E-1
271	6.26839046E-1
684	6.28034779E-1
698	6.28135703E-1
225	6.29919557E-1
661	6.29931329E-1
770	6.30684669E-1
5	6.3235222E-1
594	6.33083233E-1
513	6.33618389E-1
151	6.3383194E-1
580	6.33859018E-1
152	6.34489968E-1
593	6.34787437E-1
2	6.35959089E-1
844	6.37735228E-1
859	6.40206412E-1
468	6.41520831E-1
163	6.41844889E-1
530	6.45796657E-1
150	6.46341768E-1
274	6.46513476E-1
16	6.46534371E-1
1014	6.46674543E-1
213	6.47932896E-1
668	6.48567668E-1
621	6.48744785E-1
125	6.51477493E-1
347	6.53334642E-1
700	6.54139364E-1
853	6.56287181E-1
220	6.56851226E-1
672	6.57671692E-1
579	6.59286901E-1
315	6.59682024E-1
303	6.61013564E-1
784	6.61183796E-1
349	6.62794315E-1
667	6.64728223E-1
156	6.66582077E-1
83	6.66857996E-1
535	6.67251237E-1
280	6.68389383E-1
13	6.69013715E-1
29	6.70443093E-1
214	6.70578074E-1
887	6.70774859E-1
515	6.71956745E-1
587	6.72085606E-1
939	6.72112786E-1
8	6.73040656E-1
491	6.73277352E-1
824	6.74687921E-1
694	6.75202026E-1
32	6.81611185E-1
771	6.81624552E-1
904	6.81807339E-1
68	6.83168797E-1
571	6.83989295E-1
828	6.84097686E-1
109	6.85245674E-1
148	6.85463216E-1
555	6.86614637E-1
21	6.87183763E-1
563	6.87267388E-1
498	6.87767842E-1
439	6.88816858E-1
4	6.88915572E-1
227	6.89043537E-1
857	6.89500456E-1
710	6.90363117E-1
407	6.91216957E-1
281	6.91685658E-1
328	6.91875449E-1
811	6.92507632E-1
963	6.92824907E-1
682	6.93469145E-1
324	6.94140856E-1
970	6.95305026E-1
731	6.96504322E-1
941	6.96651091E-1
368	6.97373542E-1
863	6.97700055E-1
282	6.98115399E-1
217	6.99614355E-1
686	6.99831597E-1
754	7.00887453E-1
158	7.01420047E-1
867	7.02953159E-1
973	7.04738658E-1
242	7.05684043E-1
79	7.05870763E-1
777	7.06642066E-1
722	7.09240689E-1
738	7.09385967E-1
420	7.09955577E-1
299	7.10957986E-1
989	7.12012013E-1
855	7.12743664E-1
253	7.13097962E-1
0	7.13507391E-1
665	7.13727277E-1
421	7.13911875E-1
720	7.14640244E-1
161	7.18003159E-1
80	7.18485512E-1
843	7.19420226E-1
415	7.23432193E-1
1007	7.24244311E-1
99	7.25134729E-1
127	7.29319243E-1
762	7.30287979E-1
744	7.31044864E-1
112	7.31364437E-1
228	7.32601353E-1
236	7.34635681E-1
186	7.35752978E-1
384	7.36882846E-1
932	7.37001927E-1
933	7.38198163E-1
899	7.3873356E-1
521	7.41606989E-1
654	7.41640502E-1
406	7.42164722E-1
946	7.42387689E-1
331	7.45348838E-1
198	7.4537702E-1
834	7.4616842E-1
327	7.46867697E-1
115	7.47718611E-1
813	7.48630721E-1
750	7.48984999E-1
432	7.49056628E-1
318	7.4954139E-1
1021	7.52644826E-1
82	7.54521757E-1
875	7.54548724E-1
601	7.55590441E-1
644	7.5689763E-1
821	7.59866851E-1
877	7.59960112E-1
975	7.60017423E-1
751	7.61043256E-1
930	7.61100092E-1
846	7.62266219E-1
287	7.6263459E-1
344	7.63721145E-1
177	7.64887774E-1
588	7.64979484E-1
332	7.66831089E-1
342	7.6772547E-1
635	7.69625745E-1
978	7.70540019E-1
583	7.71893893E-1
1002	7.72040794E-1
666	7.72749048E-1
275	7.72769237E-1
355	7.73483592E-1
786	7.74112294E-1
955	7.75742365E-1
350	7.75746628E-1
244	7.78691894E-1
489	7.79595533E-1
481	7.79799398E-1
130	7.8054525E-1
582	7.80672855E-1
876	7.80772888E-1
222	7.83938119E-1
574	7.84624789E-1
27	7.84767951E-1
850	7.85494521E-1
207	7.87111932E-1
22	7.87312354E-1
453	7.89491775E-1
120	7.90515181E-1
154	7.91207251E-1
507	7.92868165E-1
995	7.95855333E-1
346	8.00061219E-1
298	8.01988058E-1
402	8.03892283E-1
345	8.0550177E-1
791	8.06484324E-1
73	8.08158036E-1
386	8.09833805E-1
205	8.12351283E-1
542	8.13261634E-1
829	8.14756984E-1
739	8.16134327E-1
215	8.16418355E-1
816	8.16643863E-1
143	8.16752601E-1
450	8.1781327E-1
146	8.18111145E-1
370	8.20173419E-1
47	8.20174954E-1
86	8.20424854E-1
46	8.21314152E-1
987	8.21630145E-1
461	8.22184093E-1
976	8.22299103E-1
10	8.22491542E-1
502	8.24374292E-1
506	8.24963821E-1
376	8.28112779E-1
1008	8.29034482E-1
486	8.29289453E-1
91	8.30536646E-1
295	8.30590526E-1
745	8.33856567E-1
908	8.34331436E-1
636	8.36426248E-1
509	8.38535237E-1
996	8.39297286E-1
865	8.40431216E-1
333	8.40499792E-1
1003	8.41166061E-1
51	8.44603922E-1
237	8.45083114E-1
600	8.46811817E-1
101	8.46969348E-1
548	8.47518454E-1
1010	8.47546387E-1
1020	8.47885682E-1
118	8.49948471E-1
839	8.52651742E-1
537	8.53562922E-1
477	8.55682045E-1
734	8.56254577E-1
388	8.56464749E-1
724	8.56865045E-1
33	8.57335058E-1
531	8.61536332E-1
495	8.61706667E-1
436	8.62127549E-1
1022	8.62151466E-1
915	8.62892676E-1
617	8.63865751E-1
391	8.64038145E-1
264	8.64857877E-1
1019	8.65260323E-1
181	8.66425742E-1
802	8.67660853E-1
692	8.68605855E-1
931	8.70156438E-1
411	8.70985676E-1
1023	8.72346729E-1
918	8.7305645E-1
598	8.73938863E-1
944	8.7484586E-1
557	8.74918563E-1
100	8.75556801E-1
730	8.75699788E-1
54	8.7637871E-1
827	8.7648583E-1
38	8.76591594E-1
599	8.76769506E-1
797	8.77444132E-1
364	8.78540662E-1
549	8.79527274E-1
430	8.79639775E-1
200	8.82863635E-1
24	8.83874318E-1
613	8.85150149E-1
778	8.86361416E-1
88	8.86883761E-1
36	8.8757653E-1
718	8.88001512E-1
188	8.89686516E-1
66	8.91094637E-1
377	8.9202725E-1
585	8.92965584E-1
992	8.93521869E-1
428	8.95982186E-1
216	8.96704143E-1
104	8.97560637E-1
335	8.98656355E-1
211	8.98722985E-1
6	9.00164327E-1
396	9.0105671E-1
819	9.04740738E-1
695	9.05183756E-1
977	9.0935471E-1
655	9.10822641E-1
325	9.13004031E-1
300	9.13208562E-1
249	9.14627587E-1
102	9.14689944E-1
892	9.15652447E-1
69	9.17391921E-1
645	9.17859387E-1
688	9.18807163E-1
404	9.19552166E-1
781	9.20476094E-1
569	9.21040146E-1
769	9.22503387E-1
805	9.22685968E-1
536	9.23922346E-1
817	9.24887931E-1
952	9.25795724E-1
873	9.26701246E-1
431	9.27138828E-1
23	9.28536952E-1
209	9.29908258E-1
133	9.31752014E-1
78	9.35360371E-1
182	9.35841604E-1
948	9.3693456E-1
761	9.36981623E-1
776	9.3865828E-1
566	9.39004784E-1
122	9.3934873E-1
445	9.40207347E-1
183	9.40547806E-1
61	9.41058187E-1
957	9.43245877E-1
620	9.43267646E-1
681	9.4366953E-1
798	9.44567332E-1
679	9.46917706E-1
795	9.4771812E-1
123	9.47755639E-1
870	9.49058421E-1
934	9.49751542E-1
732	9.50472493E-1
226	9.50483143E-1
96	9.50755366E-1
337	9.53801833E-1
499	9.55409199E-1
81	9.56388582E-1
366	9.56653709E-1
962	9.58255322E-1
972	9.58308069E-1
1018	9.58437381E-1
656	9.61759791E-1
90	9.62775428E-1
492	9.62956744E-1
444	9.64777688E-1
519	9.65546959E-1
419	9.66060456E-1
820	9.66328817E-1
268	9.67193234E-1
789	9.68146522E-1
532	9.69660054E-1
982	9.70769875E-1
487	9.70873656E-1
767	9.73258109E-1
693	9.73432013E-1
518	9.74820819E-1
935	9.75776361E-1
906	9.75878215E-1
884	9.75955131E-1
269	9.76488955E-1
218	9.79177736E-1
743	9.809492E-1
543	9.80985592E-1
516	9.81626898E-1
417	9.82032749E-1
713	9.83381644E-1
757	9.83887298E-1
440	9.8607079E-1
93	9.87512373E-1
30	9.8796382E-1
788	9.89860506E-1
747	9.92408523E-1
462	9.92503698E-1
921	9.92994227E-1
858	9.93253434E-1
206	9.93634461E-1
1016	9.940764E-1
414	9.9495713E-1
363	9.95193735E-1
733	9.95897623E-1
45	9.96139005E-1
937	9.9624206E-1
306	9.97533654E-1
470	9.97931975E-1
294	9.98138168E-1
19	9.99289322E-1
89	9.99918748E-1
