Name	chi2Pvalue
782	5.93835734E-5
818	2.92376257E-4
865	3.36858742E-4
161	8.69205005E-4
260	1.38656128E-3
405	1.53925382E-3
760	1.97335405E-3
494	4.1970222E-3
407	4.35285944E-3
517	4.55823362E-3
298	7.32388704E-3
263	8.12458082E-3
314	8.89964179E-3
307	8.96334325E-3
467	9.40249489E-3
802	9.55224497E-3
770	1.01006839E-2
1015	1.05017921E-2
847	1.14934556E-2
416	1.40778163E-2
579	1.7500109E-2
684	1.87707257E-2
317	1.89230296E-2
306	2.053469E-2
117	2.08183283E-2
574	2.18896234E-2
864	2.45343968E-2
936	2.51382554E-2
60	2.54873988E-2
743	2.65810076E-2
249	2.75582293E-2
1023	2.79738699E-2
381	3.33995641E-2
571	3.39999185E-2
651	3.41343187E-2
235	3.52218402E-2
113	3.87971726E-2
573	3.8997456E-2
119	3.905891E-2
681	3.92776906E-2
969	3.97648459E-2
399	4.01936414E-2
749	4.59279122E-2
860	4.65377538E-2
822	4.76225785E-2
327	4.88022077E-2
958	4.90455226E-2
15	4.95120165E-2
373	4.97952299E-2
690	5.75710226E-2
980	5.76648345E-2
620	5.79908705E-2
20	5.83513761E-2
642	5.87323804E-2
556	5.90063704E-2
672	6.00524615E-2
34	6.01272093E-2
1020	6.03676796E-2
577	6.09439744E-2
658	6.24341459E-2
838	6.24951843E-2
429	6.28751335E-2
816	6.34759571E-2
876	6.37049011E-2
740	6.42329258E-2
419	6.45610083E-2
76	6.4657989E-2
137	6.76696574E-2
159	6.82400166E-2
302	6.9165673E-2
496	6.97805928E-2
370	7.0985234E-2
152	7.2120129E-2
849	7.21941185E-2
1001	7.72610613E-2
650	7.73380176E-2
454	7.777994E-2
513	7.7853217E-2
349	8.01481981E-2
70	8.02514366E-2
925	8.06555458E-2
614	8.10887412E-2
125	8.24709124E-2
237	8.28824586E-2
678	8.57305221E-2
931	8.72276228E-2
84	8.80972925E-2
906	8.90814283E-2
772	8.95344106E-2
683	9.07152495E-2
976	9.29031847E-2
104	9.32244446E-2
97	9.49376937E-2
202	9.60234892E-2
233	9.64757665E-2
1006	9.75287604E-2
438	9.75904041E-2
271	9.86224853E-2
844	9.89223879E-2
142	9.90150749E-2
829	1.00624886E-1
883	1.01731828E-1
470	1.03078622E-1
351	1.03141929E-1
355	1.07053964E-1
105	1.07122682E-1
92	1.07949063E-1
897	1.07966509E-1
492	1.09332278E-1
436	1.0960114E-1
461	1.1057437E-1
819	1.11122704E-1
115	1.11215563E-1
284	1.12094262E-1
625	1.12263777E-1
264	1.12381965E-1
689	1.12611648E-1
274	1.15612766E-1
959	1.16028658E-1
128	1.18416513E-1
735	1.19119008E-1
426	1.19705619E-1
510	1.20483642E-1
1008	1.20724303E-1
481	1.2113626E-1
998	1.21324941E-1
251	1.21697217E-1
553	1.23507265E-1
845	1.24688041E-1
648	1.25130262E-1
729	1.2685999E-1
44	1.27341852E-1
515	1.28022441E-1
334	1.28451867E-1
36	1.28631933E-1
850	1.29767662E-1
930	1.30346326E-1
124	1.31781117E-1
511	1.32520019E-1
810	1.33166222E-1
543	1.3380706E-1
738	1.37055086E-1
446	1.37353086E-1
262	1.37846929E-1
630	1.38094008E-1
584	1.39728184E-1
566	1.41173111E-1
901	1.41811894E-1
762	1.42475538E-1
204	1.43107046E-1
728	1.45045881E-1
145	1.47621668E-1
71	1.50542527E-1
503	1.51184727E-1
914	1.51298546E-1
12	1.54254134E-1
329	1.54442012E-1
941	1.55744514E-1
392	1.57987536E-1
592	1.59023266E-1
324	1.61357168E-1
2	1.65564293E-1
973	1.66261376E-1
188	1.67729563E-1
784	1.68591525E-1
309	1.68953682E-1
688	1.69237657E-1
768	1.7096791E-1
621	1.71400512E-1
138	1.71443303E-1
75	1.71954864E-1
696	1.72860202E-1
666	1.74664133E-1
663	1.74781616E-1
580	1.76351018E-1
654	1.767446E-1
140	1.76836848E-1
751	1.78028447E-1
861	1.80048673E-1
1018	1.80248787E-1
627	1.82669749E-1
468	1.86036563E-1
911	1.86750189E-1
122	1.88833854E-1
953	1.89230401E-1
880	1.89236346E-1
354	1.89632501E-1
41	1.90114792E-1
382	1.91888311E-1
612	1.91937723E-1
763	1.95416664E-1
423	1.95446052E-1
243	1.96008255E-1
821	2.0089542E-1
35	2.03093504E-1
463	2.04435905E-1
534	2.04478798E-1
881	2.05270651E-1
600	2.06387839E-1
961	2.07029818E-1
357	2.09656879E-1
687	2.1014959E-1
256	2.10543889E-1
242	2.12778421E-1
270	2.14387335E-1
108	2.1447456E-1
154	2.1485929E-1
1019	2.16749865E-1
293	2.18120165E-1
488	2.209625E-1
238	2.21155334E-1
477	2.21706639E-1
464	2.2296189E-1
995	2.24248519E-1
815	2.24878857E-1
176	2.2505119E-1
501	2.26006364E-1
629	2.26176542E-1
704	2.27648292E-1
255	2.27650243E-1
913	2.28279748E-1
656	2.28547608E-1
389	2.29968097E-1
135	2.30665398E-1
1003	2.3156012E-1
1017	2.33383387E-1
500	2.33518042E-1
132	2.3480289E-1
923	2.35836911E-1
330	2.36157809E-1
33	2.37976927E-1
300	2.38787824E-1
718	2.39021247E-1
98	2.39070539E-1
526	2.39287547E-1
78	2.40277578E-1
64	2.42925118E-1
1016	2.43530612E-1
377	2.43871989E-1
955	2.44489663E-1
38	2.4457568E-1
727	2.4545704E-1
778	2.47203951E-1
471	2.48815408E-1
523	2.50548468E-1
873	2.52045799E-1
160	2.53116341E-1
93	2.53503612E-1
184	2.53788948E-1
25	2.54523431E-1
733	2.55123144E-1
252	2.55200071E-1
225	2.55339174E-1
982	2.55500019E-1
732	2.56020837E-1
1021	2.56126604E-1
601	2.56159942E-1
385	2.56719196E-1
157	2.56743417E-1
910	2.58996785E-1
548	2.59493584E-1
893	2.59681801E-1
422	2.60488698E-1
512	2.60773332E-1
750	2.61519012E-1
671	2.62620078E-1
795	2.62653309E-1
42	2.62828838E-1
401	2.64756519E-1
474	2.65089772E-1
804	2.65945921E-1
676	2.67150263E-1
812	2.6960746E-1
591	2.69976254E-1
443	2.70267555E-1
0	2.73120613E-1
239	2.74040929E-1
680	2.74486374E-1
519	2.75541034E-1
956	2.75723341E-1
181	2.77112603E-1
697	2.77578451E-1
765	2.78886254E-1
848	2.79715885E-1
960	2.80229965E-1
141	2.80895049E-1
189	2.81542078E-1
1012	2.81665714E-1
17	2.82072109E-1
432	2.82859955E-1
787	2.82881515E-1
964	2.83040132E-1
781	2.84284781E-1
215	2.87849063E-1
917	2.8795841E-1
929	2.88012597E-1
192	2.8902612E-1
134	2.90008597E-1
926	2.90754547E-1
489	2.90866521E-1
978	2.91361909E-1
576	2.91786132E-1
365	2.95864179E-1
758	2.96501829E-1
565	2.97416323E-1
737	2.97594669E-1
643	2.98021567E-1
896	3.00040681E-1
546	3.00282779E-1
647	3.01555898E-1
333	3.01936571E-1
404	3.02043328E-1
747	3.02388125E-1
221	3.05870305E-1
987	3.0673627E-1
61	3.07421075E-1
151	3.07886685E-1
73	3.09570565E-1
362	3.12681141E-1
28	3.1544497E-1
458	3.15635135E-1
214	3.15868885E-1
445	3.16443006E-1
1004	3.18351204E-1
253	3.22052114E-1
55	3.2224684E-1
136	3.23339371E-1
286	3.23741917E-1
659	3.25525928E-1
301	3.25711649E-1
939	3.26495322E-1
857	3.2752747E-1
230	3.28549708E-1
465	3.30144055E-1
431	3.30232822E-1
882	3.30388666E-1
613	3.31638721E-1
266	3.31721609E-1
269	3.32885342E-1
725	3.33246446E-1
74	3.34111351E-1
891	3.35362476E-1
319	3.35467359E-1
183	3.35522938E-1
295	3.36751063E-1
402	3.36835404E-1
196	3.38681907E-1
1022	3.40038482E-1
259	3.40507994E-1
207	3.40762689E-1
603	3.4106448E-1
395	3.41549095E-1
985	3.43731025E-1
248	3.44258794E-1
364	3.44802127E-1
247	3.45440766E-1
449	3.45441452E-1
5	3.46504847E-1
185	3.47641605E-1
103	3.4794077E-1
531	3.48448731E-1
96	3.49209221E-1
567	3.49683401E-1
127	3.49713698E-1
555	3.4984128E-1
706	3.50673592E-1
368	3.51304784E-1
668	3.54877423E-1
682	3.54892633E-1
803	3.55746444E-1
851	3.55984531E-1
363	3.5729263E-1
886	3.59260651E-1
661	3.60220619E-1
279	3.62320348E-1
722	3.63176347E-1
187	3.63603532E-1
170	3.63724768E-1
915	3.63876658E-1
201	3.64353298E-1
413	3.64672502E-1
54	3.65353385E-1
178	3.65853839E-1
338	3.66444241E-1
828	3.66727782E-1
550	3.67940537E-1
746	3.68983639E-1
797	3.7163915E-1
288	3.72701253E-1
26	3.73818957E-1
841	3.74905804E-1
234	3.7495238E-1
709	3.75346199E-1
547	3.75403844E-1
677	3.75832802E-1
947	3.76150998E-1
701	3.76428092E-1
831	3.76659908E-1
50	3.77066249E-1
779	3.77303368E-1
299	3.77348976E-1
699	3.77647687E-1
835	3.784331E-1
148	3.78532921E-1
345	3.78763567E-1
793	3.78884394E-1
139	3.81740792E-1
273	3.82739798E-1
386	3.82792641E-1
596	3.82918816E-1
68	3.84601169E-1
59	3.86094777E-1
291	3.87608939E-1
133	3.88073602E-1
705	3.90246443E-1
130	3.90461282E-1
485	3.91114265E-1
522	3.91374889E-1
341	3.94795339E-1
820	3.98099099E-1
759	3.98128888E-1
974	3.98478279E-1
43	3.99443039E-1
774	4.0028243E-1
618	4.00683576E-1
450	4.02117832E-1
65	4.03972502E-1
999	4.04370499E-1
834	4.06140682E-1
79	4.06405522E-1
724	4.06415344E-1
966	4.07843836E-1
340	4.08205164E-1
23	4.09826369E-1
720	4.10170952E-1
229	4.10523074E-1
537	4.12372156E-1
99	4.17516109E-1
757	4.1838447E-1
294	4.19975592E-1
210	4.21183243E-1
741	4.22121956E-1
258	4.23676995E-1
388	4.24587551E-1
228	4.24859814E-1
162	4.25105993E-1
967	4.26287375E-1
653	4.27713451E-1
52	4.29816767E-1
323	4.3460501E-1
387	4.34687926E-1
633	4.37239651E-1
182	4.38117459E-1
121	4.38573652E-1
476	4.38751668E-1
909	4.39439016E-1
716	4.39942822E-1
199	4.40662849E-1
868	4.4095476E-1
245	4.41046315E-1
348	4.42638167E-1
209	4.42800808E-1
367	4.430717E-1
561	4.43598104E-1
714	4.45145364E-1
866	4.45526701E-1
536	4.46345292E-1
957	4.50176433E-1
597	4.51193059E-1
418	4.51303744E-1
903	4.5223042E-1
347	4.52892043E-1
694	4.53589341E-1
504	4.54397282E-1
703	4.54761855E-1
384	4.55499843E-1
628	4.56061427E-1
111	4.58673496E-1
994	4.59147063E-1
639	4.60160825E-1
885	4.61715328E-1
809	4.62307172E-1
652	4.62823237E-1
30	4.66557908E-1
970	4.6721112E-1
459	4.67955079E-1
311	4.68252888E-1
88	4.68275739E-1
605	4.683177E-1
24	4.70873576E-1
507	4.71054996E-1
719	4.7194857E-1
171	4.72001716E-1
316	4.7320704E-1
686	4.74607454E-1
211	4.76216085E-1
223	4.76689025E-1
538	4.78445135E-1
328	4.79326653E-1
971	4.79511517E-1
867	4.83685164E-1
660	4.84363604E-1
900	4.84513326E-1
394	4.84884057E-1
63	4.85174158E-1
177	4.86031822E-1
1014	4.86538861E-1
6	4.86816159E-1
167	4.87968233E-1
102	4.88862282E-1
155	4.89090939E-1
563	4.89598787E-1
208	4.90087205E-1
753	4.90307115E-1
521	4.90397313E-1
58	4.91167467E-1
67	4.9173193E-1
193	4.92060917E-1
462	4.92937264E-1
549	4.93493728E-1
823	4.9620722E-1
938	4.97333473E-1
439	4.97526926E-1
583	4.97889516E-1
16	4.99281146E-1
726	4.99635652E-1
516	4.99855317E-1
173	5.00495326E-1
1000	5.0213344E-1
412	5.02609401E-1
186	5.02785381E-1
557	5.02798831E-1
935	5.03494711E-1
874	5.04083103E-1
888	5.04565032E-1
634	5.05850781E-1
808	5.06252336E-1
984	5.06922106E-1
977	5.07262945E-1
640	5.07350393E-1
927	5.08067565E-1
290	5.08133998E-1
606	5.09012468E-1
582	5.09224335E-1
723	5.11822494E-1
281	5.11936946E-1
884	5.12275098E-1
525	5.12563474E-1
80	5.1481814E-1
447	5.14905117E-1
562	5.1492609E-1
691	5.14952266E-1
572	5.1564412E-1
806	5.19148975E-1
375	5.19383243E-1
791	5.19587138E-1
444	5.19840195E-1
664	5.19985682E-1
231	5.20530981E-1
360	5.23561861E-1
657	5.25266549E-1
45	5.29365638E-1
158	5.29698472E-1
908	5.32255567E-1
335	5.32618307E-1
166	5.3270057E-1
472	5.33531732E-1
922	5.33751884E-1
144	5.35070479E-1
297	5.36995672E-1
798	5.37288746E-1
968	5.37743378E-1
411	5.40275524E-1
840	5.42131508E-1
342	5.42306029E-1
693	5.42829629E-1
27	5.43401101E-1
109	5.4481279E-1
435	5.48139623E-1
398	5.49666065E-1
608	5.51539515E-1
545	5.53451633E-1
451	5.54321171E-1
396	5.55096965E-1
616	5.56567435E-1
535	5.56766095E-1
203	5.57651682E-1
586	5.5880736E-1
919	5.60003586E-1
40	5.63279863E-1
390	5.63366315E-1
963	5.64499763E-1
420	5.67446522E-1
506	5.68060084E-1
1011	5.68478206E-1
337	5.69595181E-1
667	5.70055895E-1
509	5.7152175E-1
168	5.74180568E-1
156	5.7425416E-1
7	5.74376731E-1
11	5.75327948E-1
641	5.75562704E-1
90	5.75943852E-1
1	5.7658663E-1
484	5.77339302E-1
898	5.77697574E-1
18	5.80882455E-1
391	5.81211673E-1
846	5.81839317E-1
540	5.82316308E-1
414	5.82773364E-1
406	5.83120686E-1
180	5.83416793E-1
879	5.84570978E-1
530	5.8677869E-1
675	5.87290821E-1
339	5.87773935E-1
87	5.88059217E-1
147	5.88556362E-1
951	5.88857771E-1
665	5.89922833E-1
889	5.90145301E-1
713	5.90550053E-1
417	5.9068948E-1
37	5.90831993E-1
508	5.92809788E-1
872	5.93472325E-1
205	5.93537372E-1
853	5.98344886E-1
433	6.00699958E-1
895	6.00736541E-1
529	6.00811196E-1
585	6.01813178E-1
636	6.04981322E-1
698	6.0929367E-1
216	6.09319299E-1
143	6.09496126E-1
197	6.10171427E-1
800	6.10942453E-1
904	6.11076399E-1
767	6.11626466E-1
805	6.12468853E-1
836	6.12895204E-1
265	6.13422111E-1
832	6.14444105E-1
441	6.15411331E-1
789	6.15531378E-1
486	6.16133462E-1
372	6.1988E-1
807	6.23427477E-1
649	6.25570734E-1
495	6.26955151E-1
236	6.27410027E-1
544	6.29465788E-1
131	6.30243588E-1
250	6.30476733E-1
673	6.30622928E-1
669	6.33056215E-1
632	6.33283366E-1
219	6.33482957E-1
22	6.33949062E-1
8	6.35016642E-1
410	6.36573821E-1
169	6.37915963E-1
626	6.3831407E-1
421	6.40068728E-1
150	6.4088307E-1
708	6.4404064E-1
700	6.44274282E-1
646	6.44735476E-1
790	6.45259292E-1
945	6.45424563E-1
858	6.45585581E-1
285	6.45630754E-1
453	6.45739702E-1
631	6.50167553E-1
505	6.50226387E-1
9	6.51650014E-1
146	6.51766117E-1
610	6.52735328E-1
862	6.53404219E-1
456	6.53416515E-1
378	6.53904266E-1
962	6.53965584E-1
533	6.54237784E-1
780	6.5530717E-1
287	6.55798713E-1
692	6.56228166E-1
944	6.56647611E-1
907	6.5678348E-1
112	6.56805691E-1
267	6.58198934E-1
948	6.58364075E-1
924	6.59286263E-1
839	6.59517427E-1
992	6.60731563E-1
990	6.61014186E-1
66	6.61885623E-1
710	6.62306765E-1
460	6.65318113E-1
972	6.65821334E-1
595	6.68169114E-1
764	6.72148529E-1
1010	6.74988221E-1
752	6.76193561E-1
212	6.76676399E-1
226	6.77042074E-1
480	6.80238266E-1
981	6.80517281E-1
1009	6.81239885E-1
308	6.81553338E-1
824	6.81789162E-1
72	6.82147501E-1
1005	6.823679E-1
379	6.83887739E-1
776	6.85122784E-1
827	6.86589731E-1
483	6.88181657E-1
393	6.88532086E-1
949	6.88892827E-1
989	6.89096637E-1
940	6.89562357E-1
46	6.9299816E-1
581	6.9378404E-1
975	6.94878793E-1
755	6.95075309E-1
721	6.95632221E-1
29	6.95660099E-1
644	6.97487716E-1
257	6.97571059E-1
326	7.00137768E-1
854	7.00633076E-1
164	7.04336883E-1
988	7.05524679E-1
996	7.05821551E-1
946	7.05914745E-1
892	7.06975547E-1
894	7.08008613E-1
359	7.10678867E-1
773	7.12248238E-1
560	7.13620378E-1
190	7.14385107E-1
624	7.14400793E-1
695	7.15369243E-1
276	7.17128919E-1
1007	7.17707733E-1
352	7.17985194E-1
89	7.19697541E-1
679	7.23238941E-1
497	7.2418979E-1
172	7.25751761E-1
240	7.2648184E-1
598	7.27273711E-1
322	7.27348839E-1
10	7.28441203E-1
899	7.28589598E-1
570	7.29876572E-1
479	7.3003285E-1
232	7.30108492E-1
912	7.31197294E-1
13	7.32517486E-1
539	7.36966079E-1
717	7.38692014E-1
569	7.4147445E-1
783	7.4196313E-1
943	7.42797727E-1
890	7.42901213E-1
282	7.43189287E-1
408	7.44055621E-1
21	7.47198021E-1
82	7.47416556E-1
617	7.47505698E-1
655	7.50055536E-1
312	7.50734284E-1
200	7.50980488E-1
715	7.52530351E-1
739	7.52578057E-1
206	7.52731123E-1
637	7.53046248E-1
371	7.53837301E-1
871	7.54707265E-1
837	7.55637465E-1
356	7.55868725E-1
304	7.55930161E-1
101	7.57810447E-1
83	7.58034476E-1
427	7.59739864E-1
224	7.6114677E-1
57	7.62817248E-1
635	7.63804579E-1
825	7.64981897E-1
455	7.65067672E-1
149	7.66119192E-1
491	7.6637746E-1
344	7.6661605E-1
575	7.66970248E-1
325	7.69837969E-1
94	7.740744E-1
602	7.7443686E-1
792	7.75412644E-1
3	7.76791042E-1
916	7.77694589E-1
39	7.79144692E-1
811	7.80072134E-1
662	7.84005974E-1
244	7.8494882E-1
331	7.85473289E-1
95	7.8716204E-1
801	7.89043378E-1
120	7.89699564E-1
32	7.89801019E-1
218	7.92609629E-1
685	7.93116627E-1
53	7.93671505E-1
272	7.93692876E-1
788	7.94293043E-1
296	7.94696258E-1
350	7.94826425E-1
950	7.96388235E-1
81	7.97235764E-1
986	7.9820223E-1
14	8.02130902E-1
110	8.02667581E-1
246	8.04014702E-1
174	8.062241E-1
775	8.06968891E-1
734	8.08851061E-1
336	8.09189025E-1
954	8.09727681E-1
129	8.11142672E-1
771	8.11150377E-1
528	8.11313851E-1
175	8.14858479E-1
191	8.15105029E-1
979	8.15774885E-1
991	8.1615708E-1
442	8.16578378E-1
346	8.16638729E-1
107	8.17545803E-1
31	8.19437326E-1
473	8.21508512E-1
588	8.21769295E-1
4	8.22098129E-1
744	8.23395936E-1
587	8.25366303E-1
855	8.25647064E-1
487	8.25834322E-1
785	8.27269589E-1
114	8.28582615E-1
878	8.28750598E-1
437	8.29758672E-1
730	8.30041685E-1
754	8.30391416E-1
1002	8.30735965E-1
195	8.31193936E-1
638	8.32389002E-1
887	8.32490217E-1
524	8.33583959E-1
409	8.34537961E-1
589	8.35799093E-1
594	8.35808843E-1
380	8.36172414E-1
777	8.36847446E-1
852	8.37904344E-1
702	8.39434362E-1
921	8.40015746E-1
541	8.40694129E-1
604	8.4100758E-1
712	8.44283948E-1
358	8.46465148E-1
289	8.48343621E-1
863	8.5341336E-1
611	8.54060242E-1
374	8.5654898E-1
786	8.57164216E-1
457	8.57880125E-1
731	8.58887095E-1
870	8.59513193E-1
599	8.59877387E-1
315	8.62294434E-1
607	8.62467578E-1
19	8.63145824E-1
400	8.65371601E-1
86	8.66967857E-1
493	8.68298295E-1
425	8.70096574E-1
934	8.70707463E-1
937	8.74830958E-1
466	8.74981908E-1
928	8.76338431E-1
261	8.77140115E-1
554	8.78226851E-1
817	8.78545558E-1
498	8.79993478E-1
856	8.80075175E-1
280	8.80766135E-1
578	8.82231614E-1
69	8.83856977E-1
397	8.84382029E-1
623	8.85485137E-1
796	8.8599889E-1
62	8.86775004E-1
942	8.88005548E-1
440	8.88089879E-1
220	8.89389333E-1
227	8.90689011E-1
933	8.91300415E-1
711	8.9213496E-1
452	8.92847197E-1
106	8.93097755E-1
56	8.95432584E-1
619	8.97508906E-1
542	8.99189621E-1
869	8.99478632E-1
830	9.01454511E-1
761	9.02056379E-1
499	9.03305796E-1
552	9.04964012E-1
833	9.05760871E-1
91	9.05913143E-1
674	9.06462404E-1
165	9.07307827E-1
313	9.09489212E-1
736	9.10841231E-1
794	9.12336609E-1
403	9.14693551E-1
918	9.15033626E-1
126	9.16283326E-1
993	9.16596834E-1
842	9.16671165E-1
310	9.17675742E-1
448	9.18404943E-1
568	9.18442778E-1
520	9.1898319E-1
905	9.21209636E-1
217	9.22776456E-1
826	9.2325021E-1
213	9.23378204E-1
163	9.23529999E-1
47	9.25199082E-1
527	9.25299477E-1
85	9.25350328E-1
320	9.29688954E-1
766	9.31903719E-1
343	9.31966539E-1
153	9.32440086E-1
434	9.33844791E-1
118	9.34178489E-1
932	9.36597973E-1
383	9.37155023E-1
518	9.37396105E-1
277	9.37713119E-1
799	9.3894464E-1
179	9.39286951E-1
622	9.41467382E-1
745	9.42903723E-1
748	9.44210456E-1
551	9.44480711E-1
558	9.44736147E-1
48	9.45642322E-1
198	9.46067532E-1
475	9.47378878E-1
482	9.48245749E-1
77	9.4849397E-1
100	9.48894045E-1
997	9.49758927E-1
952	9.50210391E-1
303	9.51820125E-1
965	9.52518604E-1
268	9.52950939E-1
514	9.53692275E-1
615	9.56371441E-1
814	9.5892223E-1
254	9.59631194E-1
742	9.6021568E-1
532	9.61746181E-1
424	9.62395323E-1
559	9.63327565E-1
194	9.64341893E-1
366	9.65144287E-1
275	9.65655375E-1
123	9.66333754E-1
1013	9.66872202E-1
321	9.6771726E-1
813	9.68384454E-1
902	9.68722039E-1
478	9.68804951E-1
469	9.68901277E-1
875	9.70815168E-1
564	9.7176541E-1
292	9.73808036E-1
769	9.76296864E-1
51	9.76327694E-1
332	9.76336986E-1
877	9.7680523E-1
222	9.77265442E-1
490	9.78518364E-1
49	9.79173711E-1
305	9.79473931E-1
415	9.79818618E-1
670	9.81210378E-1
609	9.81531878E-1
756	9.81970134E-1
428	9.82410441E-1
430	9.82625421E-1
859	9.83762893E-1
843	9.85241888E-1
707	9.85835482E-1
353	9.86134975E-1
318	9.8657947E-1
361	9.92775289E-1
116	9.92909042E-1
983	9.92996283E-1
278	9.93995096E-1
593	9.94249538E-1
645	9.96696773E-1
241	9.96995452E-1
502	9.98472835E-1
376	9.99401582E-1
