Name	chi2Pvalue
390	8.19142082E-5
813	5.47338492E-4
705	1.0238189E-3
451	1.14903878E-3
946	1.44907604E-3
176	1.65849707E-3
820	2.54248734E-3
992	2.55494631E-3
876	2.65857502E-3
626	2.75747966E-3
309	3.40839687E-3
848	5.54354351E-3
327	8.98479258E-3
664	9.29301751E-3
317	9.34504361E-3
595	1.0513492E-2
770	1.16055741E-2
512	1.20391121E-2
731	1.26659809E-2
68	1.35936802E-2
1000	1.36782947E-2
778	1.41187007E-2
858	1.4360594E-2
111	1.93561976E-2
360	2.04572678E-2
271	2.22280418E-2
751	2.229655E-2
273	2.44644562E-2
20	2.68070596E-2
984	2.70890664E-2
67	2.88940429E-2
235	2.91224022E-2
808	3.0185353E-2
676	3.03857571E-2
193	3.06886936E-2
55	3.13136386E-2
965	3.13431471E-2
239	3.30539791E-2
450	3.31067692E-2
276	3.31136188E-2
206	3.35030017E-2
479	3.35790543E-2
444	3.37532368E-2
1007	3.38527261E-2
622	3.43458964E-2
611	3.6569597E-2
671	3.66768144E-2
787	3.73380349E-2
791	3.74751204E-2
564	3.7870409E-2
641	3.93355524E-2
823	4.01205394E-2
1	4.10504883E-2
491	4.28082431E-2
902	4.40833591E-2
915	4.55774705E-2
740	4.63451518E-2
896	4.67871165E-2
467	4.67873681E-2
1001	4.79193378E-2
575	4.85042244E-2
522	4.87920548E-2
530	5.05323468E-2
233	5.05722382E-2
499	5.17226707E-2
497	5.21780334E-2
1002	5.25848583E-2
839	5.34921104E-2
844	5.36644187E-2
982	5.50162288E-2
628	5.55385097E-2
296	5.62460401E-2
515	5.81722953E-2
673	5.8543399E-2
71	5.88505464E-2
785	5.92199788E-2
388	5.99584451E-2
775	6.03828873E-2
750	6.11736605E-2
861	6.16346106E-2
878	6.30509127E-2
488	6.31050985E-2
150	6.32527514E-2
774	6.43241357E-2
144	6.53260274E-2
860	6.53794993E-2
38	6.73261726E-2
585	6.73692712E-2
140	6.74776873E-2
377	6.87825188E-2
110	6.943012E-2
745	7.06127206E-2
864	7.12536405E-2
995	7.25366613E-2
42	7.26330861E-2
660	7.29268975E-2
856	7.5478241E-2
592	7.68986268E-2
332	7.7407893E-2
891	7.90011554E-2
853	7.92770785E-2
696	8.13941106E-2
238	8.2221344E-2
524	8.35239319E-2
306	8.58757172E-2
905	8.66766985E-2
597	8.68516613E-2
609	8.70901484E-2
83	8.711177E-2
910	8.81569715E-2
993	8.85346037E-2
663	8.88669232E-2
658	9.05362205E-2
495	9.10009355E-2
606	9.13140661E-2
675	9.14878282E-2
247	9.21687646E-2
767	9.30329805E-2
922	9.35708353E-2
125	9.4609884E-2
480	9.52632336E-2
728	9.8401814E-2
792	9.89501129E-2
634	9.92090995E-2
504	1.02143777E-1
636	1.03002427E-1
173	1.03169667E-1
352	1.05003488E-1
894	1.06906314E-1
45	1.07524248E-1
333	1.07727847E-1
73	1.10539112E-1
269	1.14409538E-1
833	1.17366258E-1
633	1.17673139E-1
687	1.17779407E-1
788	1.21405765E-1
828	1.22406934E-1
803	1.23069426E-1
571	1.23460843E-1
391	1.2389306E-1
468	1.2551476E-1
385	1.25580062E-1
672	1.25977676E-1
795	1.26935208E-1
651	1.28041237E-1
782	1.29544028E-1
500	1.299604E-1
137	1.30165209E-1
339	1.31347879E-1
79	1.31432221E-1
272	1.32071719E-1
838	1.34706181E-1
508	1.35374135E-1
10	1.35653446E-1
710	1.37581492E-1
92	1.44076751E-1
989	1.44292543E-1
554	1.44946273E-1
832	1.45514753E-1
161	1.45754775E-1
999	1.46269649E-1
837	1.47240461E-1
179	1.48876017E-1
517	1.52233399E-1
646	1.53362916E-1
783	1.54643403E-1
752	1.54816033E-1
93	1.5503957E-1
354	1.55452916E-1
863	1.55544657E-1
580	1.55762025E-1
677	1.57302672E-1
314	1.58433255E-1
1003	1.64370795E-1
428	1.64599747E-1
124	1.65014551E-1
326	1.65143815E-1
742	1.66552278E-1
446	1.66927436E-1
780	1.66950199E-1
562	1.67141026E-1
263	1.67872955E-1
243	1.67904621E-1
806	1.68185209E-1
220	1.68939994E-1
205	1.68988362E-1
279	1.69166501E-1
370	1.69182629E-1
892	1.723001E-1
90	1.7314607E-1
719	1.73432435E-1
449	1.74751435E-1
897	1.76574867E-1
310	1.76886152E-1
726	1.79295055E-1
945	1.80533619E-1
76	1.81778826E-1
330	1.81963872E-1
635	1.83346443E-1
465	1.85054423E-1
949	1.89208908E-1
368	1.89404635E-1
245	1.92834211E-1
850	1.93520114E-1
501	1.94887259E-1
324	1.95946585E-1
702	1.96236363E-1
406	1.97130552E-1
547	1.9717657E-1
32	1.99068499E-1
160	2.00099733E-1
302	2.0095075E-1
24	2.01777099E-1
88	2.0207667E-1
418	2.07073533E-1
350	2.07294984E-1
54	2.07348535E-1
319	2.10726869E-1
102	2.11511205E-1
443	2.12309546E-1
738	2.12621032E-1
1008	2.13443008E-1
177	2.15466026E-1
990	2.15494159E-1
883	2.16766654E-1
182	2.19834844E-1
908	2.20216289E-1
533	2.20854732E-1
882	2.21689288E-1
744	2.26068248E-1
847	2.27324631E-1
588	2.27775903E-1
141	2.288295E-1
39	2.30001563E-1
274	2.30031411E-1
722	2.32925397E-1
732	2.33773785E-1
1004	2.34719869E-1
289	2.35540953E-1
652	2.36373375E-1
40	2.3869207E-1
640	2.41090567E-1
923	2.43653521E-1
170	2.44727729E-1
165	2.46516603E-1
393	2.47629948E-1
184	2.49623165E-1
72	2.51488932E-1
506	2.53367286E-1
478	2.53847954E-1
866	2.54496171E-1
211	2.54929314E-1
81	2.55085756E-1
919	2.55127541E-1
964	2.56449594E-1
959	2.57295998E-1
596	2.5910965E-1
473	2.59537766E-1
771	2.60219577E-1
545	2.60680018E-1
601	2.63988588E-1
756	2.66042996E-1
460	2.68673275E-1
615	2.69168725E-1
559	2.69444149E-1
6	2.70516154E-1
312	2.73533101E-1
556	2.75573926E-1
31	2.76497875E-1
217	2.79626128E-1
643	2.79994115E-1
28	2.80747329E-1
604	2.81104378E-1
798	2.81437662E-1
947	2.81956543E-1
26	2.82751933E-1
725	2.84630016E-1
963	2.8463165E-1
707	2.8503958E-1
487	2.85106813E-1
408	2.85159557E-1
159	2.86364263E-1
885	2.87909811E-1
164	2.8961706E-1
699	2.93083716E-1
893	2.93192974E-1
666	2.9332109E-1
884	2.96078134E-1
91	2.96360155E-1
146	2.98820684E-1
242	2.99990109E-1
624	3.02000289E-1
541	3.03921453E-1
924	3.04390746E-1
113	3.04523355E-1
971	3.0797636E-1
668	3.07990535E-1
323	3.08382741E-1
834	3.09033057E-1
429	3.09096136E-1
60	3.11960843E-1
737	3.13125952E-1
407	3.1342884E-1
895	3.13739149E-1
105	3.15721722E-1
84	3.16120143E-1
685	3.17035983E-1
779	3.1792541E-1
684	3.19502739E-1
764	3.1953632E-1
427	3.20513605E-1
27	3.21143546E-1
974	3.22102879E-1
35	3.23100511E-1
734	3.23915036E-1
293	3.25223528E-1
148	3.2527041E-1
403	3.2549819E-1
727	3.26222256E-1
669	3.27695244E-1
436	3.27930807E-1
457	3.28044609E-1
476	3.28093139E-1
119	3.31733568E-1
531	3.33392597E-1
112	3.3379487E-1
192	3.35368929E-1
682	3.38031355E-1
190	3.39126519E-1
625	3.3955459E-1
950	3.42480477E-1
470	3.44317359E-1
954	3.45158524E-1
680	3.45955922E-1
724	3.46328311E-1
777	3.4689306E-1
603	3.46940898E-1
550	3.47184103E-1
958	3.47264297E-1
912	3.47850592E-1
86	3.48084143E-1
415	3.49158493E-1
514	3.49354545E-1
387	3.49598665E-1
223	3.50151903E-1
638	3.50694259E-1
1016	3.51426917E-1
970	3.52693046E-1
378	3.54511664E-1
380	3.56191557E-1
361	3.56193941E-1
131	3.57072003E-1
769	3.57084961E-1
665	3.58032019E-1
258	3.58237583E-1
729	3.59500868E-1
484	3.60313645E-1
367	3.60965713E-1
0	3.6140851E-1
410	3.63706316E-1
85	3.65742384E-1
395	3.69234592E-1
216	3.69380038E-1
503	3.69697276E-1
236	3.69817976E-1
212	3.7210397E-1
278	3.74568137E-1
157	3.74693498E-1
793	3.75630799E-1
969	3.76130596E-1
382	3.79466117E-1
441	3.7961066E-1
630	3.79752201E-1
553	3.8119906E-1
674	3.81807186E-1
128	3.82133674E-1
718	3.82179361E-1
431	3.84416149E-1
972	3.84909449E-1
196	3.85063551E-1
510	3.8535441E-1
117	3.86626271E-1
573	3.8679828E-1
928	3.88587724E-1
43	3.90144042E-1
456	3.90734497E-1
417	3.9163491E-1
103	3.9296465E-1
865	3.93825451E-1
862	3.94800859E-1
129	3.96296556E-1
2	3.97169686E-1
392	3.97374736E-1
364	3.97535414E-1
255	3.97597097E-1
66	3.97711134E-1
794	3.99386559E-1
568	3.9953169E-1
981	3.99655436E-1
346	4.01857519E-1
8	4.02856286E-1
579	4.03126434E-1
493	4.06088682E-1
572	4.06390454E-1
280	4.06763896E-1
191	4.07206217E-1
185	4.11053546E-1
994	4.12244303E-1
655	4.1397911E-1
841	4.18199484E-1
843	4.19040513E-1
355	4.21217906E-1
260	4.21367785E-1
82	4.2233593E-1
118	4.22443936E-1
526	4.2315196E-1
227	4.2367763E-1
454	4.2524901E-1
329	4.2626051E-1
432	4.26412746E-1
631	4.27135935E-1
299	4.28666434E-1
340	4.30305377E-1
758	4.30433122E-1
154	4.30568224E-1
107	4.30836705E-1
145	4.31022149E-1
593	4.31643488E-1
222	4.34653088E-1
366	4.350013E-1
749	4.35661351E-1
422	4.35890276E-1
872	4.36409129E-1
721	4.37279216E-1
214	4.37555502E-1
539	4.37658196E-1
558	4.39205119E-1
662	4.39603646E-1
132	4.409017E-1
544	4.4123587E-1
440	4.41516706E-1
583	4.41903888E-1
207	4.42677315E-1
187	4.43104648E-1
53	4.46427531E-1
816	4.46548278E-1
253	4.47177165E-1
386	4.47390767E-1
318	4.47672293E-1
567	4.50548113E-1
557	4.51258819E-1
691	4.51852351E-1
525	4.52193699E-1
381	4.53171227E-1
357	4.53329968E-1
411	4.53415434E-1
935	4.53995757E-1
578	4.54130995E-1
998	4.55415461E-1
869	4.55451259E-1
104	4.56707569E-1
818	4.57285107E-1
363	4.57766699E-1
75	4.61166556E-1
225	4.61705554E-1
257	4.62075481E-1
602	4.62336236E-1
613	4.62867931E-1
87	4.63203372E-1
697	4.65421864E-1
59	4.66037476E-1
183	4.66358289E-1
679	4.67609833E-1
772	4.68517792E-1
932	4.7103816E-1
857	4.73229754E-1
826	4.74823214E-1
394	4.75266933E-1
409	4.77969185E-1
518	4.79288525E-1
277	4.80202144E-1
316	4.80550456E-1
195	4.80668622E-1
888	4.82031969E-1
960	4.83046601E-1
766	4.84433165E-1
743	4.84499393E-1
215	4.85336327E-1
612	4.85909476E-1
538	4.86905608E-1
168	4.89484923E-1
65	4.90714777E-1
854	4.9106699E-1
1017	4.94385886E-1
474	4.97233257E-1
659	4.97358415E-1
809	4.97796686E-1
678	4.98181291E-1
64	5.00096963E-1
903	5.0176167E-1
849	5.04445222E-1
447	5.05040348E-1
344	5.06566985E-1
483	5.06831493E-1
617	5.07565322E-1
135	5.08142317E-1
875	5.08246269E-1
951	5.08476111E-1
600	5.0913169E-1
166	5.09624573E-1
136	5.09978581E-1
197	5.1115823E-1
599	5.11496542E-1
708	5.14142238E-1
399	5.14256878E-1
78	5.1710616E-1
840	5.17684451E-1
555	5.18847871E-1
331	5.19374086E-1
1010	5.19670134E-1
629	5.20044332E-1
202	5.20061729E-1
376	5.20333742E-1
605	5.2039066E-1
1020	5.22144797E-1
509	5.22274856E-1
537	5.22548202E-1
952	5.22773695E-1
811	5.23301776E-1
773	5.23811729E-1
871	5.24284467E-1
900	5.25983257E-1
178	5.26225981E-1
463	5.29147345E-1
703	5.29183068E-1
343	5.29422153E-1
1009	5.30206829E-1
30	5.31274488E-1
851	5.32831176E-1
213	5.33362098E-1
899	5.35912631E-1
397	5.36642352E-1
789	5.37750899E-1
471	5.38831648E-1
868	5.39161338E-1
200	5.40714862E-1
414	5.4129441E-1
846	5.42756587E-1
234	5.42979457E-1
100	5.45892453E-1
347	5.48741621E-1
819	5.50331258E-1
681	5.51646499E-1
9	5.52900881E-1
827	5.5485828E-1
282	5.55379884E-1
890	5.56404423E-1
12	5.58636442E-1
821	5.58676554E-1
49	5.58920771E-1
162	5.59644264E-1
584	5.59679587E-1
881	5.59737389E-1
122	5.60449603E-1
586	5.60885953E-1
99	5.61877434E-1
261	5.62441966E-1
1012	5.6276951E-1
106	5.65574815E-1
423	5.66248449E-1
320	5.68353214E-1
174	5.68628757E-1
577	5.69830341E-1
836	5.69834893E-1
607	5.70649877E-1
13	5.73546894E-1
304	5.75860976E-1
342	5.76071637E-1
736	5.76136127E-1
591	5.76740788E-1
997	5.77412861E-1
80	5.78796483E-1
741	5.80791397E-1
353	5.80929825E-1
322	5.82788999E-1
709	5.82861599E-1
507	5.83199193E-1
95	5.85364316E-1
52	5.88573147E-1
913	5.8891054E-1
987	5.92546467E-1
511	5.93236208E-1
295	5.93741168E-1
498	5.9396936E-1
810	5.95020689E-1
61	5.97873116E-1
661	5.99164863E-1
374	6.00204558E-1
17	6.01422709E-1
870	6.0355591E-1
229	6.03681162E-1
153	6.05628629E-1
336	6.07694556E-1
917	6.08078983E-1
957	6.09678319E-1
879	6.10639193E-1
855	6.10864851E-1
874	6.1116898E-1
988	6.11924509E-1
171	6.14019636E-1
931	6.14712711E-1
921	6.15244666E-1
481	6.19540626E-1
966	6.19575464E-1
561	6.20587456E-1
169	6.22986473E-1
831	6.23027656E-1
975	6.23660394E-1
362	6.25153385E-1
1005	6.25203888E-1
291	6.26113941E-1
647	6.28065654E-1
298	6.28635811E-1
516	6.30947538E-1
4	6.32225997E-1
246	6.36012678E-1
528	6.39671152E-1
632	6.40639804E-1
842	6.40971721E-1
51	6.4116752E-1
901	6.41475935E-1
219	6.41673929E-1
248	6.43121411E-1
494	6.44985656E-1
208	6.45004191E-1
582	6.45428203E-1
167	6.45572203E-1
163	6.46945829E-1
909	6.47019508E-1
221	6.47194637E-1
116	6.47284605E-1
21	6.47334359E-1
228	6.47409182E-1
321	6.478628E-1
815	6.55727354E-1
619	6.56836668E-1
127	6.58013521E-1
325	6.60736686E-1
800	6.62481627E-1
730	6.62574447E-1
186	6.63731779E-1
199	6.63878301E-1
889	6.6424211E-1
502	6.65488307E-1
267	6.66092113E-1
256	6.66351474E-1
985	6.67602744E-1
7	6.7006967E-1
824	6.70397061E-1
459	6.71022764E-1
887	6.71471451E-1
748	6.71713138E-1
829	6.71977839E-1
542	6.7212766E-1
259	6.72756101E-1
916	6.74324912E-1
689	6.74926692E-1
825	6.76070604E-1
469	6.76412134E-1
698	6.77434508E-1
505	6.80544727E-1
620	6.80976384E-1
114	6.81219257E-1
944	6.81353661E-1
859	6.82030205E-1
667	6.8356351E-1
802	6.85350143E-1
532	6.86481318E-1
761	6.89401065E-1
300	6.90225001E-1
266	6.90303309E-1
940	6.90456532E-1
373	6.92444747E-1
29	6.93684679E-1
477	6.9460431E-1
275	6.95578172E-1
757	6.96007908E-1
371	6.96730363E-1
237	6.97384444E-1
396	7.00112872E-1
520	7.01058608E-1
34	7.01682238E-1
63	7.02072211E-1
149	7.0392579E-1
873	7.0726358E-1
1006	7.08797415E-1
953	7.09075935E-1
158	7.10468069E-1
939	7.11654795E-1
937	7.12591547E-1
56	7.12886467E-1
156	7.13376407E-1
763	7.13557875E-1
297	7.14693473E-1
907	7.15859377E-1
527	7.16545103E-1
303	7.16959541E-1
1021	7.17183665E-1
938	7.1720658E-1
241	7.18645808E-1
639	7.21744982E-1
402	7.21902973E-1
980	7.23169095E-1
139	7.24641964E-1
739	7.25797519E-1
812	7.2688723E-1
565	7.27488604E-1
934	7.28357102E-1
433	7.28743355E-1
768	7.29516687E-1
650	7.30424331E-1
790	7.31282938E-1
904	7.32073301E-1
797	7.34412357E-1
534	7.34421999E-1
430	7.34698528E-1
58	7.3568466E-1
835	7.36468719E-1
933	7.36594919E-1
268	7.36712294E-1
616	7.36885996E-1
48	7.36900996E-1
147	7.37190306E-1
424	7.38187759E-1
133	7.38743642E-1
569	7.38973583E-1
143	7.40174994E-1
704	7.40224308E-1
686	7.41111848E-1
784	7.42315734E-1
765	7.42327043E-1
101	7.42340594E-1
226	7.42373779E-1
74	7.42632668E-1
420	7.43995977E-1
37	7.44885213E-1
898	7.45655765E-1
338	7.46683879E-1
262	7.49799941E-1
15	7.5052669E-1
123	7.51685486E-1
723	7.5218379E-1
46	7.5269301E-1
198	7.53145778E-1
485	7.53300322E-1
489	7.54327421E-1
204	7.54611572E-1
401	7.54845832E-1
284	7.55338532E-1
3	7.57548594E-1
776	7.57865E-1
637	7.58430453E-1
979	7.58998325E-1
523	7.59846406E-1
5	7.6137296E-1
358	7.61912081E-1
762	7.62312147E-1
461	7.63282081E-1
181	7.63408245E-1
172	7.6505356E-1
991	7.65353553E-1
614	7.67505053E-1
442	7.69575233E-1
929	7.69970674E-1
249	7.69986668E-1
349	7.70781859E-1
36	7.71068612E-1
713	7.71650345E-1
598	7.73337458E-1
265	7.74824474E-1
288	7.75659171E-1
521	7.76101678E-1
292	7.76554802E-1
194	7.76848524E-1
351	7.77581508E-1
657	7.78108428E-1
817	7.80227894E-1
563	7.83554173E-1
345	7.84929403E-1
448	7.87217976E-1
695	7.88407445E-1
644	7.90983042E-1
1011	7.91908352E-1
453	7.92325406E-1
589	7.92496156E-1
566	7.93106772E-1
886	7.93654935E-1
413	7.94007145E-1
313	7.96587452E-1
996	7.97012404E-1
943	7.9707806E-1
152	7.97891738E-1
712	7.98415229E-1
398	7.98755106E-1
968	7.99722805E-1
334	8.01056513E-1
688	8.01425067E-1
466	8.01545944E-1
97	8.01736268E-1
416	8.0377854E-1
252	8.05004093E-1
94	8.05561863E-1
405	8.06047971E-1
880	8.0752103E-1
587	8.07645964E-1
439	8.08686667E-1
690	8.09167284E-1
33	8.1100211E-1
786	8.11792658E-1
814	8.13125778E-1
412	8.13673485E-1
956	8.15506565E-1
341	8.17308536E-1
535	8.18689359E-1
490	8.1942509E-1
98	8.19604305E-1
224	8.20126781E-1
203	8.20207069E-1
546	8.20460089E-1
311	8.20985451E-1
254	8.22642706E-1
799	8.226503E-1
462	8.23807175E-1
25	8.26689665E-1
475	8.3247435E-1
335	8.32542543E-1
287	8.32964694E-1
1015	8.332316E-1
513	8.34288932E-1
438	8.3444773E-1
654	8.34817077E-1
830	8.34941745E-1
627	8.35390358E-1
285	8.36921203E-1
482	8.37033721E-1
218	8.37915961E-1
715	8.37934772E-1
653	8.38237975E-1
286	8.38792054E-1
307	8.38942535E-1
610	8.39025015E-1
210	8.3939365E-1
574	8.41902502E-1
549	8.41976252E-1
733	8.42400138E-1
925	8.43073731E-1
926	8.43787835E-1
978	8.44441182E-1
807	8.44468568E-1
492	8.45078095E-1
529	8.45682371E-1
201	8.46609182E-1
14	8.47003504E-1
57	8.48709248E-1
552	8.50040046E-1
962	8.51772762E-1
930	8.52788134E-1
936	8.53567001E-1
421	8.5360794E-1
251	8.53893449E-1
976	8.57114895E-1
41	8.59166106E-1
536	8.60475168E-1
683	8.60562249E-1
18	8.61427387E-1
121	8.61651446E-1
62	8.61666404E-1
581	8.62014989E-1
955	8.62206699E-1
70	8.65259483E-1
720	8.66232281E-1
472	8.67020543E-1
458	8.67114967E-1
759	8.67224367E-1
455	8.67999263E-1
337	8.69616295E-1
365	8.69808754E-1
1013	8.7052591E-1
435	8.70610826E-1
911	8.7232961E-1
648	8.7242763E-1
404	8.75580084E-1
754	8.75809577E-1
301	8.76919248E-1
50	8.77985527E-1
576	8.79687691E-1
716	8.81641998E-1
914	8.83056787E-1
701	8.83857429E-1
47	8.86800413E-1
240	8.87697526E-1
189	8.8817624E-1
714	8.88667647E-1
151	8.89298924E-1
700	8.89612229E-1
445	8.92598374E-1
290	8.92764994E-1
852	8.96411353E-1
138	8.97003244E-1
209	8.98417656E-1
927	8.98508461E-1
155	9.00008338E-1
142	9.001735E-1
315	9.03709852E-1
540	9.06087999E-1
692	9.06669873E-1
452	9.0779042E-1
747	9.08661145E-1
434	9.11666438E-1
44	9.12716498E-1
977	9.12718323E-1
464	9.12778513E-1
264	9.14110488E-1
115	9.1487573E-1
608	9.15087427E-1
305	9.16640601E-1
948	9.16679257E-1
180	9.16695287E-1
594	9.17110356E-1
618	9.18474405E-1
570	9.18694428E-1
519	9.21923572E-1
496	9.23462588E-1
642	9.23746013E-1
108	9.27502962E-1
22	9.29082509E-1
486	9.30986172E-1
134	9.3234967E-1
16	9.32741684E-1
877	9.33657069E-1
231	9.3444097E-1
746	9.34971086E-1
906	9.35695447E-1
175	9.35906131E-1
804	9.36378874E-1
96	9.38815846E-1
805	9.39740554E-1
1022	9.41626998E-1
437	9.42625406E-1
19	9.43564023E-1
270	9.44377456E-1
717	9.45182963E-1
69	9.46380313E-1
89	9.46904659E-1
845	9.47346865E-1
621	9.48397652E-1
781	9.48722781E-1
941	9.49128145E-1
348	9.49478683E-1
543	9.49828357E-1
328	9.50155387E-1
384	9.50731441E-1
250	9.50764399E-1
11	9.51532815E-1
308	9.52390146E-1
961	9.52839158E-1
711	9.54893309E-1
294	9.55511325E-1
359	9.55593246E-1
425	9.56080966E-1
1023	9.56821359E-1
801	9.57061775E-1
120	9.60922045E-1
400	9.60969018E-1
23	9.6127164E-1
623	9.62392207E-1
551	9.64874455E-1
548	9.65125065E-1
983	9.65202428E-1
126	9.65319593E-1
670	9.6598214E-1
426	9.67983161E-1
130	9.68340834E-1
1018	9.68827055E-1
694	9.70403289E-1
356	9.70932708E-1
389	9.71614045E-1
986	9.72206303E-1
1014	9.72976699E-1
77	9.75239306E-1
753	9.76288499E-1
1019	9.77197027E-1
942	9.77578315E-1
649	9.78399337E-1
372	9.78542103E-1
918	9.79320944E-1
822	9.79713729E-1
232	9.80369377E-1
755	9.81629088E-1
693	9.831827E-1
383	9.84034843E-1
656	9.84263198E-1
796	9.85614935E-1
706	9.86024196E-1
244	9.86877002E-1
419	9.87404937E-1
867	9.87712886E-1
109	9.8876327E-1
735	9.92053863E-1
560	9.92560561E-1
375	9.9314038E-1
760	9.94452272E-1
188	9.94762152E-1
281	9.95401757E-1
973	9.95826624E-1
379	9.97854683E-1
645	9.98997277E-1
230	9.9914795E-1
967	9.99931058E-1
