Name	chi2Pvalue
260	1.1621616E-5
760	3.26766875E-5
105	8.68439245E-5
743	7.66524801E-4
238	1.04688609E-3
262	2.71967657E-3
501	3.38611478E-3
881	3.94493681E-3
953	4.51656916E-3
912	5.30849278E-3
753	5.39780257E-3
114	5.7470374E-3
938	8.66675124E-3
695	9.30954596E-3
849	9.70356048E-3
823	1.06846312E-2
818	1.1879479E-2
686	1.29508799E-2
889	1.31946815E-2
833	1.47621394E-2
176	1.53773792E-2
971	1.71483915E-2
719	2.02770765E-2
135	2.10559978E-2
516	2.14295024E-2
106	2.241335E-2
567	2.38463133E-2
815	2.48067688E-2
962	2.75464734E-2
873	2.95397315E-2
326	3.19790286E-2
396	3.24067116E-2
722	3.26837113E-2
813	3.43660894E-2
239	3.49226877E-2
140	3.79617346E-2
900	3.79998924E-2
525	3.83928831E-2
538	4.02873052E-2
793	4.03730491E-2
144	4.26059649E-2
778	4.29340378E-2
455	4.30663078E-2
526	4.34439049E-2
562	4.39547611E-2
386	4.39798555E-2
865	4.45269144E-2
276	4.48556689E-2
673	4.66060885E-2
643	4.74683727E-2
878	4.7703456E-2
584	4.77493472E-2
964	4.86589822E-2
111	5.06088992E-2
211	5.085791E-2
401	5.19066314E-2
957	5.20376568E-2
344	5.22967733E-2
433	5.28322099E-2
415	5.56108311E-2
183	5.65292327E-2
728	5.6887295E-2
154	5.69538076E-2
84	5.75949313E-2
600	5.86354631E-2
491	5.92230675E-2
212	6.01971617E-2
242	6.02345628E-2
914	6.06743628E-2
456	6.12622353E-2
104	6.13061168E-2
459	6.1444144E-2
461	6.16467356E-2
221	6.2339332E-2
638	6.62996136E-2
841	6.70004599E-2
787	6.71020364E-2
377	6.7118853E-2
954	6.74312007E-2
1023	6.91237073E-2
55	7.02643949E-2
669	7.02706476E-2
913	7.19385434E-2
618	7.41142208E-2
311	7.50047976E-2
48	7.64582035E-2
551	7.68143418E-2
173	7.80339032E-2
425	7.90014733E-2
614	8.16202397E-2
850	8.22751083E-2
558	8.3754685E-2
637	8.38162252E-2
664	8.50837018E-2
271	8.81674817E-2
277	8.84126399E-2
100	8.96619151E-2
1020	9.24959894E-2
160	9.26037577E-2
368	9.35616886E-2
182	9.39297149E-2
539	9.42081655E-2
4	9.84155757E-2
404	9.86014637E-2
767	1.0133781E-1
763	1.01698644E-1
314	1.02254452E-1
103	1.02772713E-1
506	1.03246818E-1
929	1.04220725E-1
812	1.05125071E-1
68	1.05137169E-1
702	1.07832882E-1
79	1.10532417E-1
555	1.10563096E-1
403	1.10628592E-1
67	1.11003073E-1
426	1.12126538E-1
472	1.1233708E-1
899	1.13044546E-1
463	1.15890196E-1
5	1.1607465E-1
705	1.18278052E-1
142	1.18531038E-1
429	1.19024629E-1
897	1.20469698E-1
1008	1.21285966E-1
264	1.22195782E-1
450	1.22930132E-1
10	1.23274668E-1
263	1.23390053E-1
876	1.26234562E-1
233	1.275638E-1
706	1.27845004E-1
649	1.28685479E-1
834	1.2935996E-1
407	1.29855962E-1
177	1.31406914E-1
807	1.32878281E-1
382	1.33069838E-1
734	1.33175321E-1
564	1.35442984E-1
518	1.37213223E-1
785	1.3859598E-1
452	1.38930241E-1
62	1.41951778E-1
792	1.42088094E-1
218	1.42255267E-1
554	1.42640483E-1
816	1.42856243E-1
28	1.43853422E-1
696	1.4460088E-1
332	1.44735322E-1
604	1.46525595E-1
847	1.46676245E-1
3	1.46696036E-1
609	1.47472305E-1
184	1.49192726E-1
998	1.49313106E-1
967	1.50344828E-1
97	1.51010102E-1
512	1.52888826E-1
802	1.53239252E-1
301	1.53508247E-1
380	1.53562668E-1
85	1.53702862E-1
101	1.54952399E-1
961	1.55019808E-1
569	1.55295955E-1
488	1.55953622E-1
826	1.57299288E-1
636	1.57442158E-1
653	1.5747826E-1
586	1.58896872E-1
791	1.58969264E-1
284	1.5945111E-1
392	1.60098806E-1
777	1.60975492E-1
949	1.6108512E-1
500	1.63167758E-1
987	1.63959855E-1
642	1.64370314E-1
340	1.709379E-1
829	1.72029946E-1
981	1.76853878E-1
919	1.7899082E-1
339	1.80468426E-1
531	1.81365763E-1
417	1.81916225E-1
582	1.84020271E-1
670	1.84652875E-1
635	1.85634666E-1
17	1.86976751E-1
892	1.88781177E-1
799	1.89438787E-1
976	1.89626966E-1
519	1.90383523E-1
437	1.93094229E-1
42	1.93447323E-1
560	1.94106837E-1
12	1.94824811E-1
890	1.9525044E-1
817	1.9608416E-1
54	1.96450969E-1
689	1.97389346E-1
577	1.98909091E-1
978	2.01266481E-1
327	2.02170591E-1
959	2.02369756E-1
309	2.04238682E-1
343	2.05146705E-1
925	2.06117138E-1
946	2.07220011E-1
129	2.0791459E-1
109	2.09089028E-1
894	2.09840332E-1
180	2.10682675E-1
837	2.11023157E-1
32	2.1181949E-1
571	2.12826802E-1
352	2.13158791E-1
261	2.13363149E-1
57	2.14474978E-1
495	2.16128933E-1
315	2.19635883E-1
1014	2.20398593E-1
794	2.21880085E-1
168	2.24004965E-1
479	2.24068111E-1
595	2.25575528E-1
992	2.25659737E-1
58	2.26771837E-1
845	2.27217992E-1
1018	2.27720563E-1
49	2.29831632E-1
33	2.30900325E-1
157	2.31466712E-1
235	2.31542314E-1
581	2.3225433E-1
654	2.32795325E-1
699	2.342173E-1
840	2.36308348E-1
81	2.36911234E-1
448	2.3749309E-1
200	2.38018052E-1
578	2.38239286E-1
993	2.38789566E-1
112	2.39249089E-1
416	2.39542507E-1
710	2.40329438E-1
610	2.41521656E-1
958	2.42646096E-1
888	2.43243274E-1
307	2.45608379E-1
245	2.45995683E-1
852	2.46668866E-1
73	2.48688773E-1
389	2.48930369E-1
179	2.49499897E-1
30	2.51441077E-1
628	2.5164326E-1
1012	2.51815996E-1
945	2.57620431E-1
633	2.58888632E-1
896	2.60762993E-1
413	2.63167226E-1
408	2.6364449E-1
139	2.64501973E-1
764	2.66066258E-1
716	2.66906539E-1
476	2.70169849E-1
393	2.71386036E-1
1019	2.72319156E-1
744	2.73633936E-1
370	2.75625835E-1
969	2.76744086E-1
46	2.79146397E-1
587	2.79248624E-1
224	2.80779436E-1
692	2.81746746E-1
113	2.81954404E-1
866	2.8206281E-1
844	2.8274085E-1
381	2.82889529E-1
405	2.83528554E-1
999	2.84188742E-1
640	2.84806041E-1
786	2.86469154E-1
671	2.87268295E-1
795	2.87533884E-1
398	2.87725523E-1
745	2.87961039E-1
616	2.9130448E-1
732	2.91863587E-1
769	2.92295206E-1
883	2.93042151E-1
376	2.93547988E-1
89	2.94183594E-1
63	2.94926717E-1
128	2.95139103E-1
916	2.95895724E-1
924	2.96176703E-1
31	2.96214429E-1
400	2.97098683E-1
738	2.9993093E-1
683	3.00469257E-1
754	3.00524029E-1
150	3.01744619E-1
782	3.03719055E-1
229	3.03798411E-1
477	3.0381323E-1
819	3.03978733E-1
465	3.04160367E-1
731	3.04527029E-1
927	3.05216167E-1
231	3.05380041E-1
928	3.06017223E-1
421	3.06464877E-1
742	3.07150757E-1
990	3.11395809E-1
672	3.1285893E-1
11	3.13007306E-1
846	3.13940355E-1
882	3.13972056E-1
257	3.15867761E-1
122	3.16630087E-1
254	3.16809169E-1
951	3.17560487E-1
908	3.17782566E-1
471	3.183875E-1
319	3.20457625E-1
726	3.22288457E-1
226	3.22781478E-1
1013	3.22991561E-1
839	3.23662078E-1
118	3.24144481E-1
321	3.24325353E-1
766	3.27752353E-1
156	3.2865222E-1
53	3.29600425E-1
286	3.30679156E-1
51	3.3233488E-1
453	3.32703351E-1
388	3.34375314E-1
318	3.34698657E-1
989	3.34954155E-1
597	3.35543585E-1
663	3.38404043E-1
547	3.39466951E-1
776	3.4183732E-1
306	3.41891135E-1
851	3.44384236E-1
294	3.44854491E-1
497	3.46565665E-1
1002	3.48081919E-1
605	3.4887677E-1
420	3.48922705E-1
684	3.50415111E-1
143	3.50969007E-1
831	3.53754565E-1
592	3.55682096E-1
780	3.56595146E-1
879	3.57562518E-1
930	3.59281153E-1
700	3.59484836E-1
740	3.59900298E-1
690	3.59954822E-1
583	3.60736545E-1
253	3.61627416E-1
891	3.61733407E-1
933	3.62276509E-1
934	3.62961015E-1
251	3.63785386E-1
735	3.66409551E-1
824	3.66834649E-1
402	3.72462543E-1
997	3.73552018E-1
99	3.76852599E-1
814	3.77367276E-1
457	3.79760536E-1
622	3.81201149E-1
625	3.83280739E-1
365	3.83977879E-1
559	3.84494317E-1
269	3.92073077E-1
473	3.92461778E-1
1004	3.92632716E-1
131	3.93917587E-1
658	3.94608221E-1
395	3.95663562E-1
903	3.9638403E-1
756	3.96497142E-1
296	3.97857362E-1
289	3.98864609E-1
458	3.99707102E-1
333	4.00065261E-1
893	4.00121066E-1
650	4.00918965E-1
641	4.01579721E-1
825	4.04739687E-1
187	4.05543885E-1
593	4.06161193E-1
725	4.06954183E-1
148	4.07358815E-1
259	4.08040825E-1
357	4.08094655E-1
1021	4.09736667E-1
542	4.10894757E-1
35	4.11093408E-1
205	4.13123314E-1
371	4.13321862E-1
804	4.13749638E-1
730	4.15177769E-1
1001	4.15750558E-1
94	4.16188148E-1
288	4.16250144E-1
698	4.17081126E-1
499	4.17934704E-1
178	4.20321946E-1
341	4.21013864E-1
24	4.23488073E-1
196	4.24732859E-1
165	4.25591702E-1
107	4.26661319E-1
758	4.28017925E-1
241	4.2821877E-1
190	4.28940424E-1
418	4.31417974E-1
414	4.32217755E-1
631	4.32280241E-1
194	4.33342745E-1
317	4.33992258E-1
543	4.35035934E-1
268	4.35609599E-1
470	4.36129697E-1
161	4.36212853E-1
507	4.38192817E-1
704	4.38669462E-1
647	4.41284121E-1
667	4.42232384E-1
26	4.44668103E-1
227	4.47095052E-1
830	4.48092444E-1
798	4.49407857E-1
487	4.49648043E-1
557	4.50161268E-1
346	4.53102767E-1
788	4.53933892E-1
513	4.5838205E-1
435	4.60694295E-1
120	4.61674783E-1
596	4.62606667E-1
273	4.63489781E-1
729	4.64141429E-1
712	4.64328883E-1
887	4.6454666E-1
923	4.64713491E-1
423	4.64933453E-1
572	4.65821674E-1
721	4.66267226E-1
546	4.6692329E-1
74	4.67859575E-1
936	4.70960876E-1
71	4.73359312E-1
838	4.73381757E-1
563	4.74165385E-1
145	4.74834682E-1
83	4.75156044E-1
809	4.78257093E-1
994	4.78335074E-1
821	4.78482169E-1
80	4.79208491E-1
520	4.80430411E-1
406	4.80888642E-1
1022	4.81077498E-1
90	4.81865558E-1
162	4.82536362E-1
983	4.8278668E-1
973	4.84989515E-1
588	4.86247764E-1
15	4.86537994E-1
579	4.87296991E-1
541	4.87985059E-1
255	4.89393321E-1
320	4.91146146E-1
984	4.9123811E-1
796	4.92268861E-1
203	4.92702517E-1
285	4.93223682E-1
138	4.95073727E-1
980	4.95206695E-1
347	4.95433062E-1
258	4.95474843E-1
330	4.95994908E-1
23	4.96067598E-1
1006	4.9638705E-1
436	4.96443523E-1
765	4.97001782E-1
533	4.97146686E-1
773	4.98507922E-1
443	4.98875807E-1
859	4.98896286E-1
652	5.04147153E-1
361	5.04351202E-1
548	5.04601797E-1
480	5.04955569E-1
250	5.06231889E-1
504	5.06627318E-1
612	5.07487282E-1
806	5.07860923E-1
297	5.07949428E-1
901	5.0990786E-1
956	5.11427338E-1
926	5.12397146E-1
790	5.14085556E-1
532	5.15271784E-1
412	5.15360562E-1
911	5.15581242E-1
270	5.18875038E-1
606	5.1904929E-1
602	5.19419788E-1
220	5.19430098E-1
116	5.21856217E-1
440	5.22451155E-1
237	5.2277869E-1
858	5.23443304E-1
749	5.23806488E-1
279	5.25736745E-1
246	5.28030665E-1
856	5.29167026E-1
995	5.31437038E-1
147	5.32117333E-1
274	5.33012922E-1
0	5.33034891E-1
126	5.34290021E-1
434	5.34440233E-1
775	5.35198435E-1
209	5.35881317E-1
864	5.37390303E-1
481	5.37704125E-1
537	5.37875991E-1
617	5.38675957E-1
521	5.41453068E-1
172	5.43833248E-1
354	5.43893525E-1
963	5.43975337E-1
736	5.45528875E-1
522	5.46390102E-1
310	5.46682245E-1
353	5.47408555E-1
422	5.48164747E-1
615	5.4973035E-1
451	5.50021988E-1
228	5.51358763E-1
680	5.52953852E-1
280	5.56411848E-1
566	5.56510126E-1
136	5.57452308E-1
489	5.58698982E-1
1017	5.60082307E-1
442	5.60240547E-1
783	5.6058848E-1
134	5.61035943E-1
909	5.62444506E-1
842	5.63473724E-1
527	5.6435173E-1
966	5.65061892E-1
121	5.65599728E-1
275	5.68456782E-1
996	5.69376156E-1
214	5.70515614E-1
935	5.70628845E-1
240	5.71360998E-1
349	5.74852606E-1
496	5.75649551E-1
854	5.7578497E-1
570	5.7625408E-1
244	5.76577281E-1
1010	5.77249105E-1
175	5.7745781E-1
694	5.80559688E-1
884	5.80939755E-1
503	5.82535266E-1
360	5.87610294E-1
409	5.89386324E-1
801	5.90266745E-1
747	5.9112927E-1
937	5.92146962E-1
810	5.94470915E-1
387	5.95779708E-1
827	5.96543657E-1
675	5.99890141E-1
863	6.00353893E-1
727	6.00821106E-1
22	6.01931598E-1
965	6.04130074E-1
164	6.04305682E-1
1	6.04330077E-1
707	6.04940328E-1
60	6.06803254E-1
968	6.07178564E-1
155	6.07856097E-1
149	6.08890038E-1
427	6.09515748E-1
517	6.09750432E-1
639	6.11701111E-1
630	6.11851598E-1
252	6.12245996E-1
249	6.13906568E-1
16	6.14805824E-1
438	6.15115818E-1
95	6.16572626E-1
861	6.20550241E-1
860	6.21891833E-1
885	6.24626207E-1
391	6.25022932E-1
243	6.26400888E-1
169	6.27156478E-1
329	6.28104822E-1
189	6.28675932E-1
623	6.30147297E-1
39	6.30784631E-1
869	6.31226613E-1
977	6.31449942E-1
514	6.32455641E-1
528	6.34225798E-1
43	6.34870697E-1
86	6.35796548E-1
410	6.37007122E-1
44	6.37679222E-1
198	6.38059186E-1
66	6.38105351E-1
291	6.38946134E-1
759	6.40418926E-1
91	6.42782994E-1
110	6.43126046E-1
948	6.43483291E-1
13	6.44109862E-1
659	6.44255323E-1
917	6.4508342E-1
553	6.45252965E-1
390	6.45547131E-1
739	6.47169363E-1
93	6.47458583E-1
898	6.47614496E-1
952	6.49392796E-1
737	6.49402995E-1
14	6.495952E-1
432	6.50464672E-1
646	6.51939408E-1
591	6.52327001E-1
575	6.52458005E-1
718	6.52679817E-1
428	6.54199959E-1
676	6.54515502E-1
385	6.55103582E-1
236	6.55969963E-1
552	6.55972359E-1
634	6.56177892E-1
784	6.56298874E-1
41	6.57424494E-1
467	6.57451043E-1
29	6.57484881E-1
181	6.57885663E-1
460	6.5866229E-1
678	6.5876064E-1
295	6.5939215E-1
651	6.59622747E-1
979	6.60498102E-1
970	6.60659913E-1
868	6.61147185E-1
986	6.62979522E-1
751	6.6353194E-1
598	6.64969705E-1
45	6.64981281E-1
411	6.67408763E-1
430	6.68098176E-1
185	6.70602987E-1
222	6.76606181E-1
601	6.76827418E-1
117	6.77578341E-1
358	6.77584243E-1
960	6.77629508E-1
657	6.78583028E-1
714	6.80098963E-1
880	6.8116658E-1
941	6.82452346E-1
208	6.83001433E-1
508	6.83928095E-1
305	6.84443029E-1
468	6.8534324E-1
373	6.85977915E-1
170	6.8639998E-1
674	6.86502046E-1
836	6.88200123E-1
550	6.89940373E-1
287	6.91974669E-1
811	6.92221172E-1
871	6.93466319E-1
210	6.93532284E-1
374	6.93635187E-1
1009	6.93772099E-1
607	6.9576573E-1
171	6.97937641E-1
141	6.98819382E-1
115	6.9960838E-1
576	7.0022655E-1
82	7.0122858E-1
932	7.01235833E-1
950	7.02437216E-1
580	7.03792983E-1
483	7.03940019E-1
750	7.04989682E-1
724	7.05250688E-1
137	7.05754552E-1
774	7.06496415E-1
523	7.06575453E-1
419	7.08088374E-1
431	7.08753015E-1
662	7.09129607E-1
424	7.10959457E-1
746	7.13819928E-1
92	7.14741131E-1
300	7.14840345E-1
337	7.15370172E-1
918	7.16873619E-1
1015	7.18300909E-1
316	7.18909565E-1
779	7.19942424E-1
988	7.20408438E-1
608	7.20969E-1
334	7.21497953E-1
621	7.21731263E-1
709	7.21806021E-1
272	7.22578029E-1
904	7.23040335E-1
493	7.24179657E-1
308	7.25215575E-1
324	7.27734703E-1
848	7.28340907E-1
910	7.29339325E-1
199	7.29890282E-1
855	7.30732016E-1
741	7.32525361E-1
188	7.33544738E-1
298	7.37024181E-1
61	7.38882195E-1
302	7.39468989E-1
362	7.40090065E-1
87	7.40306108E-1
974	7.40398155E-1
589	7.41277976E-1
2	7.42789255E-1
505	7.43798758E-1
1007	7.44011895E-1
219	7.44844338E-1
603	7.4594601E-1
281	7.46365234E-1
800	7.47108189E-1
939	7.48232326E-1
204	7.48735459E-1
982	7.49406013E-1
752	7.4944435E-1
446	7.50736274E-1
515	7.51537288E-1
761	7.51855993E-1
1005	7.52079823E-1
723	7.53335255E-1
862	7.54235063E-1
755	7.56005474E-1
213	7.56352165E-1
27	7.56489406E-1
626	7.57947728E-1
342	7.59827221E-1
462	7.62955924E-1
975	7.63361814E-1
485	7.63673559E-1
7	7.63938725E-1
644	7.6629198E-1
6	7.66446251E-1
632	7.68478715E-1
611	7.69773114E-1
620	7.70919675E-1
197	7.71273211E-1
478	7.71277264E-1
895	7.72131129E-1
133	7.73136638E-1
303	7.73963086E-1
445	7.77987866E-1
335	7.79950689E-1
36	7.79961322E-1
556	7.82844029E-1
475	7.82908231E-1
192	7.83014331E-1
599	7.85070948E-1
312	7.86877193E-1
350	7.87359481E-1
656	7.88266953E-1
1011	7.89312924E-1
299	7.90698969E-1
367	7.92399122E-1
701	7.93696891E-1
931	7.94337764E-1
853	7.96994577E-1
379	7.97173558E-1
902	7.98871177E-1
20	8.01135948E-1
248	8.04001247E-1
464	8.04414045E-1
96	8.04990969E-1
37	8.07233753E-1
594	8.08885107E-1
624	8.09695977E-1
351	8.11006921E-1
789	8.11069271E-1
366	8.12554695E-1
762	8.13084035E-1
384	8.13610039E-1
685	8.14999624E-1
441	8.15946332E-1
76	8.16434627E-1
266	8.19028643E-1
338	8.1931677E-1
693	8.19951303E-1
486	8.22250102E-1
9	8.22422711E-1
540	8.24718086E-1
835	8.25237823E-1
19	8.25286721E-1
52	8.26865726E-1
733	8.2750003E-1
397	8.28121557E-1
629	8.29844546E-1
1003	8.32511498E-1
585	8.3520119E-1
985	8.36049467E-1
627	8.36983163E-1
697	8.37710352E-1
619	8.3846183E-1
940	8.38905307E-1
943	8.39378263E-1
688	8.39722527E-1
159	8.41183367E-1
510	8.41354609E-1
146	8.41742978E-1
660	8.43589017E-1
78	8.44824454E-1
447	8.45113614E-1
98	8.45205044E-1
153	8.46317905E-1
944	8.46641302E-1
449	8.47208925E-1
509	8.47326126E-1
108	8.47570408E-1
372	8.4862858E-1
872	8.48999304E-1
805	8.49012443E-1
561	8.52207767E-1
323	8.52500089E-1
232	8.53437948E-1
444	8.54414476E-1
355	8.54838434E-1
781	8.55119825E-1
348	8.55553402E-1
363	8.55753897E-1
666	8.55773948E-1
125	8.56049671E-1
65	8.56677664E-1
877	8.57871155E-1
490	8.59571767E-1
708	8.60089038E-1
191	8.60635952E-1
991	8.60848727E-1
687	8.61114456E-1
193	8.62386127E-1
843	8.64354887E-1
874	8.64787463E-1
511	8.65063083E-1
947	8.68606349E-1
921	8.68727438E-1
955	8.70158588E-1
267	8.7143941E-1
234	8.71838681E-1
832	8.71883131E-1
474	8.72637193E-1
152	8.73386417E-1
768	8.7374979E-1
972	8.75158097E-1
383	8.75575766E-1
867	8.77929556E-1
47	8.77996678E-1
38	8.78985126E-1
186	8.80312347E-1
1016	8.80736189E-1
703	8.80968367E-1
665	8.81656433E-1
64	8.82325562E-1
331	8.83302292E-1
715	8.84582113E-1
771	8.85577636E-1
1000	8.85763003E-1
534	8.8640923E-1
645	8.8702139E-1
942	8.88146167E-1
174	8.8905165E-1
573	8.89647271E-1
247	8.90110616E-1
364	8.9115058E-1
102	8.91260963E-1
717	8.94594999E-1
202	8.9750747E-1
797	8.98662683E-1
691	8.98762057E-1
72	8.98958534E-1
34	9.01627534E-1
166	9.03687027E-1
8	9.05188489E-1
870	9.08671988E-1
613	9.09489641E-1
549	9.10605646E-1
494	9.1136679E-1
230	9.12148819E-1
648	9.13573775E-1
720	9.15782807E-1
223	9.18555373E-1
857	9.18827303E-1
132	9.19098378E-1
875	9.19435266E-1
535	9.1961549E-1
328	9.20015513E-1
905	9.20032126E-1
803	9.20588563E-1
482	9.20646083E-1
18	9.23401532E-1
40	9.23427331E-1
88	9.24723223E-1
545	9.24803306E-1
536	9.25440726E-1
375	9.26181312E-1
677	9.2837614E-1
469	9.28822872E-1
75	9.28958198E-1
568	9.29892661E-1
201	9.29941823E-1
679	9.3144425E-1
770	9.31819765E-1
124	9.3216092E-1
25	9.32337317E-1
151	9.32377528E-1
195	9.33072022E-1
922	9.33116279E-1
828	9.3533102E-1
278	9.35721775E-1
394	9.38496578E-1
822	9.38519792E-1
757	9.39225354E-1
713	9.4256699E-1
282	9.43184852E-1
345	9.43814665E-1
574	9.46497089E-1
524	9.46731016E-1
772	9.46884635E-1
127	9.46916565E-1
167	9.48345742E-1
336	9.50707899E-1
502	9.5138057E-1
915	9.53395234E-1
820	9.53543265E-1
544	9.53784588E-1
225	9.56129255E-1
59	9.57729886E-1
322	9.59293248E-1
130	9.59531124E-1
123	9.60525552E-1
359	9.60538893E-1
529	9.62853996E-1
256	9.63133692E-1
466	9.6325607E-1
217	9.63720858E-1
492	9.65972847E-1
748	9.66043507E-1
292	9.67574723E-1
808	9.68336436E-1
304	9.70030965E-1
661	9.7089606E-1
439	9.71400139E-1
655	9.72257119E-1
530	9.73564795E-1
682	9.74005854E-1
906	9.74283552E-1
207	9.74956763E-1
565	9.75512471E-1
454	9.75540731E-1
69	9.76170156E-1
50	9.78621476E-1
216	9.79995639E-1
163	9.80123854E-1
907	9.80813397E-1
399	9.80986407E-1
313	9.81179448E-1
21	9.81266085E-1
293	9.81273857E-1
77	9.81948076E-1
378	9.83950715E-1
325	9.84659561E-1
498	9.85703224E-1
70	9.85962474E-1
206	9.8793344E-1
886	9.89259276E-1
215	9.90231091E-1
290	9.90654686E-1
711	9.90781839E-1
484	9.91094121E-1
668	9.91227316E-1
119	9.91449954E-1
56	9.94735883E-1
681	9.95013844E-1
356	9.9666444E-1
265	9.97838151E-1
158	9.98379751E-1
