Name	chi2Pvalue
802	4.2462845E-4
479	1.66889398E-3
892	2.12224109E-3
273	2.5845527E-3
92	3.26620424E-3
753	3.5885054E-3
183	5.87230117E-3
798	6.36672326E-3
480	8.30622565E-3
373	8.91341256E-3
49	9.19941541E-3
317	1.23089983E-2
525	1.40067371E-2
617	1.69421167E-2
750	1.793892E-2
438	1.82512733E-2
963	1.83536117E-2
896	1.9705772E-2
377	1.99490662E-2
598	2.04569494E-2
861	2.5466893E-2
566	2.70917201E-2
719	2.71646859E-2
573	2.82065967E-2
134	2.84380306E-2
725	2.8686235E-2
52	2.98440283E-2
265	3.13150007E-2
12	3.42500214E-2
982	3.43283008E-2
212	3.6271861E-2
643	3.69269949E-2
973	3.82003396E-2
432	3.94904459E-2
846	4.44167189E-2
474	4.4991511E-2
247	4.56701407E-2
661	4.65686573E-2
928	4.81275271E-2
917	4.81945145E-2
219	4.99923394E-2
562	5.61848911E-2
873	5.76371739E-2
981	5.80348388E-2
152	5.89983022E-2
189	5.97742793E-2
563	6.07012584E-2
841	6.19694397E-2
157	6.28183362E-2
48	6.59038514E-2
859	6.68365406E-2
601	6.74872666E-2
945	6.80822717E-2
140	6.89245184E-2
781	7.00009213E-2
114	7.02049172E-2
545	7.21561969E-2
104	7.30050934E-2
792	7.47028862E-2
401	8.44141025E-2
812	8.59676336E-2
324	8.87713451E-2
597	9.12563667E-2
338	9.1822381E-2
949	9.25297114E-2
1	1.01061571E-1
115	1.01104503E-1
989	1.0131403E-1
622	1.0143372E-1
845	1.02965891E-1
188	1.03350176E-1
77	1.03592031E-1
912	1.06067898E-1
469	1.07385399E-1
847	1.07809847E-1
475	1.09083192E-1
943	1.09139339E-1
840	1.09886091E-1
625	1.10662381E-1
509	1.1092892E-1
44	1.11474112E-1
549	1.12903226E-1
296	1.14224858E-1
301	1.14989042E-1
1007	1.15899913E-1
587	1.18375181E-1
595	1.18677326E-1
234	1.19694397E-1
218	1.21589129E-1
102	1.23089983E-1
743	1.27334465E-1
5	1.2860781E-1
1001	1.32432886E-1
333	1.32472595E-1
764	1.32765297E-1
645	1.38350076E-1
972	1.42425535E-1
768	1.44312394E-1
293	1.4516129E-1
326	1.45548372E-1
392	1.46010187E-1
776	1.4716342E-1
448	1.4784356E-1
55	1.51159228E-1
576	1.52534117E-1
804	1.53650255E-1
1005	1.54421458E-1
570	1.55772496E-1
801	1.56196944E-1
946	1.58690307E-1
161	1.5991425E-1
305	1.60441426E-1
898	1.62626716E-1
638	1.62944953E-1
192	1.63655266E-1
634	1.6399207E-1
909	1.69642302E-1
244	1.7096318E-1
196	1.71022075E-1
266	1.73275848E-1
966	1.74035153E-1
646	1.74946921E-1
878	1.75712731E-1
411	1.77306278E-1
715	1.77566568E-1
843	1.78843554E-1
833	1.81020592E-1
978	1.82224452E-1
36	1.82226643E-1
627	1.84491176E-1
371	1.84512752E-1
766	1.84634975E-1
699	1.86332767E-1
395	1.86757216E-1
147	1.9057725E-1
534	1.91833419E-1
211	1.92089495E-1
271	1.93123939E-1
589	1.9684362E-1
51	2.01188455E-1
69	2.01698514E-1
650	2.02352832E-1
61	2.03526149E-1
174	2.05008489E-1
677	2.05432937E-1
431	2.07227613E-1
413	2.11310311E-1
691	2.1307639E-1
902	2.13092918E-1
858	2.13680617E-1
82	2.17317487E-1
54	2.20818464E-1
674	2.24254244E-1
332	2.24735754E-1
987	2.28777589E-1
832	2.2934957E-1
396	2.30606769E-1
1008	2.3344652E-1
544	2.35945635E-1
628	2.36177336E-1
86	2.36842105E-1
979	2.36949655E-1
852	2.37266553E-1
254	2.4533107E-1
609	2.45988426E-1
119	2.47360366E-1
787	2.48824836E-1
900	2.49027051E-1
175	2.49575552E-1
959	2.49823051E-1
938	2.51048623E-1
352	2.51087614E-1
763	2.51697793E-1
160	2.58064516E-1
270	2.59475063E-1
880	2.60519937E-1
849	2.61075205E-1
593	2.63062066E-1
443	2.64794877E-1
252	2.65081853E-1
538	2.65587393E-1
913	2.67402377E-1
386	2.68675722E-1
180	2.70664685E-1
741	2.71669229E-1
56	2.72495756E-1
817	2.73344652E-1
555	2.75891341E-1
977	2.78294763E-1
653	2.78381822E-1
904	2.79574688E-1
350	2.80560272E-1
274	2.81317434E-1
504	2.81409168E-1
780	2.81579572E-1
777	2.81833616E-1
824	2.82258065E-1
105	2.83952899E-1
877	2.84804754E-1
93	2.85400268E-1
885	2.88200716E-1
992	2.89456891E-1
778	2.93293718E-1
976	2.94092399E-1
813	2.9440111E-1
728	2.95137831E-1
960	2.9762559E-1
101	2.98683407E-1
890	2.99660441E-1
624	3.01578065E-1
10	3.01782683E-1
13	3.02759812E-1
705	3.03904924E-1
888	3.05602716E-1
575	3.06641867E-1
651	3.08615936E-1
971	3.10422592E-1
1009	3.10593111E-1
135	3.10696095E-1
762	3.12338023E-1
820	3.12393888E-1
794	3.12826808E-1
367	3.14091681E-1
227	3.14516129E-1
639	3.17911715E-1
250	3.18336163E-1
603	3.19729569E-1
718	3.19938489E-1
497	3.22580645E-1
805	3.22964349E-1
1016	3.23988301E-1
734	3.24278438E-1
168	3.24542112E-1
740	3.25045175E-1
223	3.25127334E-1
648	3.28544427E-1
775	3.29900325E-1
470	3.33133234E-1
476	3.33445462E-1
746	3.33616299E-1
387	3.34040747E-1
453	3.36162988E-1
514	3.36614181E-1
433	3.36902391E-1
689	3.39134126E-1
294	3.42105263E-1
454	3.44944775E-1
291	3.45519419E-1
919	3.47661587E-1
501	3.4789065E-1
706	3.49708534E-1
748	3.51018676E-1
393	3.55162069E-1
353	3.55687606E-1
703	3.56220929E-1
844	3.57527422E-1
585	3.61629881E-1
96	3.62054329E-1
1020	3.63302157E-1
66	3.65025467E-1
926	3.65188378E-1
148	3.65404673E-1
770	3.66029724E-1
34	3.678259E-1
412	3.68604078E-1
337	3.69309185E-1
71	3.69694397E-1
999	3.70406713E-1
495	3.71925408E-1
58	3.73558359E-1
464	3.75908835E-1
934	3.77334465E-1
221	3.78465995E-1
243	3.78656507E-1
503	3.79475085E-1
72	3.8087105E-1
150	3.81100933E-1
1003	3.82810663E-1
678	3.83701188E-1
612	3.85905707E-1
526	3.86247878E-1
459	3.88166346E-1
698	3.93893183E-1
914	3.94312394E-1
709	3.9516129E-1
499	3.97434896E-1
995	3.97750933E-1
1013	3.98615372E-1
883	3.9865757E-1
985	3.98706155E-1
28	4.00007436E-1
659	4.00254669E-1
310	4.00679117E-1
993	4.02230556E-1
489	4.02801358E-1
894	4.03497254E-1
783	4.03499403E-1
629	4.04203427E-1
65	4.05845602E-1
931	4.07894737E-1
35	4.08743633E-1
613	4.11357799E-1
988	4.12301143E-1
9	4.13837012E-1
681	4.14368603E-1
171	4.15514708E-1
745	4.15692597E-1
440	4.17657046E-1
735	4.18061761E-1
891	4.22325976E-1
14	4.23966292E-1
215	4.24077763E-1
257	4.26290759E-1
860	4.30891153E-1
842	4.32937182E-1
112	4.34634974E-1
767	4.34927613E-1
191	4.35059423E-1
512	4.35624177E-1
8	4.36332767E-1
279	4.36757216E-1
445	4.37181664E-1
153	4.42275042E-1
329	4.44565073E-1
477	4.45670628E-1
667	4.4672531E-1
790	4.47792869E-1
600	4.50465106E-1
774	4.51188455E-1
334	4.51260711E-1
217	4.54159592E-1
940	4.55236233E-1
879	4.5551033E-1
390	4.57555178E-1
571	4.58685985E-1
604	4.59023354E-1
410	4.59677419E-1
359	4.60945321E-1
178	4.62790438E-1
815	4.64691451E-1
591	4.66468591E-1
249	4.68590832E-1
24	4.6901528E-1
210	4.69439729E-1
779	4.71986418E-1
142	4.76655348E-1
1018	4.78207694E-1
583	4.79202037E-1
327	4.80798272E-1
856	4.81748727E-1
302	4.83714269E-1
500	4.85568761E-1
144	4.8714512E-1
25	4.8811545E-1
608	4.90684784E-1
535	4.91109392E-1
62	4.93433237E-1
19	4.94482173E-1
194	4.95282862E-1
803	4.96604414E-1
463	4.97068471E-1
738	4.99738691E-1
136	5.00424448E-1
487	5.02546689E-1
360	5.02702238E-1
870	5.03922988E-1
122	5.05356145E-1
435	5.05517827E-1
156	5.07333164E-1
110	5.07640068E-1
974	5.10186757E-1
339	5.12308998E-1
139	5.12941234E-1
380	5.13157895E-1
208	5.13505109E-1
854	5.14431239E-1
452	5.16129032E-1
808	5.16977929E-1
935	5.20176541E-1
809	5.22073857E-1
683	5.22289094E-1
548	5.24193548E-1
155	5.29224152E-1
882	5.29711375E-1
958	5.30779437E-1
789	5.33266328E-1
760	5.35031847E-1
300	5.36634907E-1
1023	5.37352889E-1
73	5.37366988E-1
823	5.3814482E-1
83	5.38624788E-1
50	5.39413654E-1
325	5.39473684E-1
362	5.39898132E-1
43	5.40598728E-1
615	5.41888882E-1
214	5.42444822E-1
299	5.44142615E-1
983	5.4476135E-1
320	5.46689304E-1
990	5.5003959E-1
831	5.52631579E-1
391	5.53771885E-1
461	5.55178268E-1
829	5.557248E-1
0	5.56187933E-1
125	5.61219665E-1
716	5.64004525E-1
830	5.64765269E-1
673	5.68778038E-1
60	5.7263476E-1
428	5.73005093E-1
368	5.74863043E-1
957	5.7512893E-1
908	5.75551783E-1
737	5.7712899E-1
910	5.77203125E-1
269	5.80220713E-1
237	5.82034052E-1
419	5.83191851E-1
807	5.86799602E-1
166	5.88588856E-1
897	5.91256367E-1
732	5.91680815E-1
151	5.93389379E-1
75	5.93548658E-1
340	5.94227504E-1
684	5.94750584E-1
253	5.952995E-1
903	5.96199069E-1
261	5.9762309E-1
27	5.98301486E-1
527	5.99115117E-1
389	5.99402208E-1
702	6.01513335E-1
381	6.03828219E-1
124	6.04484489E-1
616	6.04802149E-1
758	6.06394231E-1
713	6.07809847E-1
85	6.08878764E-1
686	6.11629881E-1
893	6.13184815E-1
424	6.15483615E-1
1011	6.17807537E-1
586	6.18464032E-1
383	6.20967742E-1
822	6.21349042E-1
632	6.21405424E-1
708	6.21631954E-1
619	6.27161458E-1
277	6.27758913E-1
264	6.34550085E-1
697	6.35398981E-1
382	6.37945671E-1
190	6.38370119E-1
984	6.38615966E-1
457	6.39359519E-1
862	6.40067912E-1
953	6.41989093E-1
400	6.42190153E-1
799	6.42442735E-1
1012	6.43436041E-1
222	6.43463497E-1
688	6.43887946E-1
436	6.45585739E-1
664	6.47283531E-1
363	6.49405772E-1
76	6.49830221E-1
520	6.50219256E-1
233	6.50631624E-1
126	6.51528014E-1
515	6.58319185E-1
1006	6.59618142E-1
356	6.60158815E-1
584	6.62988116E-1
772	6.65157675E-1
606	6.65780847E-1
918	6.65959253E-1
980	6.68055298E-1
693	6.71052632E-1
543	6.71687332E-1
679	6.71901528E-1
468	6.72826499E-1
521	6.728861E-1
932	6.75761584E-1
929	6.78268252E-1
3	6.79548753E-1
375	6.82550363E-1
937	6.85172049E-1
551	6.88304476E-1
170	6.89245268E-1
690	6.91001698E-1
669	6.93123939E-1
348	6.93972836E-1
529	6.94821732E-1
836	6.96943973E-1
552	6.97368421E-1
451	6.99748317E-1
268	7.0280375E-1
513	7.06281834E-1
994	7.06585077E-1
1000	7.06665492E-1
91	7.06933309E-1
88	7.0713073E-1
863	7.0876723E-1
731	7.0967742E-1
640	7.09867171E-1
131	7.10027824E-1
130	7.10101868E-1
206	7.1045007E-1
347	7.10526316E-1
1010	7.12287679E-1
357	7.12648557E-1
519	7.13025578E-1
657	7.15465834E-1
524	7.16893039E-1
118	7.17741936E-1
899	7.18355414E-1
129	7.19864177E-1
405	7.22495935E-1
120	7.22622062E-1
620	7.22835314E-1
532	7.25322962E-1
145	7.26622417E-1
652	7.27504245E-1
121	7.28777589E-1
969	7.29045811E-1
346	7.30050934E-1
37	7.30942382E-1
754	7.33022072E-1
45	7.3344652E-1
814	7.34858842E-1
866	7.34869816E-1
100	7.36754249E-1
864	7.37691002E-1
915	7.39388795E-1
986	7.40447477E-1
871	7.41086588E-1
539	7.41284297E-1
596	7.41984464E-1
733	7.43208829E-1
611	7.43337612E-1
956	7.45287802E-1
950	7.46019794E-1
825	7.47453311E-1
200	7.47980929E-1
287	7.48894077E-1
117	7.48925424E-1
853	7.52971138E-1
315	7.53654284E-1
811	7.54244482E-1
835	7.55517827E-1
97	7.59906036E-1
952	7.65126172E-1
944	7.66500254E-1
447	7.66553481E-1
197	7.66583522E-1
518	7.6910017E-1
465	7.70128572E-1
418	7.70425669E-1
666	7.77494692E-1
505	7.77549882E-1
782	7.78862479E-1
198	7.79711375E-1
89	7.80135824E-1
493	7.80560272E-1
361	7.8076923E-1
961	7.81794472E-1
407	7.88289046E-1
837	7.88313191E-1
284	7.9023451E-1
344	7.9096339E-1
511	7.9172251E-1
415	7.95142022E-1
439	7.95840408E-1
239	7.97731683E-1
471	7.99235993E-1
229	8.03415672E-1
1017	8.0385438E-1
16	8.03904924E-1
542	8.0475382E-1
205	8.07300509E-1
408	8.09878842E-1
996	8.10434218E-1
582	8.1196944E-1
295	8.1266377E-1
449	8.12818336E-1
202	8.13344725E-1
41	8.13399409E-1
567	8.14091681E-1
796	8.14940577E-1
467	8.15365025E-1
541	8.15731304E-1
614	8.18336163E-1
948	8.18750908E-1
427	8.19185059E-1
331	8.20033956E-1
248	8.20667337E-1
228	8.20934065E-1
941	8.22505308E-1
965	8.24292318E-1
755	8.24945731E-1
11	8.26429786E-1
226	8.27489591E-1
482	8.2852292E-1
272	8.29104132E-1
322	8.36162988E-1
795	8.37206075E-1
364	8.38709677E-1
466	8.39983022E-1
276	8.40827583E-1
633	8.4295416E-1
506	8.46774194E-1
557	8.46775799E-1
724	8.49411794E-1
810	8.50594228E-1
962	8.52685005E-1
473	8.53571154E-1
685	8.54887294E-1
876	8.55093908E-1
127	8.55687606E-1
220	8.56536503E-1
245	8.57435734E-1
379	8.59083192E-1
275	8.59932088E-1
700	8.62441638E-1
660	8.67572156E-1
282	8.69177509E-1
848	8.70579749E-1
827	8.7180395E-1
531	8.71973374E-1
107	8.72964135E-1
292	8.73938879E-1
231	8.74869975E-1
434	8.74898505E-1
556	8.75923248E-1
720	8.76485569E-1
991	8.76795564E-1
23	8.76910017E-1
881	8.78300385E-1
635	8.78397623E-1
839	8.80673041E-1
238	8.82003396E-1
744	8.82591177E-1
158	8.82852292E-1
970	8.83438214E-1
581	8.83687453E-1
204	8.84974533E-1
857	8.85398981E-1
281	8.87203831E-1
481	8.88365633E-1
964	8.89466206E-1
868	8.90699087E-1
246	8.94319832E-1
1019	8.96419211E-1
409	8.97368107E-1
936	8.9770798E-1
975	8.98367236E-1
560	8.98981324E-1
955	8.99170384E-1
162	9.02820368E-1
507	9.03100599E-1
1002	9.03793119E-1
717	9.04499151E-1
199	9.04923599E-1
306	9.06045785E-1
649	9.07258601E-1
680	9.08319185E-1
385	9.09151315E-1
773	9.09534427E-1
113	9.1313343E-1
895	9.13412564E-1
462	9.14001219E-1
672	9.15110357E-1
87	9.15447942E-1
304	9.15851751E-1
623	9.16711048E-1
907	9.16808149E-1
260	9.18044032E-1
17	9.18944253E-1
1021	9.20628183E-1
665	9.21901528E-1
328	9.22883869E-1
22	9.23174873E-1
901	9.23980735E-1
594	9.25297114E-1
6	9.26570458E-1
172	9.27843803E-1
63	9.32512733E-1
656	9.37615325E-1
647	9.3803056E-1
420	9.39795802E-1
242	9.40223854E-1
323	9.41426146E-1
460	9.41535165E-1
771	9.42831457E-1
47	9.44162041E-1
372	9.45378563E-1
816	9.5020818E-1
394	9.50339559E-1
536	9.50865304E-1
761	9.51126717E-1
1004	9.51188456E-1
18	9.525758E-1
867	9.52936053E-1
998	9.53088698E-1
712	9.55335605E-1
886	9.55754419E-1
954	9.56410184E-1
29	9.59252971E-1
30	9.61048142E-1
592	9.61375212E-1
947	9.62224272E-1
707	9.62302235E-1
138	9.68902407E-1
578	9.70978457E-1
602	9.71533067E-1
942	9.73078065E-1
490	9.73734162E-1
316	9.7415142E-1
195	9.74386266E-1
169	9.75589264E-1
321	9.75906613E-1
164	9.7653351E-1
797	9.77902617E-1
116	9.79466699E-1
307	9.8009013E-1
398	9.80475382E-1
146	9.8344652E-1
558	9.83628897E-1
553	9.85568761E-1
838	9.86842105E-1
722	9.88088388E-1
951	9.89577828E-1
927	9.90235277E-1
516	9.91969097E-1
1022	9.94123604E-1
757	9.942036E-1
335	9.94570436E-1
123	9.95331036E-1
641	9.95562558E-1
99	9.96794744E-1
676	9.98302208E-1
241	9.9950422E-1
