Name	chi2Pvalue
740	8.64804713E-6
928	6.53264845E-5
238	4.4372859E-4
894	4.98255654E-4
75	1.65615111E-3
914	1.97068291E-3
206	3.96524637E-3
698	4.35781256E-3
778	4.41365446E-3
3	4.49216247E-3
951	5.38803828E-3
374	5.58497848E-3
706	7.14252622E-3
721	8.82294466E-3
858	1.00969584E-2
269	1.01390664E-2
638	1.39168887E-2
257	1.43155627E-2
744	1.61079567E-2
599	1.66613717E-2
43	1.83108987E-2
641	1.95289164E-2
305	2.01713473E-2
456	2.14787388E-2
87	2.26682283E-2
802	2.47143588E-2
436	2.48090402E-2
499	2.59863723E-2
389	2.61017923E-2
718	2.71204297E-2
769	2.84460873E-2
758	2.90186516E-2
122	3.05730694E-2
302	3.08926536E-2
867	3.09423286E-2
714	3.3313136E-2
231	3.38289923E-2
775	3.57027634E-2
221	4.05406711E-2
467	4.26545598E-2
609	4.423397E-2
530	4.55045222E-2
91	4.55652659E-2
189	4.70528997E-2
542	4.72442404E-2
147	4.86499688E-2
103	5.07830959E-2
610	5.12725227E-2
664	5.1936028E-2
562	5.30313416E-2
263	5.32093738E-2
219	5.42347019E-2
975	5.77469252E-2
955	5.8050603E-2
370	5.85673817E-2
317	5.90071601E-2
954	5.92669227E-2
807	6.02154357E-2
980	6.12178282E-2
55	6.22357278E-2
777	6.38374385E-2
981	6.54063339E-2
847	6.59753414E-2
45	6.62754512E-2
586	6.8520126E-2
966	6.85973706E-2
1008	6.88560016E-2
879	6.8968566E-2
397	6.89953274E-2
270	7.1561259E-2
508	7.2306195E-2
301	7.33662352E-2
327	7.41655106E-2
275	7.43177895E-2
860	7.53570552E-2
546	7.54814605E-2
689	7.63377539E-2
289	7.6444319E-2
616	7.65444266E-2
823	7.78085131E-2
173	8.00429274E-2
48	8.18959473E-2
30	8.28408317E-2
433	8.4883952E-2
198	8.79725246E-2
703	8.87142968E-2
953	8.88820622E-2
239	9.45718728E-2
488	1.00019704E-1
124	1.00331986E-1
512	1.01032837E-1
888	1.02497202E-1
594	1.06093277E-1
699	1.07650898E-1
925	1.10045934E-1
595	1.10599253E-1
716	1.10883435E-1
41	1.12716731E-1
287	1.12751049E-1
379	1.13093244E-1
8	1.13713008E-1
571	1.14274924E-1
625	1.14368474E-1
566	1.14506032E-1
459	1.14635029E-1
650	1.15114228E-1
399	1.17148173E-1
423	1.18953706E-1
715	1.2063808E-1
917	1.2096901E-1
444	1.21190781E-1
922	1.21791648E-1
960	1.2189664E-1
356	1.22711178E-1
582	1.23405643E-1
544	1.24495258E-1
418	1.24908566E-1
878	1.25136171E-1
33	1.25367692E-1
82	1.25567312E-1
377	1.26086542E-1
344	1.26265735E-1
267	1.27967333E-1
501	1.29397621E-1
250	1.29607418E-1
307	1.29801201E-1
392	1.30301101E-1
992	1.32278853E-1
759	1.32702383E-1
868	1.34327759E-1
207	1.34475827E-1
779	1.35188098E-1
814	1.36057334E-1
577	1.36845326E-1
314	1.3821047E-1
304	1.39196129E-1
415	1.40875961E-1
191	1.4239345E-1
709	1.42458706E-1
394	1.43472248E-1
646	1.4377891E-1
39	1.43794439E-1
354	1.45318663E-1
57	1.45387081E-1
782	1.45458775E-1
260	1.47083265E-1
93	1.47452321E-1
833	1.47919034E-1
602	1.48609402E-1
271	1.49506708E-1
728	1.49655434E-1
53	1.49873246E-1
190	1.50170915E-1
829	1.5078943E-1
148	1.50859403E-1
929	1.52802823E-1
745	1.53279308E-1
205	1.55212932E-1
963	1.56142552E-1
926	1.56820389E-1
1009	1.58779777E-1
787	1.5964463E-1
320	1.59692014E-1
612	1.59710621E-1
324	1.59778878E-1
533	1.60895682E-1
142	1.61105275E-1
74	1.61873105E-1
840	1.61958832E-1
979	1.62114561E-1
253	1.62596347E-1
919	1.62779234E-1
731	1.64048445E-1
516	1.65865801E-1
962	1.66057348E-1
296	1.6696548E-1
958	1.68190935E-1
520	1.68616991E-1
828	1.72252876E-1
170	1.72743402E-1
268	1.72942756E-1
924	1.73022937E-1
262	1.73492247E-1
574	1.75224802E-1
931	1.76067727E-1
286	1.7716801E-1
117	1.77657761E-1
209	1.789222E-1
424	1.81689653E-1
652	1.83044256E-1
811	1.83135615E-1
791	1.85361695E-1
20	1.86435256E-1
825	1.86591586E-1
51	1.87591232E-1
241	1.87753155E-1
751	1.88636673E-1
285	1.8898973E-1
1006	1.90069805E-1
15	1.90308721E-1
385	1.92203464E-1
649	1.93890755E-1
180	1.94046576E-1
697	1.94231634E-1
225	1.94958493E-1
772	1.97767774E-1
25	1.97773401E-1
592	1.97914433E-1
59	1.99508205E-1
669	1.99615645E-1
333	2.00993259E-1
236	2.01462002E-1
583	2.01505969E-1
767	2.01567438E-1
813	2.01610457E-1
13	2.03031585E-1
522	2.03209779E-1
774	2.04682568E-1
766	2.08201884E-1
12	2.08922424E-1
1017	2.09660034E-1
856	2.09875606E-1
806	2.12272726E-1
528	2.12660793E-1
76	2.13470474E-1
242	2.14234431E-1
604	2.15076144E-1
637	2.15561401E-1
964	2.1746227E-1
402	2.17611888E-1
339	2.19711186E-1
5	2.20659184E-1
805	2.23926836E-1
971	2.26205413E-1
921	2.28826983E-1
622	2.2984411E-1
380	2.30515703E-1
553	2.3108516E-1
353	2.31741349E-1
653	2.31894343E-1
42	2.31933458E-1
861	2.32060143E-1
26	2.35409729E-1
756	2.36912378E-1
133	2.37180114E-1
565	2.37951582E-1
673	2.38665589E-1
946	2.41474521E-1
139	2.41820236E-1
911	2.42654104E-1
114	2.44083093E-1
9	2.44438033E-1
234	2.45327275E-1
100	2.47263354E-1
548	2.47703642E-1
345	2.4927921E-1
19	2.51006871E-1
987	2.52714665E-1
936	2.54345444E-1
902	2.54821566E-1
676	2.54973219E-1
529	2.55517043E-1
406	2.57122937E-1
763	2.57264138E-1
892	2.58332253E-1
319	2.58842231E-1
98	2.58942128E-1
227	2.61647759E-1
930	2.62121619E-1
0	2.62714492E-1
517	2.62891644E-1
901	2.64879586E-1
760	2.65501487E-1
514	2.65876606E-1
545	2.66009008E-1
738	2.66051982E-1
193	2.66886732E-1
300	2.67304857E-1
154	2.70202205E-1
844	2.71276821E-1
678	2.7225686E-1
838	2.72409412E-1
204	2.73289857E-1
581	2.73446661E-1
388	2.75432532E-1
518	2.76089748E-1
396	2.77974631E-1
876	2.80050568E-1
37	2.80969204E-1
538	2.8192612E-1
665	2.82185071E-1
256	2.82556252E-1
284	2.82956407E-1
291	2.8312507E-1
817	2.83560185E-1
495	2.84302449E-1
186	2.84761493E-1
104	2.86000969E-1
837	2.86099243E-1
547	2.86704295E-1
765	2.86987683E-1
985	2.8716838E-1
1	2.89918538E-1
355	2.91324971E-1
658	2.93519177E-1
4	2.94021804E-1
64	2.94380868E-1
800	2.9573687E-1
961	2.99447533E-1
349	3.00103146E-1
563	3.00609429E-1
494	3.00928934E-1
400	3.02152556E-1
521	3.02569635E-1
640	3.03161825E-1
223	3.03781221E-1
249	3.05155165E-1
613	3.06021202E-1
130	3.07697063E-1
899	3.08024946E-1
390	3.08129525E-1
773	3.09385833E-1
784	3.09978676E-1
794	3.10070963E-1
639	3.12062226E-1
79	3.12952609E-1
727	3.1540944E-1
115	3.15683575E-1
412	3.17138266E-1
17	3.22957977E-1
519	3.26983251E-1
60	3.27256449E-1
201	3.29080152E-1
411	3.29725349E-1
56	3.30095842E-1
28	3.30196345E-1
338	3.31303867E-1
994	3.32950832E-1
334	3.3297792E-1
343	3.3377712E-1
635	3.34244711E-1
120	3.35352336E-1
705	3.3615177E-1
480	3.3668226E-1
1007	3.38239788E-1
569	3.38671755E-1
554	3.38812029E-1
753	3.39842744E-1
680	3.41310953E-1
454	3.41941809E-1
600	3.42705008E-1
143	3.43424585E-1
695	3.43677383E-1
567	3.46288252E-1
482	3.47131489E-1
233	3.47220946E-1
578	3.48622048E-1
965	3.48672125E-1
235	3.51465413E-1
419	3.51496405E-1
365	3.51648026E-1
748	3.52704257E-1
254	3.5545964E-1
65	3.58853875E-1
1001	3.59790061E-1
145	3.59851889E-1
983	3.60408348E-1
212	3.616775E-1
890	3.62816753E-1
752	3.6363535E-1
589	3.65308957E-1
358	3.65518314E-1
881	3.67047636E-1
165	3.67088034E-1
367	3.67945544E-1
243	3.68428348E-1
21	3.69467088E-1
700	3.70860582E-1
541	3.75185883E-1
550	3.75300693E-1
432	3.75513125E-1
70	3.76168139E-1
815	3.76183347E-1
213	3.76544843E-1
870	3.78292554E-1
598	3.78742879E-1
603	3.7916472E-1
959	3.79444908E-1
970	3.79765356E-1
907	3.81049875E-1
11	3.81812695E-1
140	3.82523188E-1
408	3.84505688E-1
853	3.85017924E-1
461	3.85441706E-1
473	3.85768122E-1
460	3.85987982E-1
661	3.88087203E-1
99	3.90558916E-1
895	3.90699911E-1
865	3.9093624E-1
968	3.91311805E-1
942	3.91811247E-1
601	3.93387783E-1
770	3.94920889E-1
875	3.95331415E-1
119	3.95521638E-1
194	3.96820965E-1
502	4.00467566E-1
92	4.00937088E-1
308	4.01912182E-1
472	4.03639886E-1
593	4.04379702E-1
831	4.06116849E-1
527	4.0866202E-1
679	4.09804974E-1
429	4.09985691E-1
656	4.10300444E-1
670	4.10772959E-1
910	4.11301636E-1
882	4.12208886E-1
686	4.13974383E-1
403	4.14383885E-1
457	4.14839323E-1
677	4.15345007E-1
627	4.15919815E-1
633	4.15954716E-1
14	4.16174014E-1
220	4.16261061E-1
702	4.18355456E-1
795	4.19304439E-1
316	4.21166616E-1
24	4.21717918E-1
617	4.22526246E-1
137	4.22874344E-1
626	4.23638502E-1
898	4.24101894E-1
596	4.27397112E-1
451	4.34768987E-1
503	4.35215353E-1
282	4.37236563E-1
321	4.37599132E-1
821	4.39918879E-1
575	4.39970727E-1
134	4.40434906E-1
372	4.40852043E-1
278	4.41188748E-1
407	4.42069907E-1
1015	4.43467537E-1
413	4.43582694E-1
836	4.4360326E-1
171	4.44475869E-1
288	4.44508266E-1
306	4.45437012E-1
18	4.45799367E-1
623	4.46046906E-1
83	4.47679652E-1
735	4.47937863E-1
22	4.47969757E-1
290	4.48496032E-1
303	4.49343512E-1
905	4.49372437E-1
81	4.49882098E-1
733	4.49925957E-1
328	4.51973786E-1
564	4.52655409E-1
688	4.54803512E-1
371	4.55320174E-1
977	4.55398692E-1
361	4.56945937E-1
934	4.58205313E-1
937	4.58470917E-1
692	4.60059241E-1
293	4.63818589E-1
1005	4.6386079E-1
129	4.6490907E-1
497	4.66394013E-1
707	4.67514757E-1
416	4.677283E-1
621	4.6812049E-1
146	4.68643799E-1
796	4.68976809E-1
159	4.70486472E-1
381	4.72553128E-1
88	4.72721712E-1
280	4.7302188E-1
192	4.73815486E-1
757	4.74074246E-1
125	4.74328803E-1
479	4.74586784E-1
491	4.76195183E-1
696	4.77436773E-1
468	4.79058437E-1
683	4.79121448E-1
62	4.79367673E-1
54	4.80991E-1
340	4.81152454E-1
350	4.81526227E-1
990	4.81603159E-1
484	4.82852986E-1
27	4.83119169E-1
123	4.86339105E-1
816	4.86745318E-1
792	4.87150451E-1
537	4.87810213E-1
252	4.92410509E-1
34	4.93127956E-1
912	4.93677949E-1
988	4.95557422E-1
276	4.95744458E-1
957	4.98023434E-1
68	4.98264473E-1
737	4.98840629E-1
1014	4.9892741E-1
72	5.01530928E-1
906	5.01739824E-1
996	5.03204865E-1
555	5.03350716E-1
152	5.05176695E-1
157	5.06858071E-1
948	5.07909883E-1
247	5.08124868E-1
101	5.11401724E-1
315	5.1287726E-1
842	5.14958413E-1
956	5.15093831E-1
841	5.15367252E-1
531	5.16438921E-1
940	5.16450609E-1
393	5.17607065E-1
29	5.20088565E-1
422	5.20543081E-1
347	5.21644538E-1
183	5.23008012E-1
539	5.25331861E-1
445	5.25973143E-1
754	5.28289002E-1
376	5.29148406E-1
428	5.29270115E-1
608	5.32706038E-1
49	5.33287979E-1
496	5.34319372E-1
712	5.35498262E-1
135	5.36249058E-1
1002	5.39498557E-1
450	5.40025734E-1
217	5.40188375E-1
475	5.40318741E-1
425	5.40376788E-1
421	5.41707055E-1
746	5.42014143E-1
654	5.42729334E-1
184	5.43360457E-1
730	5.43434593E-1
790	5.43451014E-1
69	5.43678175E-1
476	5.46267746E-1
993	5.46788983E-1
614	5.49219855E-1
662	5.51101096E-1
292	5.52426142E-1
463	5.5295344E-1
743	5.53661435E-1
106	5.58025401E-1
486	5.6077842E-1
629	5.61145249E-1
713	5.63750324E-1
164	5.64211037E-1
240	5.65899786E-1
845	5.66659236E-1
32	5.69592016E-1
690	5.72835414E-1
485	5.73110202E-1
208	5.74068797E-1
832	5.74886941E-1
272	5.7565652E-1
498	5.78436868E-1
452	5.81625805E-1
405	5.83782518E-1
211	5.85675017E-1
187	5.8569805E-1
266	5.87149422E-1
489	5.87878616E-1
986	5.9145991E-1
274	5.93494033E-1
1012	5.94348619E-1
442	5.94798065E-1
258	5.96962338E-1
935	5.97644545E-1
587	5.97998536E-1
729	5.98643692E-1
44	5.98774542E-1
202	6.01330349E-1
561	6.02407181E-1
427	6.05726683E-1
7	6.05941005E-1
36	6.05947508E-1
174	6.09781677E-1
887	6.12550949E-1
35	6.15303199E-1
685	6.15445871E-1
624	6.16348651E-1
245	6.17778809E-1
896	6.19877634E-1
704	6.23447163E-1
812	6.24213744E-1
443	6.25897834E-1
742	6.25976167E-1
764	6.26305488E-1
500	6.26359637E-1
711	6.26536539E-1
150	6.27141377E-1
523	6.273358E-1
295	6.29094104E-1
859	6.2927566E-1
185	6.29296682E-1
105	6.29542068E-1
809	6.29599878E-1
200	6.31521102E-1
631	6.32010221E-1
210	6.33307503E-1
854	6.33506411E-1
446	6.33910495E-1
904	6.35522526E-1
127	6.36049858E-1
785	6.36408954E-1
568	6.36976015E-1
244	6.37258793E-1
182	6.37684668E-1
360	6.38067193E-1
982	6.38662987E-1
166	6.40053104E-1
605	6.41535657E-1
835	6.44038303E-1
513	6.45904138E-1
552	6.49194613E-1
431	6.49748518E-1
655	6.50512605E-1
1020	6.50824878E-1
864	6.53015111E-1
162	6.53180576E-1
10	6.54128701E-1
214	6.54379978E-1
297	6.55015715E-1
543	6.55169706E-1
492	6.5523337E-1
643	6.56079909E-1
255	6.57304981E-1
606	6.574284E-1
580	6.58037181E-1
725	6.61015015E-1
726	6.62200149E-1
116	6.622711E-1
619	6.62279676E-1
382	6.63489526E-1
724	6.6372778E-1
908	6.64176136E-1
325	6.68384322E-1
874	6.69814997E-1
141	6.73312218E-1
932	6.73643609E-1
681	6.74213395E-1
682	6.75671334E-1
570	6.7621447E-1
647	6.76991115E-1
224	6.77974852E-1
694	6.77986963E-1
933	6.78652527E-1
434	6.82070507E-1
66	6.83324115E-1
481	6.84147288E-1
651	6.84926306E-1
687	6.86840726E-1
330	6.87177368E-1
85	6.88134109E-1
691	6.88367217E-1
620	6.91305174E-1
222	6.91613229E-1
215	6.92042418E-1
889	6.92165353E-1
230	6.92170957E-1
804	6.92698938E-1
505	6.9297443E-1
197	6.93366692E-1
781	6.96234832E-1
337	6.97980038E-1
989	6.9820002E-1
128	6.98968625E-1
246	6.99822339E-1
579	7.00764135E-1
618	7.01523239E-1
160	7.04444327E-1
798	7.05022595E-1
113	7.05075022E-1
720	7.07066305E-1
722	7.07159371E-1
786	7.07350121E-1
573	7.07942017E-1
364	7.08058497E-1
420	7.08285149E-1
259	7.0984707E-1
441	7.11203048E-1
684	7.11514206E-1
1003	7.12892565E-1
839	7.14394105E-1
342	7.15690501E-1
808	7.16970924E-1
2	7.17010254E-1
73	7.17772625E-1
628	7.20873132E-1
384	7.22513101E-1
826	7.22845663E-1
944	7.2510252E-1
723	7.25293902E-1
747	7.25605128E-1
440	7.25619876E-1
156	7.27241398E-1
891	7.2770917E-1
430	7.28236921E-1
38	7.31452707E-1
435	7.32010592E-1
900	7.32572921E-1
16	7.32625618E-1
216	7.33777927E-1
161	7.33783395E-1
178	7.35257529E-1
107	7.36243391E-1
313	7.37620254E-1
181	7.38357207E-1
952	7.39049096E-1
309	7.39830054E-1
144	7.42159485E-1
1016	7.4249665E-1
672	7.42614781E-1
387	7.43930023E-1
739	7.44368036E-1
999	7.4453417E-1
351	7.4525205E-1
644	7.47629922E-1
177	7.48715559E-1
671	7.49227628E-1
410	7.4965325E-1
923	7.49723898E-1
483	7.4980458E-1
797	7.53120516E-1
607	7.53694796E-1
793	7.55222568E-1
136	7.55340305E-1
401	7.55866939E-1
375	7.59634277E-1
312	7.61100824E-1
504	7.62774507E-1
248	7.63657072E-1
762	7.63757763E-1
179	7.65418426E-1
749	7.65987982E-1
465	7.66882918E-1
632	7.66912271E-1
866	7.67454024E-1
470	7.70574917E-1
998	7.71860011E-1
863	7.72507799E-1
196	7.72569066E-1
768	7.74312328E-1
89	7.75344055E-1
464	7.76965352E-1
447	7.77974212E-1
560	7.78000887E-1
559	7.78119503E-1
1010	7.78445196E-1
439	7.78784516E-1
363	7.79398055E-1
526	7.80330951E-1
850	7.80671815E-1
801	7.8188423E-1
674	7.82145389E-1
657	7.8223535E-1
873	7.82600662E-1
572	7.83127759E-1
348	7.83816556E-1
909	7.86470343E-1
506	7.87275548E-1
997	7.87333036E-1
175	7.88829046E-1
939	7.89725239E-1
869	7.91160184E-1
642	7.94907497E-1
279	7.95827613E-1
524	7.95906406E-1
634	7.96417291E-1
949	7.97116368E-1
973	7.97389015E-1
708	7.97783739E-1
110	7.98446919E-1
976	7.99368839E-1
169	8.00161871E-1
991	8.00797388E-1
273	8.01678943E-1
108	8.03114582E-1
203	8.04026272E-1
414	8.0428129E-1
474	8.04662486E-1
846	8.05245581E-1
947	8.05497217E-1
827	8.06526814E-1
226	8.08012661E-1
525	8.08738644E-1
490	8.0925476E-1
493	8.0942283E-1
398	8.09504434E-1
195	8.10142093E-1
534	8.13598913E-1
967	8.14878893E-1
1011	8.15990756E-1
849	8.16282245E-1
332	8.16414017E-1
862	8.16881699E-1
188	8.17037455E-1
556	8.1912246E-1
734	8.21450526E-1
916	8.22015415E-1
755	8.22952049E-1
803	8.23529671E-1
357	8.27862615E-1
58	8.28798716E-1
515	8.28869536E-1
155	8.29565482E-1
437	8.30177629E-1
61	8.30659613E-1
540	8.34023915E-1
168	8.35316409E-1
897	8.3550423E-1
151	8.35671497E-1
298	8.37263724E-1
469	8.37579266E-1
391	8.38197474E-1
323	8.38596049E-1
336	8.38714555E-1
645	8.39591623E-1
112	8.41319135E-1
322	8.41950716E-1
597	8.42905913E-1
426	8.43627839E-1
668	8.44491603E-1
710	8.45379857E-1
84	8.46020368E-1
771	8.46788472E-1
368	8.47125633E-1
352	8.47140014E-1
438	8.4732318E-1
819	8.48400674E-1
1013	8.50568984E-1
52	8.55144908E-1
121	8.55510219E-1
660	8.56525624E-1
885	8.5697649E-1
232	8.58704422E-1
40	8.59690535E-1
50	8.60754712E-1
199	8.61249313E-1
799	8.61730994E-1
453	8.62555706E-1
535	8.63201289E-1
176	8.63347584E-1
884	8.64613383E-1
149	8.65321042E-1
584	8.65355165E-1
750	8.66320193E-1
448	8.6637203E-1
264	8.6671185E-1
820	8.6678798E-1
788	8.67971909E-1
667	8.6819571E-1
510	8.69425767E-1
158	8.70240308E-1
86	8.70258866E-1
94	8.76167162E-1
903	8.77478354E-1
549	8.77892458E-1
1004	8.7920833E-1
666	8.81581963E-1
95	8.8277585E-1
318	8.84678005E-1
335	8.88438609E-1
950	8.88563727E-1
237	8.89463228E-1
310	8.92708043E-1
969	8.94007662E-1
383	8.94702934E-1
693	8.948251E-1
1000	8.94880308E-1
818	8.95597595E-1
346	8.9577318E-1
294	8.96093566E-1
630	8.96315799E-1
31	8.96979863E-1
717	8.97100306E-1
1021	8.97687482E-1
477	8.98537465E-1
341	8.9988382E-1
409	9.003768E-1
588	9.006635E-1
855	9.0066413E-1
852	9.00882058E-1
331	9.01195451E-1
848	9.01514295E-1
102	9.03692903E-1
449	9.05504619E-1
362	9.05769059E-1
455	9.05785803E-1
265	9.05822756E-1
251	9.06771026E-1
326	9.07083043E-1
378	9.08973111E-1
761	9.09528333E-1
478	9.09632016E-1
851	9.10658198E-1
995	9.11633737E-1
822	9.11859068E-1
359	9.12061218E-1
71	9.12203707E-1
941	9.14665682E-1
830	9.14853439E-1
732	9.17749611E-1
913	9.18132831E-1
281	9.19932775E-1
636	9.20320156E-1
532	9.22813518E-1
311	9.23578059E-1
111	9.23822599E-1
843	9.25568404E-1
893	9.25604447E-1
299	9.25813267E-1
877	9.27049273E-1
80	9.28534695E-1
97	9.30173712E-1
277	9.31342566E-1
918	9.31596828E-1
109	9.31769428E-1
487	9.31837216E-1
972	9.32855113E-1
118	9.33593561E-1
46	9.33620894E-1
810	9.34277929E-1
329	9.34489894E-1
229	9.35341228E-1
648	9.35689768E-1
228	9.37152961E-1
558	9.37335782E-1
943	9.39915466E-1
551	9.42167077E-1
138	9.43891076E-1
824	9.45970724E-1
984	9.49037491E-1
783	9.49764844E-1
507	9.52129433E-1
576	9.5233781E-1
719	9.53478339E-1
395	9.53636175E-1
373	9.54583158E-1
938	9.55602188E-1
126	9.55947155E-1
591	9.56230727E-1
585	9.5793445E-1
153	9.58867425E-1
78	9.5905767E-1
978	9.59427339E-1
927	9.60435688E-1
557	9.60969268E-1
857	9.61022445E-1
776	9.61161529E-1
167	9.62710646E-1
659	9.63268642E-1
915	9.63324217E-1
471	9.63439407E-1
736	9.65045266E-1
172	9.65291561E-1
63	9.66204786E-1
131	9.68296301E-1
536	9.69208187E-1
132	9.69280266E-1
417	9.70052911E-1
675	9.71569124E-1
615	9.71826979E-1
6	9.72143267E-1
163	9.72244669E-1
386	9.72507427E-1
458	9.72729961E-1
366	9.73045258E-1
218	9.76303387E-1
701	9.76572779E-1
945	9.78026332E-1
47	9.78407026E-1
67	9.78792839E-1
834	9.79701726E-1
880	9.82088967E-1
871	9.82151024E-1
741	9.84719186E-1
883	9.86568789E-1
789	9.86740698E-1
77	9.88476337E-1
872	9.88803081E-1
974	9.89492589E-1
404	9.9007357E-1
23	9.9030441E-1
90	9.91047334E-1
96	9.91053303E-1
462	9.92208069E-1
886	9.93626028E-1
1018	9.94348414E-1
780	9.9435682E-1
466	9.94928124E-1
511	9.95635123E-1
1019	9.97364188E-1
1023	9.97399878E-1
509	9.9828535E-1
261	9.98791798E-1
1022	9.99274258E-1
611	9.99447542E-1
663	9.99710256E-1
