Name	chi2Pvalue
160	2.62035822E-4
380	6.52890734E-4
938	1.44127892E-3
622	1.61232419E-3
699	2.58873009E-3
175	3.43885831E-3
847	5.05069137E-3
220	5.9878242E-3
108	6.77099239E-3
904	1.03510783E-2
873	1.17774488E-2
431	1.29621528E-2
131	1.3028325E-2
314	1.46611397E-2
718	1.55741297E-2
760	1.94280416E-2
683	2.3061309E-2
1008	2.4360814E-2
712	2.65859588E-2
470	2.71411565E-2
105	2.84974488E-2
966	2.88637532E-2
709	2.98682449E-2
1018	3.03489821E-2
27	3.16474391E-2
125	3.20719127E-2
875	3.21752735E-2
903	3.36650114E-2
7	3.53890729E-2
592	3.92893004E-2
227	4.23919315E-2
804	4.25001707E-2
739	4.35452275E-2
139	4.5059199E-2
994	4.63522079E-2
101	4.79753151E-2
641	4.91673875E-2
982	5.02425999E-2
1023	5.02998624E-2
170	5.18078744E-2
256	5.33749861E-2
879	5.34036163E-2
356	5.45071688E-2
963	5.4788964E-2
614	5.50405357E-2
810	5.53990157E-2
368	5.56503978E-2
930	5.61344639E-2
362	5.78307925E-2
475	5.81034562E-2
247	5.90756263E-2
852	6.04651498E-2
190	6.05349729E-2
740	6.10877751E-2
716	6.1166756E-2
416	6.25731385E-2
727	6.30202365E-2
427	6.39685505E-2
226	6.42869245E-2
628	6.44362078E-2
968	6.46311269E-2
670	6.58381702E-2
556	6.72307586E-2
304	6.7667212E-2
177	6.78746257E-2
294	6.92560428E-2
749	6.92590194E-2
1014	6.96311617E-2
557	7.04354432E-2
296	7.08873367E-2
549	7.09477563E-2
986	7.3260744E-2
570	7.50547756E-2
403	7.57187546E-2
324	7.60229812E-2
419	7.65878244E-2
843	7.77653753E-2
1015	7.86974797E-2
576	7.88223769E-2
1022	7.91601816E-2
659	7.918873E-2
554	7.99585949E-2
970	8.17325841E-2
462	8.24868028E-2
327	8.32116609E-2
704	8.37989522E-2
418	8.38228844E-2
687	8.44316217E-2
503	8.87527571E-2
189	8.87916558E-2
845	9.09941149E-2
97	9.36590629E-2
353	9.39249979E-2
257	9.39402108E-2
527	9.43976093E-2
513	9.45602927E-2
849	9.50878968E-2
29	9.72416259E-2
901	9.83196025E-2
827	9.92446819E-2
657	9.99595872E-2
652	1.01448444E-1
389	1.01617354E-1
255	1.03893531E-1
292	1.05149746E-1
373	1.06260838E-1
433	1.07185115E-1
780	1.0809948E-1
64	1.11446982E-1
24	1.11738209E-1
566	1.12806455E-1
667	1.13237537E-1
386	1.14712468E-1
869	1.14873714E-1
829	1.15707922E-1
499	1.15867853E-1
941	1.17018782E-1
823	1.18080431E-1
30	1.18740153E-1
89	1.21285849E-1
464	1.21631886E-1
265	1.21642927E-1
577	1.23297455E-1
821	1.24096224E-1
344	1.24210927E-1
51	1.24527023E-1
413	1.25954809E-1
735	1.26153306E-1
268	1.26314372E-1
797	1.26770949E-1
523	1.27712921E-1
71	1.28578752E-1
701	1.30368669E-1
136	1.35025851E-1
893	1.36934726E-1
627	1.37886516E-1
52	1.40367382E-1
706	1.41701892E-1
1013	1.41790344E-1
939	1.41808004E-1
390	1.41870373E-1
459	1.43053539E-1
976	1.445921E-1
856	1.45129822E-1
173	1.46759619E-1
46	1.47016388E-1
446	1.49094115E-1
144	1.4938883E-1
607	1.49479561E-1
871	1.51944286E-1
788	1.54966783E-1
355	1.56188378E-1
14	1.56245761E-1
923	1.57094508E-1
1019	1.58283736E-1
927	1.58667392E-1
141	1.58939557E-1
352	1.59362741E-1
391	1.61042891E-1
915	1.61338932E-1
642	1.61782182E-1
663	1.61994678E-1
578	1.63895331E-1
482	1.65267785E-1
251	1.6576996E-1
23	1.66113334E-1
186	1.66372601E-1
512	1.66620832E-1
435	1.66955568E-1
679	1.6839452E-1
896	1.69050087E-1
463	1.71224888E-1
881	1.71514458E-1
164	1.72408567E-1
87	1.72804626E-1
3	1.74023453E-1
11	1.74170083E-1
351	1.76496171E-1
880	1.76549577E-1
831	1.76816199E-1
69	1.77718124E-1
860	1.79500717E-1
960	1.80167518E-1
230	1.80487916E-1
565	1.80718953E-1
910	1.81396864E-1
892	1.82710387E-1
774	1.84353841E-1
884	1.85674079E-1
453	1.86051163E-1
511	1.86443229E-1
337	1.87033367E-1
1006	1.89191666E-1
616	1.90066227E-1
472	1.90210272E-1
420	1.91396466E-1
281	1.91706618E-1
363	1.9392892E-1
520	1.94260433E-1
224	1.95059834E-1
49	1.95821368E-1
662	1.97291604E-1
135	1.98512567E-1
837	1.99583036E-1
887	2.01424052E-1
1020	2.02154467E-1
542	2.02848719E-1
933	2.03164189E-1
252	2.03517926E-1
323	2.03688978E-1
271	2.04031964E-1
833	2.06970181E-1
537	2.09066101E-1
206	2.09876013E-1
350	2.10769872E-1
447	2.10916866E-1
981	2.11452911E-1
940	2.11970682E-1
562	2.12819595E-1
178	2.13484118E-1
877	2.15310082E-1
588	2.16392138E-1
423	2.17235436E-1
582	2.17448372E-1
964	2.18470164E-1
786	2.18763068E-1
538	2.20586313E-1
794	2.2064246E-1
457	2.21056495E-1
172	2.21058024E-1
176	2.21092727E-1
306	2.21557213E-1
762	2.21603214E-1
753	2.22427146E-1
888	2.22936086E-1
969	2.24863018E-1
5	2.29583143E-1
705	2.30151909E-1
438	2.31819805E-1
253	2.31855091E-1
264	2.31939962E-1
162	2.32106123E-1
746	2.37369285E-1
121	2.39891642E-1
88	2.41436515E-1
404	2.42705777E-1
998	2.44113002E-1
697	2.47275544E-1
124	2.47827006E-1
222	2.48142087E-1
953	2.48567818E-1
21	2.4866347E-1
336	2.48687667E-1
361	2.48879677E-1
236	2.4944347E-1
599	2.51036918E-1
648	2.52854853E-1
597	2.53799987E-1
347	2.55257056E-1
926	2.55840126E-1
94	2.56433672E-1
811	2.57895738E-1
924	2.58181426E-1
196	2.58473857E-1
692	2.59153253E-1
1012	2.6245824E-1
841	2.63137291E-1
59	2.63562988E-1
313	2.65619968E-1
801	2.6590833E-1
171	2.68424023E-1
684	2.6972054E-1
340	2.6987195E-1
498	2.70126296E-1
456	2.7069352E-1
480	2.71136225E-1
458	2.72511962E-1
974	2.72732875E-1
942	2.73269569E-1
530	2.76090111E-1
824	2.77246865E-1
602	2.77708303E-1
613	2.77961861E-1
61	2.79656306E-1
773	2.81722733E-1
844	2.83221726E-1
732	2.83351799E-1
147	2.84047204E-1
719	2.85059751E-1
234	2.90658681E-1
444	2.90934856E-1
509	2.91047742E-1
649	2.91262569E-1
40	2.91903462E-1
167	2.93638289E-1
291	2.95722987E-1
34	2.98615649E-1
400	2.99607907E-1
203	3.00077403E-1
207	3.00354996E-1
738	3.01981311E-1
752	3.05390836E-1
790	3.05476384E-1
778	3.05724959E-1
516	3.06184738E-1
1021	3.06687059E-1
603	3.07915924E-1
424	3.08928232E-1
501	3.11947899E-1
322	3.12105629E-1
417	3.15092064E-1
273	3.16419418E-1
980	3.17264274E-1
644	3.18648742E-1
629	3.19994545E-1
635	3.20461854E-1
6	3.22209729E-1
897	3.23255652E-1
477	3.23712204E-1
673	3.24117598E-1
68	3.25364971E-1
861	3.25871832E-1
948	3.2592015E-1
166	3.26371816E-1
919	3.28792125E-1
479	3.3051432E-1
1004	3.30898639E-1
398	3.33586992E-1
150	3.33750791E-1
741	3.36395063E-1
1000	3.3980473E-1
48	3.39990929E-1
60	3.4312366E-1
935	3.45752324E-1
955	3.4596771E-1
80	3.47797776E-1
609	3.48298929E-1
633	3.49353307E-1
276	3.50145306E-1
193	3.50404636E-1
975	3.53791215E-1
573	3.55501478E-1
348	3.56495834E-1
467	3.56864994E-1
142	3.57471694E-1
985	3.60693096E-1
638	3.61119537E-1
325	3.61891869E-1
385	3.6355228E-1
243	3.64558533E-1
733	3.66466958E-1
660	3.67494465E-1
169	3.67845744E-1
74	3.69544174E-1
484	3.73846081E-1
781	3.73942898E-1
634	3.74425636E-1
913	3.74739906E-1
802	3.75035508E-1
696	3.75761346E-1
656	3.75777249E-1
900	3.75995728E-1
345	3.76701841E-1
381	3.76741739E-1
754	3.77390185E-1
898	3.77494845E-1
90	3.7827779E-1
109	3.78559118E-1
617	3.79315295E-1
284	3.79606749E-1
414	3.80819495E-1
971	3.81984094E-1
149	3.82077446E-1
949	3.82463782E-1
722	3.84775237E-1
693	3.85357845E-1
796	3.88705828E-1
133	3.89822392E-1
586	3.91017025E-1
55	3.9297436E-1
393	3.93761115E-1
655	3.95207245E-1
906	3.95843704E-1
37	3.97509981E-1
864	4.01259527E-1
152	4.02228851E-1
406	4.02782344E-1
33	4.0459611E-1
905	4.05179964E-1
316	4.05461638E-1
678	4.07926852E-1
507	4.10711694E-1
612	4.11038709E-1
62	4.11086762E-1
867	4.11209194E-1
907	4.11971776E-1
996	4.14073857E-1
308	4.14395888E-1
886	4.14825493E-1
240	4.15449948E-1
505	4.15706592E-1
839	4.1710738E-1
822	4.18461002E-1
518	4.19849058E-1
137	4.20227406E-1
965	4.21445785E-1
569	4.22234909E-1
548	4.23569958E-1
246	4.23706607E-1
440	4.23734102E-1
698	4.24983847E-1
541	4.25491572E-1
615	4.3068514E-1
50	4.3174156E-1
784	4.32055718E-1
394	4.32279462E-1
928	4.32755192E-1
510	4.33363063E-1
720	4.33934948E-1
233	4.34910341E-1
358	4.34952561E-1
744	4.3509706E-1
407	4.35382527E-1
890	4.35512613E-1
653	4.35590452E-1
432	4.35957324E-1
671	4.38056019E-1
854	4.38590284E-1
959	4.39399413E-1
425	4.40861799E-1
517	4.41144291E-1
383	4.4230964E-1
180	4.44235003E-1
834	4.44390338E-1
637	4.44827586E-1
330	4.45594246E-1
85	4.45833539E-1
525	4.48125614E-1
574	4.48730399E-1
399	4.48793378E-1
392	4.48806678E-1
814	4.4933022E-1
409	4.49464963E-1
341	4.49849219E-1
25	4.52603291E-1
372	4.54515509E-1
2	4.54962867E-1
1017	4.55074804E-1
437	4.55082381E-1
258	4.56683496E-1
79	4.57840926E-1
937	4.58775149E-1
651	4.59190411E-1
4	4.59919847E-1
221	4.60101289E-1
995	4.60888339E-1
282	4.61631053E-1
402	4.62144038E-1
333	4.62327116E-1
429	4.62961212E-1
714	4.6327178E-1
631	4.63409592E-1
902	4.65487623E-1
441	4.66390247E-1
958	4.68740736E-1
365	4.68756919E-1
449	4.69064026E-1
803	4.69526369E-1
999	4.72340394E-1
17	4.74140904E-1
138	4.7427414E-1
552	4.74428566E-1
672	4.75739577E-1
485	4.76519024E-1
158	4.76593216E-1
357	4.76987449E-1
300	4.79649308E-1
93	4.79823495E-1
366	4.7992049E-1
443	4.8004719E-1
112	4.80187242E-1
715	4.80476886E-1
78	4.80497969E-1
312	4.82861836E-1
535	4.84379143E-1
625	4.87176706E-1
487	4.88128823E-1
534	4.88156592E-1
979	4.8847155E-1
758	4.88572688E-1
159	4.89486384E-1
832	4.89912102E-1
630	4.9014265E-1
808	4.90764122E-1
547	4.91767373E-1
219	4.92499866E-1
297	4.93270247E-1
401	4.93277343E-1
113	4.95312179E-1
943	4.96094023E-1
600	4.96593691E-1
38	4.96929723E-1
640	5.0028532E-1
848	5.00910341E-1
307	5.01111149E-1
359	5.0565673E-1
876	5.05660783E-1
298	5.09276485E-1
775	5.09337941E-1
192	5.1002493E-1
118	5.10080584E-1
783	5.1257004E-1
987	5.14540006E-1
1002	5.14581368E-1
850	5.17982309E-1
99	5.18216965E-1
581	5.1866827E-1
866	5.19061565E-1
646	5.20598333E-1
72	5.2128636E-1
436	5.21634126E-1
195	5.23153069E-1
182	5.24542496E-1
91	5.25812786E-1
43	5.26743174E-1
461	5.27191889E-1
278	5.27675881E-1
153	5.2797677E-1
210	5.28919825E-1
211	5.29679113E-1
658	5.29809835E-1
103	5.31892623E-1
331	5.32276714E-1
248	5.32767659E-1
536	5.33072575E-1
668	5.34622809E-1
742	5.36249514E-1
817	5.37022629E-1
47	5.37083424E-1
184	5.37186622E-1
199	5.37609373E-1
544	5.40305592E-1
726	5.41779724E-1
529	5.42951282E-1
954	5.43088568E-1
181	5.43536711E-1
610	5.4427622E-1
309	5.44608046E-1
469	5.45220344E-1
151	5.45701357E-1
231	5.46444951E-1
270	5.47467475E-1
422	5.47882606E-1
647	5.47955892E-1
957	5.48226941E-1
114	5.50176214E-1
18	5.54963112E-1
669	5.55180952E-1
455	5.55229084E-1
26	5.57195106E-1
921	5.59727838E-1
343	5.59782704E-1
319	5.59807669E-1
688	5.6273223E-1
665	5.62864715E-1
411	5.62969602E-1
524	5.64099208E-1
717	5.6410796E-1
280	5.64580359E-1
216	5.65031739E-1
165	5.65825663E-1
232	5.65881819E-1
685	5.66161529E-1
288	5.71248139E-1
235	5.73776717E-1
604	5.75134244E-1
20	5.76602169E-1
677	5.79063307E-1
396	5.79329649E-1
990	5.79665496E-1
32	5.79952232E-1
654	5.80429006E-1
405	5.81666927E-1
36	5.81860093E-1
989	5.81971422E-1
96	5.83382912E-1
1007	5.8475094E-1
428	5.85439214E-1
836	5.85580058E-1
956	5.85727146E-1
77	5.86823806E-1
474	5.86985971E-1
115	5.88400471E-1
376	5.88589242E-1
882	5.93100351E-1
117	5.93721967E-1
743	5.95182656E-1
260	5.96831378E-1
593	5.97781828E-1
909	5.98510024E-1
213	5.99749018E-1
555	6.02305437E-1
104	6.02688728E-1
8	6.03779618E-1
143	6.03861177E-1
763	6.05356187E-1
594	6.05875661E-1
787	6.058936E-1
275	6.06488339E-1
813	6.06598995E-1
961	6.07886556E-1
922	6.09623909E-1
945	6.09900384E-1
299	6.12674775E-1
122	6.12955956E-1
962	6.13526717E-1
585	6.14195984E-1
745	6.15543423E-1
700	6.15877015E-1
346	6.15924263E-1
870	6.16150823E-1
782	6.16438256E-1
120	6.17096433E-1
779	6.17555482E-1
397	6.18769724E-1
279	6.19018099E-1
354	6.20337815E-1
1010	6.20626563E-1
908	6.20690986E-1
338	6.21743432E-1
98	6.21967321E-1
883	6.2344091E-1
734	6.25895461E-1
840	6.26276096E-1
702	6.264869E-1
1	6.26756348E-1
452	6.27998621E-1
70	6.29665201E-1
45	6.32665458E-1
111	6.33760711E-1
532	6.34593073E-1
643	6.34970837E-1
806	6.36133629E-1
639	6.36340849E-1
466	6.3757761E-1
567	6.38001474E-1
777	6.38514202E-1
747	6.38905523E-1
691	6.39334997E-1
41	6.401689E-1
950	6.40857782E-1
92	6.43169329E-1
686	6.43185259E-1
168	6.43821529E-1
825	6.44299541E-1
826	6.44402493E-1
682	6.44726314E-1
932	6.4504725E-1
388	6.4588711E-1
925	6.48140937E-1
580	6.4891733E-1
591	6.50057212E-1
931	6.50289867E-1
889	6.50578552E-1
13	6.51067364E-1
19	6.53215887E-1
339	6.53331279E-1
274	6.53933276E-1
426	6.56121846E-1
148	6.57724036E-1
695	6.58303991E-1
991	6.5993374E-1
217	6.62551684E-1
611	6.62552249E-1
179	6.65333426E-1
1003	6.65731946E-1
571	6.6600133E-1
759	6.66632976E-1
1011	6.67625713E-1
799	6.69408326E-1
128	6.69815749E-1
842	6.70600384E-1
789	6.71828168E-1
174	6.73471064E-1
473	6.7353345E-1
846	6.78839255E-1
645	6.80225168E-1
239	6.80587615E-1
528	6.82667887E-1
342	6.83876178E-1
320	6.84290172E-1
972	6.84986719E-1
16	6.86157133E-1
75	6.86340605E-1
42	6.8688537E-1
28	6.89263543E-1
197	6.9034403E-1
506	6.91239848E-1
102	6.91834308E-1
187	6.94451945E-1
262	6.95195725E-1
624	6.95739206E-1
370	6.981723E-1
868	6.99762685E-1
676	7.00587803E-1
661	7.03898586E-1
225	7.05102083E-1
650	7.05976539E-1
145	7.06600032E-1
421	7.06964072E-1
862	7.08122916E-1
710	7.09293176E-1
800	7.14547987E-1
997	7.14858456E-1
858	7.16622286E-1
551	7.18566415E-1
621	7.18784755E-1
728	7.20150904E-1
229	7.21804168E-1
916	7.21828558E-1
326	7.21906665E-1
110	7.22597325E-1
129	7.22960196E-1
730	7.23002009E-1
349	7.23673147E-1
378	7.23675485E-1
809	7.25911967E-1
483	7.26468597E-1
445	7.26565791E-1
223	7.27292644E-1
785	7.27489817E-1
767	7.2749406E-1
127	7.2831766E-1
664	7.29958941E-1
387	7.30276565E-1
39	7.31041631E-1
31	7.31080093E-1
285	7.31804755E-1
0	7.31879907E-1
439	7.32209285E-1
865	7.33727486E-1
572	7.34976392E-1
770	7.35642537E-1
911	7.35810536E-1
63	7.36807663E-1
321	7.36990072E-1
209	7.37267352E-1
493	7.39273033E-1
119	7.39306365E-1
200	7.40395135E-1
12	7.40631104E-1
526	7.40870128E-1
819	7.41056365E-1
776	7.44031317E-1
1016	7.44567562E-1
1009	7.45577607E-1
317	7.49085654E-1
375	7.49143638E-1
605	7.50843057E-1
680	7.51871896E-1
761	7.54964428E-1
757	7.56043621E-1
756	7.57723659E-1
442	7.58154492E-1
454	7.58461023E-1
560	7.60427032E-1
563	7.60862678E-1
707	7.61352089E-1
540	7.61419589E-1
589	7.65670474E-1
374	7.66046791E-1
161	7.66709484E-1
978	7.6697692E-1
731	7.68760018E-1
918	7.69454205E-1
106	7.70236852E-1
157	7.7146543E-1
241	7.71897758E-1
559	7.73444758E-1
263	7.75401318E-1
750	7.75402866E-1
579	7.77040756E-1
694	7.77373529E-1
494	7.77722787E-1
623	7.78159374E-1
681	7.78346222E-1
504	7.78372613E-1
212	7.78673231E-1
218	7.78787134E-1
478	7.79253958E-1
495	7.79830534E-1
595	7.80661871E-1
601	7.80711556E-1
126	7.81057646E-1
816	7.83646123E-1
946	7.83935999E-1
201	7.8498954E-1
295	7.85708871E-1
335	7.85803249E-1
245	7.87752936E-1
242	7.88037689E-1
310	7.88320145E-1
277	7.89629961E-1
293	7.9101346E-1
15	7.91472352E-1
768	7.91858956E-1
272	7.92457572E-1
384	7.93692767E-1
561	7.94281365E-1
83	7.95646657E-1
872	7.95685421E-1
86	7.96456913E-1
539	7.97350347E-1
973	7.97689978E-1
287	7.97728917E-1
116	7.97743407E-1
564	7.97822828E-1
835	7.97911857E-1
772	7.97974275E-1
185	7.99160972E-1
838	7.99458682E-1
146	7.99485033E-1
618	7.99525786E-1
9	8.0067533E-1
934	8.00951413E-1
249	8.00957248E-1
608	8.01043836E-1
914	8.01171484E-1
977	8.02187862E-1
204	8.02844464E-1
855	8.04025447E-1
675	8.04949943E-1
606	8.05511393E-1
764	8.0845939E-1
360	8.10338845E-1
724	8.10633174E-1
183	8.12409352E-1
620	8.14281802E-1
130	8.14534691E-1
558	8.16007056E-1
550	8.17159524E-1
244	8.1919859E-1
364	8.19284618E-1
818	8.19337869E-1
807	8.20202802E-1
751	8.20868874E-1
492	8.22076911E-1
952	8.25286205E-1
107	8.2699175E-1
379	8.276841E-1
769	8.28311796E-1
82	8.29063616E-1
328	8.3191397E-1
488	8.33313933E-1
154	8.33606126E-1
859	8.34367759E-1
476	8.34520122E-1
76	8.35407541E-1
188	8.36865564E-1
708	8.3732056E-1
250	8.38354951E-1
202	8.391283E-1
434	8.39315496E-1
35	8.39593907E-1
723	8.39680143E-1
885	8.39887328E-1
496	8.42062145E-1
156	8.42064491E-1
67	8.42729307E-1
992	8.42752714E-1
334	8.44690416E-1
546	8.48055157E-1
791	8.48927081E-1
568	8.50162068E-1
766	8.56332825E-1
619	8.56834618E-1
261	8.56860909E-1
514	8.57206721E-1
415	8.58688067E-1
983	8.58922399E-1
828	8.60681325E-1
575	8.63258788E-1
489	8.64149829E-1
545	8.64412741E-1
703	8.65153746E-1
895	8.67190073E-1
303	8.67461927E-1
502	8.68557228E-1
305	8.69238597E-1
765	8.71116012E-1
878	8.71458362E-1
636	8.7174851E-1
793	8.71834204E-1
863	8.72092866E-1
519	8.72224485E-1
666	8.72582861E-1
874	8.74234812E-1
792	8.74384262E-1
289	8.77074963E-1
465	8.77108652E-1
311	8.78711675E-1
412	8.79876006E-1
205	8.80776257E-1
522	8.82328903E-1
894	8.82334614E-1
583	8.8376383E-1
497	8.83810326E-1
736	8.84741262E-1
689	8.85583393E-1
301	8.86493648E-1
198	8.87102283E-1
690	8.87792317E-1
451	8.90472877E-1
163	8.91752588E-1
208	8.93389787E-1
123	8.95532027E-1
632	8.96211287E-1
215	8.96520752E-1
805	8.98595155E-1
721	8.9938003E-1
596	9.00500755E-1
450	9.02129411E-1
815	9.03450397E-1
238	9.04625072E-1
266	9.07497102E-1
57	9.0896652E-1
500	9.09456302E-1
951	9.09859196E-1
944	9.10661873E-1
191	9.10980872E-1
917	9.14031478E-1
471	9.15131168E-1
468	9.15646265E-1
515	9.15953062E-1
332	9.16651528E-1
460	9.16838925E-1
729	9.17692275E-1
81	9.18230184E-1
795	9.18735781E-1
853	9.18853892E-1
318	9.19081278E-1
508	9.19301177E-1
329	9.19899115E-1
587	9.22358662E-1
58	9.22634712E-1
214	9.24271518E-1
812	9.27114538E-1
73	9.2744224E-1
912	9.28621914E-1
367	9.29147148E-1
395	9.30036226E-1
408	9.31846765E-1
674	9.33260665E-1
286	9.33750025E-1
481	9.34159197E-1
830	9.34318431E-1
748	9.35698665E-1
543	9.38389757E-1
1001	9.43202349E-1
84	9.43314967E-1
269	9.43958468E-1
53	9.45633918E-1
155	9.4727362E-1
302	9.47373229E-1
533	9.47548504E-1
725	9.47571407E-1
798	9.48736474E-1
228	9.54513055E-1
140	9.56171168E-1
851	9.56876556E-1
626	9.58428128E-1
491	9.58718795E-1
531	9.5912012E-1
713	9.59979564E-1
44	9.62056997E-1
254	9.6224183E-1
54	9.62255156E-1
95	9.62633406E-1
755	9.62765482E-1
382	9.63031014E-1
711	9.64721643E-1
820	9.64829994E-1
377	9.65530079E-1
984	9.66234559E-1
56	9.67804992E-1
237	9.68068273E-1
929	9.6866286E-1
737	9.69083296E-1
947	9.69260376E-1
988	9.69779993E-1
899	9.69854785E-1
100	9.69896698E-1
430	9.70879728E-1
490	9.71559898E-1
22	9.71857556E-1
290	9.74833719E-1
66	9.75061377E-1
1005	9.75162485E-1
857	9.75403043E-1
771	9.76167743E-1
553	9.7670767E-1
584	9.76713944E-1
315	9.7721714E-1
598	9.80032112E-1
891	9.80800063E-1
993	9.83760712E-1
132	9.84456429E-1
259	9.8772837E-1
267	9.90139972E-1
521	9.90615516E-1
65	9.92336653E-1
486	9.93000115E-1
936	9.93042302E-1
448	9.93242168E-1
194	9.94841868E-1
371	9.96394455E-1
134	9.97306092E-1
10	9.9872183E-1
410	9.98978866E-1
967	9.99931054E-1
