Name	chi2Pvalue
103	5.49188288E-5
927	7.29387186E-5
313	1.87881657E-3
239	2.1640448E-3
741	4.22153765E-3
924	7.35638071E-3
527	9.57591439E-3
802	1.17278216E-2
730	1.22500158E-2
773	1.33687069E-2
744	1.34710498E-2
438	1.38734365E-2
265	1.5334722E-2
917	1.68115324E-2
661	1.81290008E-2
540	1.83295042E-2
270	1.96848475E-2
698	1.99764915E-2
495	2.09547985E-2
795	2.12007494E-2
535	2.1723185E-2
466	2.32647778E-2
627	2.48565497E-2
792	2.54236622E-2
542	2.62291111E-2
465	2.65248399E-2
663	2.6637819E-2
38	2.78669163E-2
568	3.34077766E-2
827	3.49326689E-2
136	3.54059133E-2
143	3.54992874E-2
502	3.58688838E-2
732	3.72938674E-2
648	3.80344182E-2
922	3.82291208E-2
978	4.00352665E-2
492	4.03507468E-2
56	4.19171418E-2
829	4.19844128E-2
932	4.28986348E-2
217	4.29783956E-2
240	4.38770277E-2
433	4.71967441E-2
392	4.73943468E-2
286	4.84062406E-2
664	4.86925868E-2
589	5.02204744E-2
874	5.06074907E-2
214	5.08209473E-2
818	5.37289762E-2
733	5.38499932E-2
505	5.46994428E-2
828	5.47339256E-2
383	5.51854331E-2
760	5.72027239E-2
48	5.78200677E-2
220	5.83007193E-2
327	5.950082E-2
514	6.11466454E-2
227	6.25017846E-2
667	6.39248943E-2
470	6.52488052E-2
434	6.64778018E-2
888	6.68062386E-2
919	6.70801441E-2
275	6.74888896E-2
761	6.79760754E-2
86	6.82138726E-2
720	7.08125075E-2
832	7.10909599E-2
737	7.26606099E-2
931	7.30698409E-2
690	7.32588559E-2
576	7.48091903E-2
968	7.66406928E-2
200	7.72008638E-2
853	7.83388015E-2
300	7.93606998E-2
621	8.05307329E-2
36	8.1472228E-2
268	8.18349996E-2
709	8.19094577E-2
889	8.29559805E-2
85	8.31489321E-2
92	8.49040637E-2
8	8.67594813E-2
441	8.69743872E-2
910	8.70039908E-2
908	8.95069321E-2
228	9.14996969E-2
376	9.15455254E-2
562	9.32136911E-2
57	9.32348028E-2
671	9.36718451E-2
184	9.44483432E-2
219	9.54073901E-2
585	9.81063366E-2
633	9.89373998E-2
112	9.97852657E-2
900	1.00518456E-1
352	1.01466126E-1
422	1.02146922E-1
97	1.03400968E-1
565	1.04130002E-1
285	1.04552057E-1
362	1.05205646E-1
129	1.05896268E-1
448	1.06872983E-1
797	1.06887219E-1
640	1.08946321E-1
420	1.11987961E-1
307	1.13777374E-1
776	1.13907141E-1
629	1.20245199E-1
859	1.20360339E-1
906	1.20566408E-1
618	1.20808591E-1
839	1.21066296E-1
381	1.22791548E-1
880	1.23439881E-1
559	1.25132304E-1
455	1.25543411E-1
982	1.27881649E-1
163	1.27906266E-1
939	1.28449714E-1
500	1.28635489E-1
364	1.28662869E-1
1016	1.2899189E-1
543	1.30963635E-1
539	1.31662421E-1
274	1.31987602E-1
243	1.33298446E-1
206	1.33553869E-1
806	1.34704971E-1
529	1.3588925E-1
22	1.36500738E-1
688	1.37213187E-1
836	1.38685387E-1
783	1.39849111E-1
334	1.39999032E-1
1009	1.40462856E-1
896	1.41052186E-1
374	1.4225369E-1
936	1.43232489E-1
641	1.43978733E-1
546	1.44821845E-1
816	1.46656417E-1
665	1.46820457E-1
60	1.46836689E-1
711	1.47019241E-1
787	1.47196389E-1
791	1.4746829E-1
351	1.48320845E-1
425	1.48889164E-1
587	1.49604224E-1
400	1.50241979E-1
740	1.51572867E-1
151	1.51855656E-1
807	1.52726394E-1
915	1.54701058E-1
24	1.57019692E-1
516	1.58193182E-1
531	1.59474007E-1
583	1.60614498E-1
639	1.61749287E-1
841	1.64418484E-1
34	1.64504984E-1
355	1.64652519E-1
788	1.64883202E-1
678	1.66291441E-1
148	1.67718868E-1
494	1.67998593E-1
586	1.68875554E-1
869	1.69472429E-1
458	1.69522012E-1
953	1.70676049E-1
454	1.70750211E-1
365	1.70983213E-1
328	1.73022016E-1
716	1.73098175E-1
339	1.80334408E-1
999	1.80789789E-1
241	1.81218831E-1
164	1.81257603E-1
182	1.85944297E-1
755	1.87334051E-1
84	1.88143275E-1
834	1.89649185E-1
573	1.90695647E-1
262	1.91185899E-1
1	1.9178921E-1
304	1.92679211E-1
122	1.92744875E-1
757	1.94008737E-1
772	1.95640594E-1
866	1.95760811E-1
95	1.98808954E-1
782	1.98938421E-1
139	2.00004544E-1
294	2.03027395E-1
656	2.03463389E-1
74	2.0551476E-1
125	2.05639861E-1
823	2.06743842E-1
729	2.07487837E-1
693	2.08785434E-1
314	2.09029875E-1
204	2.10305063E-1
867	2.10337519E-1
17	2.11243583E-1
814	2.12065083E-1
510	2.1465506E-1
469	2.14880684E-1
702	2.14935094E-1
168	2.19806349E-1
457	2.205247E-1
267	2.21524664E-1
324	2.22185789E-1
843	2.23512654E-1
846	2.24000558E-1
958	2.24001729E-1
750	2.24070345E-1
504	2.25141986E-1
363	2.25724795E-1
107	2.26313313E-1
407	2.2814479E-1
622	2.30171407E-1
778	2.30588365E-1
887	2.31257913E-1
278	2.3192804E-1
53	2.32983312E-1
446	2.34355949E-1
76	2.34521772E-1
980	2.36556861E-1
512	2.36725489E-1
21	2.37624705E-1
309	2.38299956E-1
1006	2.38395153E-1
1011	2.38960966E-1
370	2.39206585E-1
115	2.40041548E-1
1010	2.4015117E-1
321	2.40669404E-1
613	2.40762129E-1
467	2.43198247E-1
194	2.45978847E-1
296	2.48458961E-1
534	2.50325553E-1
218	2.51465251E-1
781	2.5252254E-1
997	2.56774377E-1
959	2.59204862E-1
405	2.60556957E-1
844	2.62210693E-1
273	2.62380149E-1
20	2.62463333E-1
442	2.6261045E-1
1005	2.63731052E-1
835	2.66723974E-1
957	2.68148369E-1
899	2.70562747E-1
518	2.71271672E-1
769	2.72725476E-1
636	2.72825289E-1
138	2.73480729E-1
930	2.7524234E-1
745	2.75472364E-1
610	2.77220439E-1
734	2.79446591E-1
403	2.80981446E-1
113	2.81189856E-1
768	2.81622263E-1
995	2.81773303E-1
475	2.82019085E-1
157	2.82434578E-1
444	2.82562576E-1
384	2.82860609E-1
88	2.83810275E-1
552	2.83876493E-1
747	2.84963335E-1
964	2.85464327E-1
279	2.85546758E-1
658	2.85724038E-1
145	2.87921111E-1
825	2.8892909E-1
96	2.89040694E-1
98	2.8910238E-1
301	2.89414755E-1
162	2.89426801E-1
738	2.89539608E-1
969	2.89928476E-1
335	2.90809827E-1
487	2.91761146E-1
532	2.94424394E-1
72	2.94473692E-1
845	2.94638225E-1
89	2.94732835E-1
142	2.96497313E-1
159	2.96613092E-1
971	2.97259809E-1
934	2.97689447E-1
356	3.01291703E-1
509	3.01721275E-1
51	3.02090503E-1
233	3.03165259E-1
132	3.05106829E-1
579	3.05979506E-1
865	3.08541315E-1
61	3.11065334E-1
445	3.1140412E-1
864	3.12055361E-1
753	3.12208915E-1
758	3.14199426E-1
660	3.16057178E-1
401	3.16454466E-1
395	3.18149957E-1
878	3.18789901E-1
254	3.1957669E-1
815	3.2032752E-1
945	3.20415671E-1
179	3.21534534E-1
611	3.24311288E-1
756	3.25349174E-1
488	3.261941E-1
244	3.26346584E-1
752	3.265211E-1
289	3.28999597E-1
295	3.29760541E-1
854	3.30344245E-1
994	3.30347056E-1
944	3.32930162E-1
187	3.34447172E-1
593	3.35137469E-1
393	3.3826565E-1
912	3.39182907E-1
353	3.39326576E-1
9	3.42795386E-1
293	3.43471517E-1
236	3.4612753E-1
833	3.48843669E-1
746	3.49502794E-1
941	3.51060427E-1
453	3.53067864E-1
820	3.53288136E-1
489	3.53343668E-1
378	3.53395295E-1
600	3.53726207E-1
672	3.55020835E-1
551	3.5660312E-1
526	3.57841703E-1
149	3.57864694E-1
497	3.5853505E-1
130	3.59741837E-1
135	3.60210822E-1
657	3.60323517E-1
340	3.62152559E-1
963	3.63196762E-1
987	3.64613469E-1
580	3.65555885E-1
276	3.65633445E-1
116	3.66415926E-1
608	3.67922996E-1
412	3.68452506E-1
347	3.69674721E-1
961	3.69809142E-1
242	3.70814487E-1
426	3.73178701E-1
849	3.7426245E-1
354	3.75594951E-1
54	3.76261896E-1
871	3.76415823E-1
208	3.76440852E-1
581	3.76844664E-1
281	3.77194574E-1
451	3.78716129E-1
904	3.79454554E-1
460	3.79669596E-1
479	3.8056877E-1
443	3.81233096E-1
903	3.8132152E-1
748	3.81948606E-1
951	3.82572818E-1
717	3.83244081E-1
850	3.83465971E-1
736	3.83544238E-1
799	3.85203113E-1
780	3.86300818E-1
46	3.86685897E-1
1004	3.88079192E-1
977	3.90617261E-1
686	3.92851107E-1
423	3.93253777E-1
682	3.93775865E-1
892	3.9492189E-1
358	3.95311301E-1
654	3.96293668E-1
308	3.96588018E-1
429	4.00411581E-1
938	4.00867061E-1
320	4.02648604E-1
838	4.0491624E-1
556	4.05937863E-1
399	4.06240958E-1
653	4.06337375E-1
181	4.08084431E-1
713	4.0896638E-1
564	4.09424084E-1
69	4.09864173E-1
14	4.10067266E-1
697	4.109889E-1
652	4.11629802E-1
662	4.12989359E-1
250	4.1402397E-1
651	4.14348335E-1
178	4.14437201E-1
25	4.14468472E-1
575	4.14738905E-1
245	4.17251904E-1
264	4.18089544E-1
721	4.1851184E-1
695	4.18647341E-1
650	4.19753053E-1
890	4.19835335E-1
506	4.19895785E-1
790	4.23288513E-1
472	4.24156722E-1
298	4.24339935E-1
43	4.24368161E-1
404	4.25493152E-1
538	4.25939429E-1
996	4.26152658E-1
701	4.27304654E-1
897	4.27473689E-1
637	4.27753243E-1
993	4.28784363E-1
169	4.29296273E-1
646	4.29626868E-1
894	4.29731065E-1
541	4.30959689E-1
763	4.31981814E-1
226	4.32622599E-1
822	4.37438824E-1
598	4.37712837E-1
209	4.38255651E-1
513	4.38481599E-1
161	4.40208202E-1
205	4.4122455E-1
192	4.4333559E-1
461	4.43810951E-1
950	4.46128217E-1
166	4.47354118E-1
63	4.49052283E-1
357	4.49468328E-1
767	4.49822333E-1
727	4.54967789E-1
198	4.56035288E-1
937	4.56083106E-1
338	4.56238768E-1
754	4.57919538E-1
574	4.58940491E-1
180	4.59661167E-1
6	4.5982688E-1
719	4.62115834E-1
685	4.62508628E-1
704	4.63050449E-1
547	4.63498525E-1
954	4.6737319E-1
47	4.67478546E-1
154	4.68800264E-1
117	4.68999219E-1
591	4.72216168E-1
882	4.72659869E-1
4	4.73022654E-1
775	4.7369827E-1
348	4.73879663E-1
986	4.74394217E-1
26	4.7487024E-1
152	4.77707581E-1
517	4.78089911E-1
120	4.80404157E-1
943	4.80634859E-1
171	4.81161385E-1
595	4.81417206E-1
680	4.8197483E-1
260	4.82534561E-1
183	4.83278141E-1
694	4.83558269E-1
0	4.83673636E-1
234	4.84552782E-1
868	4.84553838E-1
33	4.84781032E-1
550	4.84788364E-1
39	4.87588454E-1
177	4.89856096E-1
848	4.9029769E-1
394	4.91033437E-1
417	4.91079971E-1
786	4.92172662E-1
762	4.93850628E-1
659	4.95696964E-1
50	4.96363545E-1
79	4.97425576E-1
821	4.97854602E-1
676	4.98360208E-1
852	4.98365827E-1
386	4.99049017E-1
42	4.99448396E-1
691	5.00085021E-1
255	5.00640708E-1
189	5.01599396E-1
519	5.0493861E-1
106	5.04946844E-1
146	5.05091265E-1
785	5.05946399E-1
101	5.06220981E-1
898	5.06472065E-1
272	5.08311221E-1
560	5.10278278E-1
774	5.12976532E-1
375	5.14205328E-1
333	5.14431817E-1
94	5.14743124E-1
796	5.15939444E-1
73	5.16207704E-1
436	5.1661375E-1
883	5.17840168E-1
82	5.18976646E-1
973	5.19275411E-1
731	5.2015725E-1
907	5.20459988E-1
881	5.20622025E-1
207	5.21482274E-1
173	5.21535297E-1
800	5.21557417E-1
647	5.21707387E-1
160	5.21824928E-1
32	5.22115764E-1
956	5.22784953E-1
158	5.26371094E-1
877	5.266355E-1
1017	5.26949637E-1
318	5.28066536E-1
447	5.28286179E-1
891	5.28704598E-1
582	5.30273888E-1
606	5.30622647E-1
27	5.30907712E-1
439	5.35531728E-1
292	5.36106672E-1
668	5.37947545E-1
751	5.38632181E-1
655	5.40525682E-1
45	5.40590947E-1
533	5.41888419E-1
172	5.4237713E-1
1001	5.44422598E-1
212	5.44802277E-1
119	5.44916581E-1
490	5.45542888E-1
689	5.46590335E-1
170	5.47257504E-1
861	5.48062827E-1
329	5.49722327E-1
58	5.52698918E-1
974	5.533934E-1
408	5.53962291E-1
620	5.54894186E-1
367	5.56781973E-1
735	5.56995987E-1
649	5.57309936E-1
419	5.57939463E-1
12	5.60191504E-1
109	5.60253846E-1
642	5.61210643E-1
521	5.6153173E-1
863	5.62069275E-1
377	5.62437309E-1
624	5.63592561E-1
280	5.65911234E-1
66	5.65935038E-1
511	5.66386602E-1
572	5.66691712E-1
397	5.68422698E-1
359	5.68728557E-1
223	5.70140305E-1
856	5.71455237E-1
804	5.71540799E-1
360	5.76725876E-1
946	5.77178918E-1
371	5.77395279E-1
675	5.78154792E-1
929	5.78708569E-1
387	5.79048449E-1
5	5.80424551E-1
456	5.82356823E-1
683	5.82770545E-1
235	5.83059244E-1
548	5.83485101E-1
893	5.83676413E-1
29	5.83875374E-1
196	5.85206018E-1
428	5.86001434E-1
100	5.86390009E-1
288	5.89405101E-1
989	5.90160252E-1
872	5.91357543E-1
718	5.92882618E-1
126	5.92892577E-1
684	5.96964007E-1
991	5.97024744E-1
563	5.97509803E-1
380	5.97560562E-1
480	5.98971693E-1
837	6.00597726E-1
10	6.00843142E-1
609	6.01116166E-1
68	6.01645364E-1
1002	6.0168843E-1
349	6.02112383E-1
284	6.02184834E-1
251	6.02883609E-1
15	6.03292482E-1
485	6.03556524E-1
759	6.04623339E-1
3	6.04716139E-1
885	6.05086399E-1
153	6.05372622E-1
545	6.05672864E-1
248	6.05906443E-1
271	6.0783351E-1
291	6.0875532E-1
373	6.10551639E-1
794	6.10701464E-1
471	6.11044464E-1
1021	6.11885782E-1
238	6.13014271E-1
70	6.13068924E-1
970	6.13302618E-1
102	6.13611732E-1
942	6.14509956E-1
229	6.15615831E-1
831	6.1637522E-1
215	6.1866311E-1
31	6.192757E-1
410	6.1938316E-1
463	6.20019967E-1
522	6.20053596E-1
975	6.20388011E-1
588	6.21337319E-1
597	6.22857429E-1
379	6.23284615E-1
108	6.23380716E-1
965	6.23984234E-1
147	6.24357576E-1
615	6.25465816E-1
884	6.26232003E-1
302	6.2624469E-1
706	6.26502007E-1
811	6.26770422E-1
37	6.26968348E-1
1007	6.27228494E-1
174	6.29610841E-1
631	6.30540418E-1
110	6.323499E-1
114	6.32847815E-1
614	6.34277578E-1
336	6.34370219E-1
191	6.36037862E-1
282	6.36083666E-1
826	6.39137693E-1
290	6.39511543E-1
81	6.41273167E-1
692	6.41588764E-1
569	6.41802978E-1
604	6.43462169E-1
705	6.44157302E-1
137	6.47125879E-1
830	6.47587061E-1
524	6.50237904E-1
851	6.50845242E-1
435	6.51257984E-1
764	6.51432497E-1
952	6.5235951E-1
133	6.53262688E-1
607	6.53318468E-1
127	6.56477786E-1
315	6.5759026E-1
935	6.58605319E-1
976	6.59758128E-1
411	6.59810746E-1
396	6.60121451E-1
855	6.63588242E-1
432	6.63714036E-1
55	6.64401568E-1
696	6.65159059E-1
388	6.66626232E-1
416	6.68635008E-1
319	6.68966478E-1
985	6.69647106E-1
523	6.69681497E-1
643	6.71083893E-1
918	6.72864239E-1
104	6.733807E-1
805	6.73854366E-1
984	6.7454681E-1
940	6.75176875E-1
49	6.75405832E-1
311	6.75632359E-1
666	6.77739597E-1
933	6.79496938E-1
501	6.79976745E-1
819	6.8100892E-1
557	6.81901964E-1
528	6.84989686E-1
188	6.85939261E-1
452	6.88709167E-1
873	6.89809944E-1
801	6.90029148E-1
144	6.90169073E-1
213	6.90564359E-1
430	6.9237253E-1
1008	6.96205542E-1
105	6.96399095E-1
197	6.96999984E-1
175	6.97887212E-1
599	7.0147381E-1
28	7.03822926E-1
59	7.04303118E-1
886	7.04379712E-1
474	7.04872365E-1
992	7.05230154E-1
30	7.06734204E-1
237	7.06861146E-1
203	7.12103025E-1
496	7.12841689E-1
478	7.13173888E-1
2	7.16317231E-1
261	7.16922399E-1
905	7.17343314E-1
714	7.17749284E-1
972	7.18406064E-1
635	7.18528943E-1
344	7.18689081E-1
990	7.22340602E-1
966	7.23591821E-1
230	7.24267652E-1
592	7.25589251E-1
870	7.26288987E-1
210	7.27559055E-1
955	7.30150133E-1
923	7.30931474E-1
909	7.32332417E-1
464	7.34634889E-1
567	7.35438453E-1
249	7.36746005E-1
808	7.38666908E-1
625	7.40146875E-1
185	7.40236505E-1
481	7.40369474E-1
247	7.41561002E-1
431	7.41765293E-1
269	7.43206805E-1
677	7.43422137E-1
981	7.47448361E-1
632	7.47735699E-1
418	7.47844028E-1
345	7.4840256E-1
140	7.48833728E-1
201	7.50147378E-1
916	7.50400551E-1
222	7.51525448E-1
165	7.52083533E-1
530	7.52896764E-1
1003	7.53412847E-1
571	7.54297553E-1
195	7.5739141E-1
75	7.58427413E-1
948	7.5879058E-1
391	7.59917103E-1
473	7.63685588E-1
962	7.6483138E-1
23	7.6583801E-1
842	7.68178023E-1
486	7.69048846E-1
385	7.6908184E-1
266	7.7009387E-1
634	7.70758142E-1
779	7.71060886E-1
626	7.7112506E-1
389	7.71951808E-1
35	7.7208737E-1
141	7.73221977E-1
803	7.76300275E-1
857	7.77736603E-1
118	7.78278251E-1
325	7.78794151E-1
979	7.79925627E-1
670	7.80877074E-1
341	7.81474711E-1
771	7.82678604E-1
840	7.82864083E-1
131	7.84249594E-1
926	7.84267635E-1
708	7.84982385E-1
231	7.88775588E-1
491	7.90955766E-1
710	7.91135416E-1
225	7.91699333E-1
476	7.91883658E-1
947	7.92932239E-1
221	7.96789179E-1
679	7.9749509E-1
594	7.98112535E-1
312	7.99364412E-1
777	8.00048745E-1
724	8.00881264E-1
723	8.00909655E-1
450	8.01076038E-1
322	8.01483397E-1
895	8.03263646E-1
728	8.03550089E-1
810	8.03769963E-1
700	8.04296955E-1
167	8.05389005E-1
967	8.09326711E-1
498	8.11224149E-1
150	8.11478274E-1
409	8.13913471E-1
346	8.16732625E-1
612	8.18078186E-1
361	8.19138389E-1
1012	8.20597309E-1
40	8.21649659E-1
330	8.22160456E-1
287	8.23369418E-1
16	8.25750091E-1
256	8.26341267E-1
875	8.26909395E-1
507	8.28727811E-1
876	8.29072982E-1
566	8.30173681E-1
602	8.3100247E-1
449	8.33309218E-1
62	8.34094308E-1
765	8.34361334E-1
824	8.3536332E-1
703	8.39085853E-1
630	8.39247896E-1
64	8.41105403E-1
343	8.42806385E-1
326	8.42880096E-1
681	8.44359032E-1
123	8.44946017E-1
19	8.45959592E-1
601	8.46668118E-1
299	8.46947167E-1
1019	8.48016683E-1
232	8.4827889E-1
983	8.49330066E-1
382	8.5088703E-1
11	8.51590365E-1
323	8.53917459E-1
468	8.54123573E-1
722	8.55210924E-1
87	8.56814456E-1
402	8.57383612E-1
7	8.5877968E-1
190	8.5882167E-1
570	8.59521984E-1
484	8.60998763E-1
90	8.6192096E-1
520	8.62246229E-1
246	8.62653268E-1
424	8.62750325E-1
554	8.62968661E-1
71	8.659445E-1
252	8.66553431E-1
605	8.6675071E-1
199	8.68018388E-1
202	8.68168421E-1
901	8.68213336E-1
499	8.69396036E-1
366	8.7046358E-1
297	8.73347671E-1
913	8.74199481E-1
742	8.74672808E-1
515	8.76289717E-1
669	8.77192311E-1
342	8.77214662E-1
902	8.79615399E-1
277	8.80206633E-1
1018	8.80543171E-1
462	8.82886143E-1
413	8.83416041E-1
406	8.83973489E-1
224	8.87877381E-1
1022	8.9030698E-1
925	8.90761525E-1
331	8.91409896E-1
699	8.91851826E-1
949	8.93230346E-1
743	8.93543053E-1
83	8.94607027E-1
18	8.98955369E-1
860	9.00205416E-1
257	9.00215417E-1
617	9.01349865E-1
809	9.01536619E-1
477	9.01683144E-1
310	9.01747371E-1
508	9.02022397E-1
186	9.02763384E-1
368	9.03390434E-1
44	9.03563318E-1
921	9.04687085E-1
263	9.06006313E-1
306	9.06084618E-1
134	9.06967119E-1
789	9.0830647E-1
316	9.09159913E-1
558	9.09958739E-1
712	9.10543805E-1
124	9.10917763E-1
862	9.13270595E-1
858	9.13476842E-1
305	9.14943511E-1
459	9.16073093E-1
67	9.16831473E-1
421	9.18084965E-1
813	9.18399354E-1
577	9.19208853E-1
259	9.21914879E-1
603	9.2224097E-1
303	9.22387472E-1
77	9.23030237E-1
155	9.2424417E-1
440	9.24527344E-1
332	9.24585448E-1
1015	9.25239216E-1
998	9.25824819E-1
91	9.26430287E-1
41	9.27742991E-1
128	9.27940199E-1
673	9.28054645E-1
793	9.30467807E-1
847	9.30495802E-1
817	9.30926948E-1
415	9.31671264E-1
13	9.3173946E-1
623	9.3181218E-1
78	9.32107862E-1
80	9.35393195E-1
687	9.35645258E-1
350	9.36336033E-1
739	9.36396572E-1
525	9.37051822E-1
879	9.37458886E-1
645	9.41114693E-1
715	9.41486625E-1
578	9.42534532E-1
914	9.43381914E-1
253	9.43420845E-1
65	9.44507077E-1
398	9.44630502E-1
536	9.460791E-1
584	9.46276542E-1
482	9.47347936E-1
726	9.49338811E-1
628	9.51122073E-1
555	9.51462343E-1
616	9.52925208E-1
553	9.53617902E-1
561	9.54169756E-1
1013	9.55439129E-1
544	9.55745504E-1
1023	9.56036647E-1
52	9.56646304E-1
483	9.58374387E-1
317	9.59970539E-1
812	9.61070699E-1
211	9.61348438E-1
770	9.62074243E-1
784	9.63302647E-1
437	9.63719264E-1
674	9.63787505E-1
537	9.63851717E-1
638	9.65040865E-1
960	9.65471976E-1
749	9.6555912E-1
503	9.66046571E-1
911	9.67010452E-1
337	9.67652962E-1
619	9.67684606E-1
596	9.67825414E-1
427	9.6897138E-1
390	9.70037808E-1
988	9.72026352E-1
1000	9.72101694E-1
493	9.73296044E-1
707	9.73500549E-1
121	9.75146129E-1
258	9.76749585E-1
93	9.78308411E-1
414	9.79087787E-1
372	9.7945011E-1
99	9.81847261E-1
176	9.82086018E-1
928	9.85076684E-1
156	9.85917034E-1
725	9.86832711E-1
766	9.87873749E-1
216	9.88407066E-1
549	9.88779901E-1
193	9.89047824E-1
1020	9.91132801E-1
111	9.92240321E-1
644	9.92757106E-1
1014	9.96413069E-1
798	9.99951388E-1
