Name	chi2Pvalue
176	1.38244599E-4
111	6.45508492E-4
664	1.12066426E-3
220	1.15254538E-3
245	1.41107534E-3
68	2.73225468E-3
20	2.92988994E-3
882	3.26459049E-3
747	4.03326551E-3
16	4.14688526E-3
391	4.46944405E-3
729	5.75292903E-3
378	6.5621697E-3
591	7.18650724E-3
669	9.06468849E-3
646	9.1589186E-3
103	1.15145202E-2
563	1.44639017E-2
144	1.53282259E-2
475	1.80441005E-2
782	1.83455703E-2
328	1.85400359E-2
613	2.0588166E-2
432	2.07599875E-2
649	2.11197043E-2
734	2.28624597E-2
24	2.29957559E-2
153	2.35213495E-2
860	2.37250865E-2
382	2.41154128E-2
765	2.44476761E-2
958	2.49405344E-2
545	2.68035983E-2
314	2.78427937E-2
424	2.83360494E-2
94	3.0021812E-2
481	3.09113151E-2
494	3.11313721E-2
909	3.14505758E-2
772	3.201553E-2
774	3.31099857E-2
107	3.33376151E-2
333	3.36009468E-2
575	3.36881562E-2
192	3.40177592E-2
41	3.58533343E-2
723	3.90013527E-2
417	3.96125754E-2
737	3.97218891E-2
722	3.97895557E-2
981	3.98532563E-2
118	3.98650065E-2
210	4.10459821E-2
202	4.20819168E-2
584	4.25337718E-2
753	4.30008946E-2
937	4.3780007E-2
776	4.40014392E-2
781	4.40432388E-2
98	4.4044148E-2
104	4.5438779E-2
294	4.55607317E-2
93	4.56503879E-2
633	4.57950328E-2
171	4.65940292E-2
588	4.73984048E-2
861	4.75527595E-2
12	4.84094195E-2
215	4.86816241E-2
993	4.87822683E-2
305	5.09572061E-2
467	5.13456407E-2
596	5.31875818E-2
443	5.50541321E-2
269	5.63413965E-2
1013	5.80015784E-2
599	5.92029906E-2
685	5.98563843E-2
852	6.03885736E-2
156	6.06834704E-2
778	6.21903845E-2
809	6.31231507E-2
209	6.4366815E-2
248	6.98563122E-2
62	7.00298689E-2
813	7.23538023E-2
395	7.4213304E-2
657	7.42394444E-2
201	7.4406866E-2
214	7.55019511E-2
783	7.69510894E-2
423	7.70724939E-2
559	7.72001356E-2
715	7.8586311E-2
0	8.12160471E-2
238	8.19135581E-2
270	8.24588593E-2
407	8.27406569E-2
777	8.31647008E-2
792	8.45571389E-2
709	8.48769824E-2
628	8.51783795E-2
400	8.67251433E-2
276	8.72044216E-2
463	8.73191137E-2
476	8.79866152E-2
339	8.87678461E-2
177	8.89627495E-2
883	9.10926755E-2
364	9.17272887E-2
399	9.28528282E-2
629	9.36577379E-2
1023	9.57963439E-2
1019	9.74951898E-2
326	9.75693149E-2
55	9.80530483E-2
740	9.90498126E-2
1	1.00021408E-1
893	1.00404214E-1
188	1.0192406E-1
595	1.04348012E-1
849	1.04589663E-1
300	1.07370046E-1
140	1.07804646E-1
925	1.08266544E-1
677	1.08723692E-1
661	1.09159159E-1
493	1.09455218E-1
672	1.11162887E-1
129	1.12369751E-1
359	1.12443272E-1
327	1.12732873E-1
260	1.13215762E-1
700	1.14160473E-1
826	1.2202404E-1
889	1.28221937E-1
567	1.28402537E-1
100	1.28672122E-1
307	1.2947327E-1
445	1.30147398E-1
522	1.30208945E-1
308	1.30371537E-1
957	1.3086722E-1
812	1.32438608E-1
945	1.33703596E-1
735	1.34655023E-1
410	1.35631746E-1
409	1.36054007E-1
239	1.3690786E-1
955	1.39810915E-1
544	1.40235946E-1
658	1.42721359E-1
335	1.45670642E-1
890	1.46297554E-1
897	1.46573649E-1
206	1.47340414E-1
833	1.49300964E-1
651	1.49451416E-1
501	1.50221343E-1
306	1.51183918E-1
459	1.53212753E-1
301	1.55925596E-1
63	1.57399358E-1
268	1.58393623E-1
208	1.60241137E-1
951	1.61328372E-1
9	1.61478442E-1
899	1.61550899E-1
234	1.6200326E-1
912	1.64300027E-1
196	1.65321038E-1
22	1.66203738E-1
185	1.66689293E-1
397	1.69437019E-1
389	1.71271639E-1
533	1.73916446E-1
779	1.75568154E-1
461	1.75849057E-1
236	1.75871185E-1
701	1.75882035E-1
485	1.75982642E-1
500	1.7604056E-1
636	1.76930134E-1
1022	1.77006186E-1
472	1.78841485E-1
83	1.80160293E-1
354	1.80506417E-1
673	1.82439169E-1
115	1.82735182E-1
755	1.83420049E-1
688	1.83900989E-1
560	1.86314828E-1
97	1.87423119E-1
986	1.88138481E-1
997	1.88418873E-1
415	1.90229385E-1
230	1.90603464E-1
799	1.90854062E-1
616	1.91599849E-1
878	1.91646162E-1
313	1.92801848E-1
505	1.9373249E-1
702	1.95702905E-1
262	1.96196024E-1
848	1.96255597E-1
884	1.96841371E-1
183	1.98996786E-1
725	2.00954521E-1
1010	2.04350956E-1
900	2.06016678E-1
265	2.06456118E-1
887	2.06704057E-1
744	2.07161543E-1
802	2.07497531E-1
956	2.08538386E-1
959	2.09837494E-1
840	2.09914193E-1
437	2.10215492E-1
235	2.11827421E-1
689	2.11989493E-1
850	2.12202167E-1
552	2.17534804E-1
91	2.18115589E-1
517	2.18651183E-1
149	2.22796483E-1
998	2.22876922E-1
465	2.22895905E-1
368	2.23452452E-1
47	2.24943674E-1
173	2.25824696E-1
881	2.26685838E-1
847	2.27153052E-1
128	2.27726948E-1
936	2.29905174E-1
337	2.30263304E-1
454	2.33935351E-1
211	2.35056212E-1
317	2.3527705E-1
927	2.36501022E-1
520	2.37513866E-1
794	2.37715351E-1
537	2.37982679E-1
124	2.38981707E-1
406	2.40073564E-1
113	2.4089617E-1
828	2.42586901E-1
635	2.4359894E-1
261	2.4460677E-1
186	2.44861921E-1
58	2.45674552E-1
748	2.4699596E-1
539	2.49072573E-1
14	2.50792429E-1
553	2.52439247E-1
469	2.52993026E-1
719	2.54942768E-1
825	2.55204003E-1
357	2.55213488E-1
137	2.55802081E-1
162	2.56465148E-1
388	2.59309204E-1
429	2.61203058E-1
296	2.61785725E-1
547	2.62046567E-1
527	2.63614395E-1
346	2.64640601E-1
989	2.65798113E-1
447	2.66498007E-1
1021	2.67756296E-1
614	2.67919152E-1
875	2.68798755E-1
30	2.69692746E-1
592	2.71696553E-1
2	2.71765333E-1
670	2.75174023E-1
358	2.76072846E-1
791	2.76574901E-1
919	2.7661999E-1
620	2.77496585E-1
324	2.77805337E-1
607	2.78088082E-1
106	2.78353502E-1
913	2.78452014E-1
617	2.80271795E-1
623	2.82276646E-1
557	2.82693238E-1
71	2.82703739E-1
707	2.8296556E-1
879	2.84781109E-1
168	2.84878613E-1
896	2.87832823E-1
604	2.88145206E-1
264	2.88942095E-1
452	2.90259018E-1
99	2.90366436E-1
1018	2.90647843E-1
666	2.91238755E-1
134	2.92161806E-1
907	2.92178156E-1
731	2.92513484E-1
11	2.92820537E-1
17	2.93626791E-1
713	2.95820805E-1
85	2.96249206E-1
86	2.96439832E-1
570	2.9774298E-1
528	2.99254664E-1
434	2.9962949E-1
253	3.00257262E-1
331	3.00354247E-1
243	3.04764977E-1
994	3.05240142E-1
837	3.05622026E-1
84	3.06679612E-1
929	3.09768604E-1
59	3.11488942E-1
915	3.12110241E-1
705	3.12491987E-1
531	3.12499731E-1
442	3.1263808E-1
370	3.13134463E-1
703	3.13744528E-1
953	3.16231796E-1
540	3.16981103E-1
271	3.19829106E-1
954	3.20032347E-1
962	3.23510515E-1
342	3.24360305E-1
836	3.26628192E-1
980	3.26646385E-1
853	3.275328E-1
969	3.2831523E-1
385	3.28623417E-1
349	3.28865822E-1
917	3.29219834E-1
161	3.30926102E-1
1004	3.32030898E-1
117	3.3439039E-1
396	3.36214789E-1
141	3.37015341E-1
303	3.37446773E-1
690	3.38572944E-1
293	3.40342887E-1
453	3.40748965E-1
486	3.41381208E-1
787	3.42115414E-1
838	3.42368072E-1
64	3.43069547E-1
145	3.44208922E-1
1008	3.44809417E-1
696	3.4573276E-1
514	3.4607201E-1
430	3.47951489E-1
363	3.48267431E-1
935	3.48788189E-1
555	3.49715243E-1
618	3.50316191E-1
656	3.50444853E-1
217	3.50528419E-1
660	3.50778214E-1
845	3.51217135E-1
824	3.51615486E-1
386	3.51878108E-1
610	3.52370155E-1
108	3.52851018E-1
180	3.53276723E-1
8	3.5327698E-1
888	3.5517582E-1
477	3.55874945E-1
200	3.56524621E-1
786	3.57152184E-1
983	3.58280912E-1
471	3.59842342E-1
543	3.61173046E-1
312	3.62340934E-1
21	3.62708989E-1
222	3.64255794E-1
502	3.65033641E-1
13	3.6514027E-1
916	3.69084735E-1
674	3.69190569E-1
697	3.6982665E-1
54	3.71332234E-1
579	3.71841763E-1
922	3.7215022E-1
762	3.73858989E-1
435	3.76618858E-1
950	3.76657977E-1
340	3.77427641E-1
807	3.77573575E-1
338	3.77911861E-1
757	3.78025473E-1
309	3.78197653E-1
582	3.79155436E-1
42	3.79920724E-1
655	3.80451558E-1
597	3.82878049E-1
918	3.85866249E-1
761	3.86022219E-1
284	3.86077913E-1
863	3.88643292E-1
204	3.88737001E-1
727	3.89337623E-1
606	3.90574967E-1
495	3.90885286E-1
404	3.90980398E-1
817	3.92680463E-1
546	3.93113011E-1
323	3.94927222E-1
425	3.95254546E-1
482	3.95569465E-1
561	3.96623277E-1
348	3.99715077E-1
898	4.00100363E-1
695	4.00434451E-1
819	4.03521995E-1
586	4.03673898E-1
516	4.03752693E-1
904	4.04105175E-1
29	4.05125791E-1
746	4.06550883E-1
353	4.07256951E-1
911	4.09550131E-1
686	4.09576345E-1
152	4.09742135E-1
569	4.11559069E-1
880	4.12783492E-1
278	4.14954518E-1
109	4.14984391E-1
851	4.15045972E-1
462	4.16198987E-1
263	4.17309592E-1
412	4.17354527E-1
1005	4.1798887E-1
401	4.19538162E-1
751	4.20567955E-1
843	4.22436611E-1
963	4.24709559E-1
182	4.26766259E-1
865	4.27147803E-1
416	4.27501503E-1
393	4.28489809E-1
820	4.31532242E-1
274	4.33235638E-1
155	4.34562484E-1
754	4.35579072E-1
334	4.35587019E-1
146	4.37168034E-1
530	4.37363993E-1
710	4.4048682E-1
767	4.42715625E-1
371	4.43747455E-1
70	4.45278983E-1
398	4.46833332E-1
663	4.47015073E-1
659	4.5449726E-1
873	4.54999936E-1
798	4.55238325E-1
48	4.55833369E-1
625	4.58511795E-1
250	4.58733899E-1
970	4.5878868E-1
80	4.59086441E-1
191	4.59220937E-1
73	4.59457247E-1
226	4.60988829E-1
184	4.61192386E-1
805	4.61865122E-1
167	4.64365872E-1
474	4.66000521E-1
419	4.66368314E-1
854	4.67996166E-1
1011	4.68301478E-1
947	4.69975685E-1
788	4.70079262E-1
637	4.70159612E-1
644	4.74852584E-1
634	4.75099433E-1
793	4.75143817E-1
536	4.76881909E-1
102	4.79161625E-1
318	4.81000979E-1
413	4.8144644E-1
602	4.81644049E-1
490	4.82225073E-1
975	4.82332975E-1
568	4.82427076E-1
895	4.82466286E-1
839	4.8329833E-1
212	4.84283061E-1
749	4.86579835E-1
766	4.87114734E-1
56	4.89693348E-1
535	4.90070397E-1
433	4.90763751E-1
139	4.91478228E-1
246	4.92095116E-1
524	4.92218529E-1
38	4.94979715E-1
92	4.97771823E-1
742	4.99691674E-1
615	5.00564785E-1
743	5.01239707E-1
158	5.03101111E-1
992	5.03270325E-1
589	5.03455219E-1
577	5.04745446E-1
639	5.04759299E-1
966	5.04762156E-1
374	5.05449417E-1
1000	5.05449502E-1
692	5.05939101E-1
95	5.06554799E-1
198	5.08045972E-1
257	5.08473286E-1
638	5.08581463E-1
551	5.10024678E-1
33	5.12600884E-1
449	5.13121902E-1
195	5.14113074E-1
142	5.15485126E-1
906	5.19360163E-1
291	5.20877696E-1
131	5.21052709E-1
414	5.2197691E-1
224	5.22305505E-1
619	5.23080663E-1
759	5.23172672E-1
169	5.23395877E-1
159	5.23898717E-1
365	5.24495553E-1
733	5.26846498E-1
775	5.29293797E-1
801	5.30318021E-1
726	5.31477544E-1
320	5.32545429E-1
480	5.33254647E-1
72	5.35160115E-1
356	5.35267335E-1
876	5.35385131E-1
603	5.35472356E-1
123	5.37721067E-1
821	5.40372671E-1
32	5.41776349E-1
631	5.42180852E-1
894	5.44106851E-1
1020	5.45692469E-1
624	5.47019316E-1
362	5.47783138E-1
150	5.4959967E-1
857	5.49630383E-1
645	5.49814282E-1
258	5.50230286E-1
693	5.50524717E-1
515	5.5153035E-1
282	5.51854518E-1
769	5.52091646E-1
611	5.5295997E-1
148	5.55071956E-1
717	5.5507682E-1
648	5.56925657E-1
189	5.57470935E-1
319	5.57504522E-1
842	5.5834936E-1
3	5.58920158E-1
944	5.59495699E-1
687	5.60031243E-1
408	5.609788E-1
578	5.62999787E-1
1007	5.63842494E-1
691	5.63925306E-1
683	5.64558456E-1
831	5.65175607E-1
609	5.67702722E-1
797	5.6982087E-1
499	5.70062781E-1
556	5.72210831E-1
279	5.72462705E-1
285	5.7318357E-1
440	5.73744324E-1
732	5.74087225E-1
622	5.74959446E-1
60	5.75046956E-1
576	5.75526642E-1
738	5.75551286E-1
297	5.76823938E-1
112	5.7691386E-1
203	5.78211263E-1
771	5.79478863E-1
4	5.80092575E-1
780	5.80441439E-1
322	5.80898163E-1
752	5.81003292E-1
549	5.81005117E-1
682	5.81274729E-1
910	5.82362188E-1
316	5.82558454E-1
525	5.83873189E-1
711	5.86366824E-1
859	5.8685454E-1
652	5.87549731E-1
199	5.87642235E-1
96	5.88347815E-1
81	5.88916641E-1
979	5.90854196E-1
512	5.91037154E-1
332	5.91568831E-1
28	5.93876096E-1
721	5.94689011E-1
240	5.94907283E-1
534	5.95485309E-1
621	5.96227659E-1
52	6.01440609E-1
803	6.0299026E-1
266	6.03172295E-1
114	6.04960299E-1
23	6.05076158E-1
675	6.05797053E-1
237	6.06156561E-1
999	6.07467328E-1
538	6.08318974E-1
967	6.08644374E-1
933	6.09985274E-1
88	6.11822648E-1
350	6.13400843E-1
600	6.13453957E-1
684	6.16258661E-1
367	6.170406E-1
302	6.18606091E-1
57	6.18611371E-1
372	6.19041573E-1
548	6.19276823E-1
82	6.1953522E-1
773	6.19907805E-1
455	6.20238451E-1
77	6.2107257E-1
626	6.21158515E-1
864	6.21255056E-1
829	6.21301744E-1
227	6.21474588E-1
298	6.22107447E-1
704	6.23472404E-1
728	6.25187887E-1
219	6.2549796E-1
166	6.26820453E-1
287	6.29727047E-1
321	6.29964586E-1
15	6.30124341E-1
583	6.30787845E-1
487	6.31822011E-1
1002	6.32047315E-1
402	6.32198978E-1
87	6.34161479E-1
154	6.34870927E-1
384	6.36099883E-1
529	6.3831134E-1
924	6.40240744E-1
254	6.41776327E-1
987	6.42006614E-1
289	6.4444609E-1
564	6.44810735E-1
207	6.48533976E-1
973	6.51169816E-1
523	6.52283629E-1
1015	6.53400622E-1
69	6.53452838E-1
858	6.53630482E-1
127	6.5501555E-1
213	6.57124553E-1
827	6.57340325E-1
756	6.5762913E-1
460	6.6115279E-1
806	6.62133612E-1
518	6.62703453E-1
866	6.63016814E-1
110	6.63143159E-1
392	6.64213518E-1
1001	6.65126414E-1
984	6.65872498E-1
373	6.66992077E-1
170	6.679515E-1
506	6.68867695E-1
473	6.69305677E-1
74	6.73209271E-1
304	6.74427103E-1
511	6.75173397E-1
181	6.75962539E-1
422	6.76696454E-1
736	6.77260434E-1
450	6.77915331E-1
380	6.78990029E-1
1012	6.79100062E-1
147	6.79729234E-1
366	6.81710434E-1
377	6.83453478E-1
971	6.83938172E-1
941	6.85009532E-1
34	6.8504499E-1
242	6.85754622E-1
874	6.85881068E-1
281	6.86292039E-1
280	6.86714759E-1
178	6.86740274E-1
654	6.87680761E-1
498	6.88140141E-1
972	6.88867118E-1
750	6.90368034E-1
571	6.9146699E-1
125	6.91759144E-1
458	6.95220901E-1
905	6.96458923E-1
949	6.97626998E-1
479	6.97691022E-1
122	6.98873026E-1
468	7.02037333E-1
868	7.02366164E-1
844	7.02456523E-1
492	7.03298462E-1
676	7.0335408E-1
49	7.03761002E-1
541	7.0491087E-1
496	7.06330355E-1
394	7.07329555E-1
856	7.07729421E-1
681	7.0902686E-1
45	7.09072989E-1
194	7.09619325E-1
608	7.10081616E-1
351	7.11782495E-1
835	7.16610211E-1
418	7.16876575E-1
175	7.18422677E-1
977	7.18547376E-1
292	7.19164358E-1
716	7.19239215E-1
573	7.19347285E-1
554	7.22247363E-1
699	7.22837408E-1
507	7.24137005E-1
892	7.24435683E-1
329	7.25368438E-1
694	7.26289133E-1
572	7.26590191E-1
823	7.26706842E-1
741	7.28918669E-1
814	7.31380554E-1
426	7.33928682E-1
256	7.36086306E-1
581	7.38486903E-1
90	7.38595197E-1
179	7.38671848E-1
119	7.40451864E-1
427	7.40820393E-1
811	7.41451284E-1
251	7.43229075E-1
138	7.44902766E-1
345	7.45750305E-1
252	7.48990745E-1
135	7.49790298E-1
172	7.50308492E-1
277	7.50985972E-1
928	7.54315273E-1
891	7.57460263E-1
931	7.58212743E-1
745	7.58545241E-1
221	7.59065871E-1
160	7.59625266E-1
653	7.59633829E-1
855	7.60189145E-1
598	7.62605881E-1
642	7.62926486E-1
605	7.64076772E-1
151	7.6531678E-1
526	7.66416959E-1
343	7.6703462E-1
784	7.67512096E-1
43	7.6760115E-1
193	7.68017471E-1
249	7.683083E-1
923	7.69593962E-1
632	7.69896909E-1
650	7.7014741E-1
562	7.75213704E-1
157	7.7569625E-1
730	7.75980206E-1
438	7.75996533E-1
815	7.77558151E-1
763	7.77837797E-1
930	7.79378939E-1
121	7.80317852E-1
760	7.80668363E-1
946	7.80888976E-1
1006	7.82140986E-1
739	7.8494576E-1
229	7.85963974E-1
768	7.87373558E-1
464	7.87542408E-1
903	7.87762941E-1
18	7.88716186E-1
497	7.89078867E-1
361	7.90197304E-1
914	7.90377584E-1
974	7.906696E-1
964	7.90686003E-1
216	7.91161969E-1
223	7.92209119E-1
630	7.94345318E-1
431	7.94838507E-1
834	7.95384703E-1
816	7.97181466E-1
976	7.98318276E-1
51	8.01495029E-1
867	8.02244432E-1
978	8.02731352E-1
311	8.03392116E-1
387	8.03647054E-1
78	8.03774547E-1
7	8.0487297E-1
67	8.0574133E-1
968	8.06097833E-1
491	8.07333244E-1
105	8.07417932E-1
640	8.09457373E-1
174	8.09965531E-1
988	8.10242482E-1
225	8.10391247E-1
247	8.10532175E-1
1014	8.10752688E-1
785	8.10849663E-1
231	8.11028817E-1
830	8.12377289E-1
381	8.14602202E-1
136	8.15215896E-1
982	8.17307529E-1
942	8.17976988E-1
720	8.18156649E-1
1009	8.1973821E-1
360	8.20154378E-1
940	8.20420428E-1
10	8.22866405E-1
594	8.23471694E-1
383	8.23836702E-1
869	8.24502274E-1
1016	8.24699044E-1
259	8.24765869E-1
444	8.26568033E-1
939	8.27972383E-1
233	8.28573461E-1
647	8.28731236E-1
232	8.30117053E-1
758	8.31081515E-1
877	8.32092372E-1
818	8.32473598E-1
35	8.3280299E-1
187	8.33744401E-1
405	8.3441714E-1
796	8.35906897E-1
272	8.40349112E-1
456	8.41136237E-1
439	8.4119913E-1
310	8.41342805E-1
870	8.41357151E-1
295	8.41534633E-1
31	8.42350778E-1
513	8.43366131E-1
841	8.4463013E-1
347	8.45217881E-1
871	8.45390343E-1
667	8.47343768E-1
509	8.47670557E-1
66	8.47938627E-1
255	8.49763993E-1
315	8.50517361E-1
678	8.50913395E-1
902	8.51073032E-1
932	8.51244032E-1
846	8.52143619E-1
143	8.54033442E-1
457	8.54369646E-1
804	8.54432231E-1
37	8.55459688E-1
288	8.55690355E-1
960	8.58169546E-1
643	8.60176899E-1
952	8.63275383E-1
53	8.6366127E-1
558	8.64207913E-1
790	8.64407867E-1
488	8.64556277E-1
995	8.69313814E-1
489	8.70881662E-1
101	8.71875693E-1
330	8.72925746E-1
680	8.73619866E-1
484	8.74895782E-1
662	8.74961505E-1
938	8.75372941E-1
587	8.7673868E-1
789	8.77574662E-1
822	8.77915965E-1
901	8.78784642E-1
290	8.79249763E-1
990	8.79387567E-1
712	8.80178406E-1
872	8.82959996E-1
832	8.84324296E-1
375	8.84537379E-1
61	8.84640282E-1
961	8.86517729E-1
504	8.87995916E-1
612	8.88350027E-1
718	8.88720174E-1
641	8.89836387E-1
671	8.92787732E-1
985	8.94417077E-1
40	8.94587579E-1
286	8.94723215E-1
808	8.94981404E-1
120	8.97540759E-1
795	8.97621299E-1
6	8.97723068E-1
934	8.99311458E-1
566	9.02404776E-1
275	9.05220617E-1
601	9.05260108E-1
244	9.05324504E-1
665	9.05638432E-1
965	9.06973622E-1
36	9.07521359E-1
943	9.08098002E-1
341	9.08192777E-1
580	9.08797564E-1
466	9.09517534E-1
714	9.10615294E-1
1017	9.10647182E-1
50	9.11098906E-1
446	9.12382839E-1
585	9.13740145E-1
205	9.16605704E-1
1003	9.16916436E-1
190	9.17011883E-1
508	9.17309913E-1
503	9.18124952E-1
862	9.20088285E-1
130	9.23002161E-1
706	9.26254884E-1
627	9.28431536E-1
76	9.28890145E-1
764	9.29573361E-1
510	9.30110852E-1
926	9.30669292E-1
65	9.31020624E-1
390	9.31105803E-1
996	9.3231226E-1
593	9.32659223E-1
574	9.32860099E-1
89	9.33821612E-1
27	9.34119943E-1
698	9.34900772E-1
26	9.35203394E-1
352	9.35514521E-1
344	9.36190023E-1
668	9.40585061E-1
336	9.4094284E-1
19	9.4312232E-1
428	9.44648606E-1
550	9.45128043E-1
164	9.45814026E-1
448	9.46417485E-1
519	9.46898055E-1
228	9.47636966E-1
470	9.49390527E-1
267	9.49420662E-1
116	9.49761264E-1
273	9.51223228E-1
355	9.5145038E-1
708	9.51748086E-1
5	9.52722687E-1
532	9.53389273E-1
241	9.53733944E-1
451	9.59061037E-1
800	9.61892717E-1
25	9.62958941E-1
79	9.63193782E-1
376	9.63501144E-1
197	9.63966877E-1
126	9.683485E-1
886	9.68421135E-1
679	9.68484263E-1
542	9.70093541E-1
991	9.70388393E-1
421	9.71583174E-1
483	9.71987673E-1
39	9.74043341E-1
403	9.74400791E-1
411	9.75528642E-1
908	9.75788688E-1
441	9.77492883E-1
379	9.77841704E-1
521	9.77893199E-1
133	9.7839025E-1
565	9.78424687E-1
325	9.79744237E-1
436	9.80361671E-1
132	9.81698336E-1
724	9.81884205E-1
163	9.85400671E-1
810	9.87598981E-1
299	9.89553455E-1
218	9.89830816E-1
478	9.90447175E-1
46	9.91355987E-1
44	9.92651859E-1
75	9.92972167E-1
165	9.93439794E-1
420	9.95094816E-1
770	9.95538778E-1
921	9.95775069E-1
948	9.97155856E-1
885	9.98403553E-1
