Name	chi2Pvalue
740	1.50709019E-4
928	7.60892249E-4
894	8.86861553E-4
75	1.61546267E-3
706	2.27592729E-3
238	2.30632212E-3
374	6.61045451E-3
914	7.044095E-3
41	7.32705595E-3
807	9.05888782E-3
43	9.0928142E-3
951	1.00584098E-2
721	1.10768352E-2
456	1.42870695E-2
638	1.52779009E-2
698	1.66273477E-2
664	1.85801313E-2
30	1.85816627E-2
300	1.91778727E-2
418	2.02360373E-2
269	2.03477712E-2
231	2.1987898E-2
992	2.40044257E-2
499	2.48441908E-2
3	2.49700486E-2
198	2.51428015E-2
508	2.5643631E-2
599	2.66901056E-2
206	2.88731301E-2
436	3.00660627E-2
946	3.33339691E-2
769	3.35855029E-2
718	3.36294296E-2
922	3.37221915E-2
847	3.3919919E-2
546	3.5951991E-2
275	3.67194423E-2
542	3.72645482E-2
48	3.78466204E-2
87	3.97321763E-2
173	4.05689416E-2
170	4.05858359E-2
858	4.09804494E-2
82	4.20614301E-2
55	4.6776885E-2
260	4.70518779E-2
305	4.8000448E-2
538	4.81580598E-2
396	4.90969928E-2
289	4.95149592E-2
744	5.25787721E-2
74	5.34439775E-2
879	5.4038956E-2
778	5.50203231E-2
592	5.67703073E-2
314	5.78631886E-2
533	5.88602526E-2
344	6.00377529E-2
516	6.24437529E-2
954	6.34475144E-2
207	6.38042002E-2
522	6.55428837E-2
271	6.58437587E-2
652	6.81071292E-2
257	7.1647225E-2
641	7.17362545E-2
637	7.21306936E-2
775	7.50310093E-2
610	7.5980726E-2
646	7.70494893E-2
512	7.86356475E-2
8	8.12285593E-2
321	8.21512943E-2
148	8.32155858E-2
825	8.51779791E-2
924	8.73782062E-2
327	8.87066491E-2
860	9.446055E-2
291	9.45308584E-2
324	9.47652942E-2
582	9.53358139E-2
494	9.5441E-2
890	9.54503965E-2
888	9.54762773E-2
57	9.60547469E-2
616	9.63276493E-2
553	9.65584884E-2
467	9.67005554E-2
219	9.81547485E-2
981	9.98215746E-2
774	1.01282211E-1
186	1.01620214E-1
147	1.03652082E-1
868	1.03851897E-1
433	1.0421693E-1
424	1.04571952E-1
566	1.05167522E-1
963	1.05308534E-1
459	1.06312892E-1
925	1.07715657E-1
392	1.09512824E-1
402	1.09749721E-1
836	1.10059812E-1
201	1.11973989E-1
960	1.13882612E-1
689	1.15159117E-1
760	1.17964021E-1
349	1.19475295E-1
856	1.19566068E-1
270	1.1977943E-1
829	1.23528328E-1
745	1.2362375E-1
397	1.23637987E-1
787	1.24677842E-1
59	1.25418536E-1
1007	1.26178109E-1
302	1.2659716E-1
389	1.26983053E-1
777	1.27516746E-1
79	1.28257633E-1
221	1.30217925E-1
98	1.30680305E-1
806	1.34483E-1
380	1.35982781E-1
191	1.36187415E-1
650	1.36832245E-1
814	1.37822147E-1
399	1.38013317E-1
805	1.38554913E-1
236	1.38707366E-1
929	1.39055693E-1
802	1.39908561E-1
907	1.40092973E-1
962	1.40336534E-1
413	1.40729702E-1
45	1.40790284E-1
917	1.41231091E-1
655	1.43040637E-1
263	1.43077971E-1
540	1.43913462E-1
189	1.43994601E-1
953	1.44162036E-1
955	1.45281162E-1
728	1.46147128E-1
676	1.4771032E-1
586	1.48324632E-1
423	1.48501834E-1
823	1.4990905E-1
975	1.50666985E-1
370	1.50973856E-1
625	1.51841355E-1
758	1.52465992E-1
17	1.53852203E-1
939	1.55361019E-1
966	1.55368264E-1
882	1.55437082E-1
678	1.57647323E-1
460	1.58115999E-1
33	1.5859527E-1
239	1.59320467E-1
339	1.61140107E-1
617	1.64585812E-1
411	1.64994928E-1
715	1.67596115E-1
472	1.6953844E-1
119	1.69871826E-1
317	1.70814467E-1
51	1.71196764E-1
224	1.72043458E-1
14	1.72161261E-1
5	1.72302905E-1
262	1.7416583E-1
473	1.74490235E-1
767	1.74947446E-1
488	1.76047774E-1
716	1.7794644E-1
583	1.78471548E-1
180	1.79841253E-1
122	1.81113372E-1
958	1.81274087E-1
811	1.81516541E-1
104	1.82201924E-1
454	1.83330622E-1
791	1.87306264E-1
919	1.87519097E-1
209	1.87753664E-1
76	1.89971289E-1
983	1.90365066E-1
91	1.91249793E-1
727	1.91581848E-1
20	1.92296322E-1
495	1.92621975E-1
394	1.92704267E-1
1008	1.96658778E-1
461	1.96794877E-1
254	1.98061095E-1
609	1.98703789E-1
772	1.99043526E-1
287	2.00617962E-1
985	2.01989821E-1
1001	2.02627861E-1
911	2.04291941E-1
379	2.04866125E-1
415	2.05941881E-1
320	2.0654576E-1
245	2.06979281E-1
24	2.07535807E-1
779	2.08870039E-1
159	2.09051277E-1
353	2.13048751E-1
407	2.13913091E-1
29	2.13997094E-1
301	2.15047007E-1
519	2.15768862E-1
528	2.15831099E-1
307	2.16186174E-1
545	2.18309762E-1
796	2.19403163E-1
165	2.21374981E-1
980	2.21456573E-1
565	2.2190931E-1
892	2.22811429E-1
432	2.23033145E-1
142	2.23063371E-1
276	2.23915757E-1
53	2.24696603E-1
837	2.25455841E-1
987	2.25526653E-1
979	2.26888218E-1
826	2.28628516E-1
517	2.29485062E-1
544	2.30377915E-1
39	2.33052866E-1
905	2.33198392E-1
242	2.35876341E-1
876	2.3623194E-1
347	2.3636868E-1
266	2.3681251E-1
548	2.37557767E-1
571	2.38344544E-1
117	2.40048643E-1
220	2.40977062E-1
313	2.4121176E-1
530	2.41519278E-1
303	2.42138714E-1
100	2.44530598E-1
139	2.45214003E-1
539	2.45329472E-1
4	2.45454382E-1
782	2.45497259E-1
902	2.45613384E-1
393	2.46175467E-1
343	2.46469506E-1
377	2.46998875E-1
419	2.47322755E-1
968	2.49684983E-1
649	2.54737477E-1
390	2.55084732E-1
759	2.55140131E-1
618	2.5759029E-1
428	2.58177598E-1
194	2.58614642E-1
794	2.59206108E-1
296	2.59785706E-1
673	2.61462339E-1
784	2.62026919E-1
594	2.62083889E-1
577	2.6238125E-1
225	2.6390672E-1
971	2.6439736E-1
278	2.65907024E-1
562	2.65939854E-1
656	2.67782329E-1
714	2.67798888E-1
34	2.67954238E-1
162	2.67995525E-1
497	2.68240226E-1
812	2.68373093E-1
250	2.69469644E-1
21	2.69734722E-1
56	2.70485932E-1
629	2.70521649E-1
345	2.7187986E-1
49	2.71971218E-1
552	2.72106514E-1
7	2.72192217E-1
183	2.72274889E-1
595	2.73658252E-1
120	2.74438334E-1
154	2.74506208E-1
665	2.75666565E-1
103	2.75847821E-1
709	2.78103573E-1
861	2.78611945E-1
763	2.7939753E-1
69	2.79790574E-1
133	2.80681217E-1
865	2.82406154E-1
603	2.83532755E-1
604	2.88098011E-1
72	2.88327177E-1
901	2.887897E-1
192	2.889734E-1
267	2.89431795E-1
555	2.90103661E-1
308	2.90146484E-1
956	2.90240072E-1
1009	2.90267009E-1
699	2.90681367E-1
412	2.91798544E-1
333	2.91801183E-1
589	2.92792693E-1
212	2.93262918E-1
93	2.94021158E-1
899	2.94646302E-1
764	2.96714131E-1
400	2.96904585E-1
452	3.007498E-1
83	3.01456764E-1
514	3.02799263E-1
995	3.06736045E-1
765	3.07652148E-1
600	3.07908421E-1
581	3.08115535E-1
669	3.08867687E-1
520	3.10608904E-1
560	3.12284648E-1
635	3.12912287E-1
748	3.1291498E-1
58	3.12981731E-1
81	3.13232358E-1
114	3.13653477E-1
319	3.13695492E-1
187	3.14875201E-1
213	3.1626175E-1
284	3.16313381E-1
685	3.16539474E-1
567	3.16568791E-1
910	3.17803614E-1
406	3.17826224E-1
658	3.1796048E-1
867	3.19177158E-1
622	3.20330207E-1
537	3.21538813E-1
13	3.21957168E-1
756	3.22036395E-1
222	3.225045E-1
223	3.22677754E-1
157	3.23045485E-1
288	3.23334537E-1
766	3.23602352E-1
0	3.24968285E-1
547	3.25876142E-1
957	3.27619081E-1
174	3.29061248E-1
190	3.29146381E-1
479	3.30339239E-1
662	3.3347571E-1
989	3.33888091E-1
601	3.3428906E-1
686	3.34498014E-1
639	3.34978065E-1
738	3.36667197E-1
416	3.36805972E-1
936	3.37070004E-1
485	3.37173808E-1
683	3.38176465E-1
903	3.38630693E-1
931	3.40234758E-1
367	3.40778961E-1
563	3.41452342E-1
619	3.41668095E-1
28	3.43011636E-1
84	3.43731561E-1
371	3.45025513E-1
550	3.45859038E-1
306	3.47089596E-1
19	3.48208143E-1
470	3.5233965E-1
205	3.53562856E-1
137	3.56138295E-1
334	3.61617909E-1
813	3.64997739E-1
268	3.65885457E-1
870	3.66939199E-1
253	3.68354039E-1
282	3.69381599E-1
940	3.69917441E-1
942	3.71086377E-1
92	3.71607081E-1
304	3.7299482E-1
286	3.73301199E-1
833	3.77328284E-1
350	3.77775013E-1
680	3.79595127E-1
12	3.79775436E-1
959	3.80953779E-1
101	3.83919913E-1
489	3.84812754E-1
115	3.85425846E-1
241	3.85632367E-1
60	3.861793E-1
697	3.87723784E-1
129	3.89463252E-1
445	3.90046379E-1
293	3.91071729E-1
875	3.91270217E-1
973	3.94250343E-1
37	3.96186843E-1
705	3.96551485E-1
54	3.96999185E-1
361	3.97316109E-1
233	3.99402409E-1
230	3.99473648E-1
996	3.99922706E-1
529	4.00666072E-1
620	4.00692827E-1
852	4.0126606E-1
904	4.01271772E-1
593	4.02123289E-1
518	4.03051528E-1
521	4.04570446E-1
853	4.07867791E-1
554	4.0831517E-1
256	4.08590041E-1
128	4.08601774E-1
633	4.09031621E-1
372	4.1054801E-1
828	4.11512781E-1
746	4.11939496E-1
895	4.13479894E-1
614	4.1511112E-1
156	4.15453349E-1
613	4.15593587E-1
526	4.16506902E-1
730	4.17891103E-1
561	4.18326988E-1
249	4.21381634E-1
742	4.22404259E-1
474	4.22417286E-1
1015	4.24098117E-1
608	4.25533811E-1
735	4.30802752E-1
912	4.32363653E-1
408	4.33297978E-1
340	4.33895763E-1
332	4.37673898E-1
653	4.38501514E-1
527	4.39000101E-1
62	4.41339735E-1
258	4.44756445E-1
297	4.46891947E-1
482	4.47745899E-1
70	4.48360509E-1
964	4.5100709E-1
486	4.51269577E-1
835	4.52756273E-1
330	4.54010947E-1
27	4.54038729E-1
808	4.56861327E-1
575	4.59610387E-1
994	4.59935754E-1
840	4.61069903E-1
569	4.61090672E-1
388	4.6164453E-1
677	4.63321223E-1
285	4.63733248E-1
703	4.67054514E-1
681	4.68446614E-1
446	4.6914091E-1
731	4.69589324E-1
568	4.69972238E-1
481	4.71089545E-1
531	4.72496303E-1
354	4.72700851E-1
385	4.73460035E-1
475	4.73800766E-1
719	4.74200996E-1
184	4.74970482E-1
993	4.78017083E-1
800	4.80796432E-1
36	4.8121096E-1
338	4.82049896E-1
169	4.83882866E-1
358	4.8450287E-1
443	4.85398163E-1
435	4.85609863E-1
831	4.8591136E-1
921	4.87143717E-1
874	4.88334848E-1
792	4.8838053E-1
684	4.88461815E-1
817	4.92178843E-1
421	4.93185877E-1
42	4.93917747E-1
26	4.95693707E-1
781	4.95951614E-1
145	4.96230899E-1
773	4.97154786E-1
729	5.01141789E-1
106	5.01912725E-1
290	5.03199925E-1
252	5.0366226E-1
672	5.0465259E-1
208	5.05510535E-1
204	5.05619861E-1
695	5.06622723E-1
316	5.07052056E-1
832	5.08614131E-1
584	5.08868505E-1
355	5.0906232E-1
845	5.09465109E-1
125	5.09982483E-1
166	5.10239436E-1
612	5.10622324E-1
501	5.1301408E-1
234	5.13688825E-1
1006	5.14869984E-1
790	5.15135897E-1
211	5.16591616E-1
623	5.18417441E-1
463	5.21373865E-1
124	5.22838693E-1
804	5.24454921E-1
986	5.24601566E-1
908	5.25370492E-1
605	5.25579917E-1
702	5.26782611E-1
712	5.26847781E-1
541	5.27330937E-1
752	5.27705809E-1
342	5.28764383E-1
816	5.29421783E-1
113	5.32518381E-1
961	5.33327282E-1
444	5.34071984E-1
965	5.35090594E-1
722	5.36853342E-1
182	5.38746418E-1
700	5.40482803E-1
197	5.42998636E-1
762	5.43095173E-1
935	5.43112972E-1
783	5.44225183E-1
311	5.44643482E-1
725	5.45153819E-1
99	5.45580205E-1
977	5.48895448E-1
815	5.49543147E-1
1005	5.49635629E-1
751	5.50173903E-1
10	5.50739082E-1
18	5.51836003E-1
89	5.52347105E-1
934	5.52597936E-1
838	5.53336819E-1
557	5.53942188E-1
431	5.54737683E-1
434	5.55144028E-1
498	5.56309222E-1
429	5.56492481E-1
164	5.58878238E-1
707	5.59409554E-1
679	5.60354653E-1
227	5.62919398E-1
757	5.62995431E-1
383	5.64867399E-1
85	5.65908925E-1
352	5.67119713E-1
158	5.6787369E-1
244	5.67882047E-1
384	5.68612974E-1
94	5.70405837E-1
280	5.70903813E-1
292	5.70988144E-1
970	5.71615926E-1
598	5.73405336E-1
887	5.73845917E-1
933	5.7399097E-1
140	5.75627013E-1
22	5.76156693E-1
365	5.76951253E-1
990	5.77077676E-1
295	5.79212973E-1
442	5.80456156E-1
193	5.80978579E-1
690	5.81886817E-1
376	5.81920992E-1
503	5.82195059E-1
878	5.822866E-1
543	5.83135655E-1
631	5.83621229E-1
246	5.84178816E-1
841	5.84910428E-1
68	5.85913011E-1
998	5.85916575E-1
375	5.88615826E-1
1000	5.94080494E-1
692	5.95463897E-1
881	5.99567E-1
844	5.9957729E-1
1014	6.00166078E-1
240	6.02972329E-1
328	6.044238E-1
403	6.04827348E-1
602	6.04907979E-1
468	6.06033798E-1
1020	6.06434971E-1
704	6.09227551E-1
294	6.11143491E-1
279	6.13581908E-1
1011	6.1389209E-1
116	6.1455099E-1
607	6.16072019E-1
9	6.17546377E-1
640	6.18663567E-1
32	6.19214973E-1
196	6.19253586E-1
906	6.21714716E-1
660	6.22046761E-1
821	6.22859139E-1
217	6.23549155E-1
491	6.23687295E-1
143	6.24656885E-1
574	6.27830414E-1
451	6.28412879E-1
274	6.28973319E-1
795	6.29199011E-1
628	6.29445452E-1
944	6.30338937E-1
849	6.30750341E-1
425	6.31481977E-1
178	6.36687501E-1
181	6.37118539E-1
950	6.37529013E-1
926	6.39215878E-1
855	6.40849851E-1
109	6.41685696E-1
123	6.42663212E-1
151	6.4347884E-1
523	6.43984698E-1
2	6.44791031E-1
11	6.45323619E-1
138	6.46646712E-1
573	6.4910147E-1
889	6.49573323E-1
850	6.50710834E-1
932	6.52238196E-1
670	6.53321028E-1
711	6.53352155E-1
797	6.53372567E-1
657	6.54301205E-1
127	6.56417029E-1
873	6.58714048E-1
1017	6.58850195E-1
843	6.5895219E-1
937	6.59423828E-1
382	6.59912826E-1
570	6.60095729E-1
930	6.61225335E-1
820	6.62256051E-1
627	6.62491048E-1
476	6.63199468E-1
337	6.63522443E-1
272	6.63805319E-1
414	6.65048408E-1
177	6.68715871E-1
854	6.68758587E-1
346	6.69782582E-1
621	6.71505681E-1
770	6.7197976E-1
130	6.73414317E-1
525	6.73417364E-1
999	6.75112678E-1
596	6.75357448E-1
776	6.75891672E-1
768	6.75950452E-1
896	6.77732142E-1
747	6.77880776E-1
356	6.78684346E-1
734	6.78872836E-1
736	6.80584229E-1
457	6.81510777E-1
331	6.8301401E-1
1002	6.83172055E-1
579	6.84961977E-1
155	6.85969852E-1
898	6.87786225E-1
504	6.87977258E-1
801	6.89461358E-1
750	6.91058414E-1
534	6.9199155E-1
171	6.92510747E-1
510	6.92970964E-1
150	6.93392457E-1
948	6.93646699E-1
654	6.94072772E-1
405	6.95015717E-1
478	6.95792619E-1
175	7.00410308E-1
535	7.00856723E-1
315	7.0092746E-1
818	7.01440504E-1
44	7.01602287E-1
391	7.02165437E-1
202	7.04387003E-1
25	7.05010688E-1
1012	7.0573679E-1
273	7.06549506E-1
381	7.07262958E-1
869	7.07749285E-1
490	7.09658792E-1
842	7.10493637E-1
422	7.10542979E-1
688	7.13061153E-1
464	7.14107292E-1
185	7.14547344E-1
506	7.15088288E-1
216	7.15519135E-1
632	7.17594524E-1
786	7.18200899E-1
152	7.19415607E-1
277	7.20234827E-1
243	7.21235217E-1
310	7.22016023E-1
326	7.22411971E-1
743	7.24165013E-1
1004	7.25967618E-1
64	7.26059089E-1
952	7.26930563E-1
988	7.27540125E-1
645	7.28043597E-1
636	7.28445323E-1
134	7.30333159E-1
733	7.30354716E-1
427	7.31435132E-1
439	7.33476268E-1
118	7.33875688E-1
793	7.36629629E-1
341	7.36844375E-1
312	7.38076755E-1
179	7.3897695E-1
624	7.39013089E-1
710	7.40458458E-1
659	7.41285967E-1
788	7.42356684E-1
80	7.43866311E-1
108	7.44476973E-1
466	7.44618822E-1
839	7.44789287E-1
846	7.47141293E-1
693	7.51810081E-1
755	7.52864189E-1
465	7.54192783E-1
409	7.5424463E-1
264	7.54333383E-1
351	7.54709142E-1
900	7.55187099E-1
112	7.56804616E-1
210	7.57164078E-1
1016	7.57887966E-1
493	7.59087363E-1
713	7.59958139E-1
785	7.63093647E-1
440	7.64058102E-1
643	7.6486714E-1
967	7.6816609E-1
420	7.70114919E-1
359	7.71014973E-1
360	7.71651163E-1
38	7.7299664E-1
105	7.73783927E-1
309	7.73917819E-1
651	7.74161439E-1
708	7.74535496E-1
450	7.7547727E-1
978	7.77693799E-1
398	7.77934645E-1
95	7.79350149E-1
107	7.79448214E-1
634	7.81006048E-1
642	7.81927375E-1
401	7.82355426E-1
199	7.8253474E-1
720	7.82750258E-1
229	7.83407443E-1
502	7.83443316E-1
969	7.84353413E-1
110	7.84710939E-1
648	7.8669788E-1
226	7.87813648E-1
753	7.87932507E-1
135	7.90341703E-1
15	7.92694075E-1
780	7.94478832E-1
480	7.94655893E-1
265	7.95135845E-1
218	7.95169452E-1
50	7.96268503E-1
891	7.9829341E-1
172	7.98405634E-1
67	7.98484269E-1
348	7.98848056E-1
73	8.01464906E-1
364	8.02784724E-1
441	8.0360483E-1
997	8.05203922E-1
1	8.05286741E-1
23	8.05793772E-1
726	8.07661739E-1
667	8.0947066E-1
255	8.09600574E-1
215	8.09861887E-1
682	8.10295296E-1
500	8.10786955E-1
984	8.10983248E-1
141	8.14228326E-1
168	8.14458443E-1
761	8.14510571E-1
661	8.15055181E-1
63	8.15353737E-1
447	8.15688145E-1
827	8.16459149E-1
564	8.16519273E-1
46	8.17226875E-1
732	8.17761423E-1
916	8.18345958E-1
737	8.18793602E-1
448	8.18936671E-1
417	8.19835273E-1
214	8.20383287E-1
247	8.2053608E-1
717	8.21246837E-1
492	8.25289923E-1
40	8.25443186E-1
232	8.26466292E-1
691	8.26958881E-1
61	8.28631463E-1
259	8.29008373E-1
754	8.29146741E-1
909	8.30611718E-1
572	8.31001692E-1
551	8.3187359E-1
885	8.34965288E-1
918	8.35370863E-1
437	8.36040189E-1
798	8.36911672E-1
188	8.38123465E-1
430	8.38361277E-1
696	8.39192105E-1
144	8.41596397E-1
228	8.42794237E-1
471	8.43783854E-1
121	8.44397109E-1
88	8.44851068E-1
626	8.46239015E-1
235	8.47119918E-1
237	8.48258066E-1
167	8.48850242E-1
404	8.4902584E-1
248	8.49179272E-1
438	8.50977338E-1
298	8.52240318E-1
862	8.52671507E-1
597	8.54379129E-1
515	8.55908069E-1
329	8.56002294E-1
947	8.56589855E-1
848	8.57682485E-1
864	8.59955139E-1
368	8.61050392E-1
200	8.61334173E-1
336	8.61473802E-1
160	8.62008876E-1
578	8.62603996E-1
1003	8.63475267E-1
647	8.64248003E-1
16	8.6452855E-1
363	8.64530215E-1
809	8.65055835E-1
31	8.66040798E-1
176	8.66793826E-1
513	8.70513852E-1
803	8.70947788E-1
378	8.72721571E-1
449	8.74825333E-1
426	8.75335364E-1
458	8.77399688E-1
976	8.78319248E-1
982	8.80221039E-1
884	8.82677801E-1
666	8.83368906E-1
724	8.83669276E-1
558	8.84115692E-1
723	8.84721614E-1
644	8.8692824E-1
149	8.87442697E-1
587	8.87906173E-1
943	8.88766901E-1
6	8.89135064E-1
65	8.89493987E-1
771	8.89824101E-1
146	8.90618874E-1
161	8.90807509E-1
507	8.91159219E-1
749	8.92656396E-1
580	8.93034395E-1
671	8.94228797E-1
484	8.94773165E-1
606	8.95005226E-1
373	8.95047956E-1
615	8.95502079E-1
877	8.9891861E-1
66	9.0374557E-1
203	9.03835261E-1
505	9.06295973E-1
111	9.08309891E-1
871	9.08624407E-1
52	9.09829806E-1
668	9.1101694E-1
559	9.13265792E-1
318	9.14748025E-1
387	9.16152176E-1
323	9.16860748E-1
824	9.18309257E-1
585	9.20308409E-1
126	9.20852723E-1
941	9.2140976E-1
47	9.21812082E-1
77	9.22020298E-1
799	9.23822358E-1
35	9.23869459E-1
949	9.24303252E-1
1021	9.24579897E-1
469	9.24588269E-1
357	9.24924838E-1
863	9.25228335E-1
991	9.26737041E-1
299	9.27012658E-1
153	9.28382255E-1
588	9.29376014E-1
97	9.29503654E-1
886	9.29612465E-1
251	9.30270433E-1
462	9.30832435E-1
897	9.32311819E-1
915	9.33498144E-1
532	9.33980285E-1
630	9.35009983E-1
325	9.37096519E-1
822	9.37580219E-1
1013	9.39560746E-1
834	9.40233406E-1
477	9.4156773E-1
972	9.42145968E-1
410	9.43438349E-1
913	9.4527361E-1
694	9.46843536E-1
483	9.47125681E-1
86	9.49092156E-1
851	9.49378316E-1
132	9.49537263E-1
945	9.4977695E-1
335	9.50260772E-1
362	9.51868727E-1
322	9.53907761E-1
96	9.54318008E-1
974	9.54619216E-1
556	9.54643271E-1
549	9.56070374E-1
195	9.56520819E-1
739	9.56689669E-1
136	9.57533257E-1
872	9.58599619E-1
938	9.6095618E-1
866	9.6096846E-1
1018	9.61430272E-1
281	9.61891656E-1
71	9.63856361E-1
741	9.64816551E-1
453	9.65599505E-1
859	9.66365724E-1
857	9.66552747E-1
923	9.68381095E-1
536	9.68419077E-1
455	9.68904301E-1
395	9.70270711E-1
674	9.72374774E-1
687	9.73922901E-1
810	9.74765823E-1
496	9.7491973E-1
819	9.75919138E-1
366	9.76213602E-1
487	9.77552484E-1
701	9.77623847E-1
927	9.7827854E-1
102	9.78960214E-1
830	9.79488863E-1
675	9.79525993E-1
163	9.80468014E-1
611	9.80497197E-1
880	9.81028291E-1
789	9.82551159E-1
1010	9.84096343E-1
78	9.84701907E-1
524	9.85530257E-1
576	9.87013606E-1
511	9.87624927E-1
261	9.8869976E-1
1023	9.88892758E-1
90	9.89423772E-1
893	9.91565449E-1
509	9.95972357E-1
1019	9.96588608E-1
663	9.97023959E-1
591	9.97160607E-1
1022	9.97929222E-1
883	9.98802437E-1
131	9.99251224E-1
386	9.99643191E-1
