Name	chi2Pvalue
778	6.04131963E-4
995	1.46885068E-3
41	1.5056754E-3
731	2.6449998E-3
512	3.72760516E-3
467	4.22210457E-3
745	6.87680706E-3
705	6.9501972E-3
552	6.95984713E-3
584	8.71297053E-3
390	9.53561792E-3
992	9.5410291E-3
962	1.15811246E-2
622	1.23745871E-2
848	1.24467147E-2
832	1.33940947E-2
20	1.62038718E-2
327	1.79542909E-2
39	1.99706323E-2
474	2.11021277E-2
245	2.24471321E-2
361	2.24996814E-2
727	2.2925248E-2
676	2.34774463E-2
243	2.41756611E-2
71	2.42506191E-2
960	2.4425111E-2
673	2.60021317E-2
429	2.6287476E-2
529	2.68834008E-2
677	2.73273637E-2
882	2.77043049E-2
272	2.85228218E-2
885	2.92964802E-2
946	2.96056666E-2
664	2.98265233E-2
451	3.01891459E-2
981	3.15284062E-2
953	3.17779611E-2
239	3.31756103E-2
147	3.46084583E-2
117	3.46477469E-2
60	3.47367664E-2
604	3.49803615E-2
500	3.53275275E-2
833	3.62255433E-2
479	3.66939511E-2
179	3.68225072E-2
227	3.78256133E-2
878	3.89366742E-2
217	3.90172709E-2
782	3.98248352E-2
751	4.1164656E-2
699	4.14596031E-2
999	4.30318345E-2
396	4.47703479E-2
247	4.51531626E-2
615	4.57880153E-2
785	4.64204523E-2
611	4.93014337E-2
750	5.16484461E-2
823	5.16969885E-2
509	5.19704305E-2
186	5.4482308E-2
79	5.51304082E-2
894	5.53358169E-2
238	5.61084881E-2
996	5.70760859E-2
442	5.76382959E-2
431	6.03630954E-2
820	6.13621359E-2
864	6.1888302E-2
949	6.41215666E-2
83	6.53872322E-2
707	6.56027816E-2
92	6.71813491E-2
591	6.85275339E-2
902	6.85420083E-2
190	7.04960008E-2
808	7.07219927E-2
733	7.1169359E-2
916	7.14311684E-2
413	7.17969516E-2
530	7.27512607E-2
235	7.42200364E-2
860	7.46086036E-2
497	7.47245967E-2
501	7.66794105E-2
160	7.78677314E-2
876	7.81921793E-2
314	7.97352775E-2
499	7.97949179E-2
74	7.99513258E-2
989	8.02711603E-2
631	8.07543267E-2
672	8.08541551E-2
348	8.16071712E-2
73	8.18066245E-2
912	8.21134154E-2
111	8.24639654E-2
788	8.25203668E-2
339	8.36270638E-2
974	8.43704937E-2
15	8.50231347E-2
728	8.68311617E-2
45	8.70467438E-2
658	8.76282292E-2
366	9.2221185E-2
858	9.23136654E-2
517	9.38468025E-2
176	9.39393762E-2
562	9.74854978E-2
740	9.76328771E-2
173	9.8199186E-2
515	9.87832855E-2
470	9.89366299E-2
18	9.928715E-2
107	1.00211339E-1
1008	1.01381456E-1
417	1.02087719E-1
166	1.05242352E-1
607	1.06264759E-1
730	1.06718423E-1
103	1.07547793E-1
373	1.09274652E-1
626	1.0954088E-1
735	1.10426561E-1
671	1.11663693E-1
407	1.12816643E-1
680	1.14006227E-1
725	1.14397939E-1
803	1.14931256E-1
564	1.15104636E-1
335	1.15652081E-1
514	1.15804937E-1
764	1.16259265E-1
593	1.17411071E-1
112	1.17452397E-1
522	1.17876646E-1
312	1.19003463E-1
44	1.20861374E-1
332	1.21736627E-1
360	1.22449374E-1
975	1.24201472E-1
502	1.24635909E-1
51	1.25180881E-1
460	1.26310779E-1
580	1.26418778E-1
963	1.26964768E-1
854	1.27314444E-1
169	1.29715989E-1
553	1.31364489E-1
965	1.32431627E-1
13	1.32973532E-1
275	1.34257708E-1
850	1.34692797E-1
620	1.3574456E-1
569	1.36168363E-1
690	1.39059511E-1
667	1.42197471E-1
540	1.42620153E-1
80	1.42937471E-1
181	1.43251069E-1
840	1.43590421E-1
892	1.43965362E-1
141	1.45511143E-1
317	1.45592373E-1
106	1.4581666E-1
646	1.45839394E-1
585	1.48021814E-1
861	1.49001462E-1
177	1.49154542E-1
450	1.49728874E-1
271	1.50103764E-1
798	1.51578735E-1
119	1.51954807E-1
325	1.52323704E-1
465	1.52387364E-1
476	1.53327656E-1
55	1.54254431E-1
72	1.54559526E-1
771	1.54651127E-1
259	1.55315042E-1
900	1.56747509E-1
983	1.56782994E-1
123	1.57323918E-1
409	1.57950233E-1
221	1.60255584E-1
161	1.62398897E-1
987	1.63449373E-1
340	1.64150262E-1
388	1.64697571E-1
637	1.65367906E-1
866	1.65595431E-1
702	1.66493501E-1
308	1.66766134E-1
405	1.70118452E-1
91	1.71953202E-1
770	1.72103814E-1
1	1.73727353E-1
566	1.74757972E-1
744	1.76149282E-1
480	1.79889462E-1
541	1.81378446E-1
910	1.82372396E-1
248	1.82514264E-1
924	1.83892721E-1
310	1.85992942E-1
219	1.86591285E-1
104	1.87163932E-1
420	1.87651357E-1
642	1.91920049E-1
1011	1.93241601E-1
592	1.94822401E-1
416	1.9540455E-1
446	1.95918084E-1
508	1.96428127E-1
495	1.98826649E-1
113	1.99195945E-1
603	1.99687976E-1
873	2.01105082E-1
163	2.011419E-1
984	2.0131944E-1
742	2.01808182E-1
17	2.03312052E-1
520	2.04852804E-1
814	2.05571717E-1
919	2.05576577E-1
134	2.06203399E-1
847	2.06723849E-1
575	2.08405233E-1
557	2.0903604E-1
440	2.10385636E-1
674	2.12562524E-1
250	2.13890932E-1
821	2.14138671E-1
928	2.15599121E-1
292	2.17207677E-1
240	2.17489623E-1
67	2.17706679E-1
641	2.18683529E-1
826	2.187792E-1
53	2.18813138E-1
93	2.19249263E-1
874	2.19782154E-1
774	2.19902624E-1
792	2.20152368E-1
164	2.21721343E-1
897	2.24429441E-1
408	2.25727814E-1
252	2.27619977E-1
491	2.29211304E-1
198	2.31272753E-1
1000	2.33374189E-1
432	2.33814846E-1
538	2.338325E-1
439	2.35428384E-1
316	2.37539315E-1
153	2.37701452E-1
456	2.39355949E-1
346	2.41307358E-1
684	2.43092642E-1
304	2.44733527E-1
68	2.45467509E-1
352	2.45509607E-1
925	2.45911349E-1
982	2.45997752E-1
652	2.47099118E-1
625	2.47111929E-1
125	2.48980294E-1
263	2.50284298E-1
411	2.51615591E-1
634	2.51943475E-1
363	2.52665046E-1
660	2.54837067E-1
628	2.56800107E-1
972	2.57272786E-1
306	2.59031677E-1
909	2.63426754E-1
888	2.6456184E-1
443	2.65877986E-1
319	2.68253242E-1
139	2.7034227E-1
695	2.71097506E-1
344	2.71281715E-1
554	2.73227368E-1
754	2.73647875E-1
279	2.74014138E-1
295	2.75341858E-1
749	2.77466854E-1
376	2.77579559E-1
42	2.79189177E-1
513	2.80093091E-1
150	2.83128913E-1
410	2.84266006E-1
430	2.84559068E-1
328	2.85733227E-1
301	2.85752373E-1
380	2.87910471E-1
116	2.88764844E-1
276	2.88848915E-1
881	2.88954475E-1
507	2.88983338E-1
353	2.89054226E-1
852	2.89721912E-1
303	2.91787346E-1
333	2.93091818E-1
57	2.93228557E-1
933	2.9348116E-1
146	2.94390772E-1
453	2.94511386E-1
16	2.96719118E-1
976	2.97292243E-1
524	2.97771397E-1
29	2.98459805E-1
182	2.99658688E-1
1001	2.99840549E-1
81	3.01874288E-1
932	3.0615246E-1
583	3.07015588E-1
82	3.07289173E-1
577	3.09498204E-1
218	3.10218318E-1
638	3.10468825E-1
601	3.11023485E-1
661	3.11057257E-1
31	3.1144598E-1
367	3.13897032E-1
722	3.1459838E-1
547	3.15218206E-1
857	3.18283055E-1
724	3.19184151E-1
459	3.19859253E-1
923	3.20016225E-1
386	3.21143047E-1
200	3.21566159E-1
290	3.22461205E-1
781	3.23076843E-1
441	3.24218755E-1
980	3.25336822E-1
587	3.2646616E-1
343	3.26581235E-1
940	3.27295007E-1
203	3.28205159E-1
381	3.28622224E-1
791	3.31080579E-1
110	3.32590238E-1
65	3.34986373E-1
964	3.35199596E-1
108	3.36481259E-1
666	3.37299562E-1
837	3.38386539E-1
449	3.39224054E-1
168	3.39435513E-1
856	3.40002339E-1
144	3.42738787E-1
1016	3.43470966E-1
869	3.45130193E-1
99	3.45856576E-1
532	3.45958539E-1
457	3.47034352E-1
4	3.47236894E-1
503	3.47719589E-1
970	3.47729845E-1
945	3.54385507E-1
484	3.54756836E-1
726	3.54777781E-1
242	3.5542864E-1
418	3.55544286E-1
571	3.55899449E-1
193	3.56404091E-1
665	3.56708783E-1
572	3.57907216E-1
775	3.58103177E-1
950	3.58316208E-1
627	3.59518716E-1
1007	3.61466316E-1
757	3.61481364E-1
643	3.61481701E-1
802	3.62123533E-1
891	3.62351154E-1
807	3.6296536E-1
468	3.63091116E-1
718	3.64385154E-1
656	3.66822914E-1
320	3.67167483E-1
351	3.67466109E-1
208	3.6783745E-1
777	3.68313744E-1
769	3.69046256E-1
224	3.69420791E-1
315	3.69915477E-1
917	3.70587198E-1
196	3.71042691E-1
293	3.71279963E-1
488	3.71557646E-1
324	3.71956647E-1
211	3.72037804E-1
772	3.72681752E-1
698	3.72883214E-1
427	3.73503425E-1
309	3.74088189E-1
719	3.74169588E-1
610	3.74432655E-1
954	3.74609464E-1
129	3.74727045E-1
486	3.75396574E-1
739	3.75511081E-1
372	3.75548933E-1
623	3.7614957E-1
608	3.7617862E-1
526	3.79294509E-1
157	3.79381262E-1
7	3.84148444E-1
257	3.84965356E-1
1004	3.89007093E-1
30	3.89940364E-1
122	3.92274389E-1
472	3.932166E-1
662	3.93270756E-1
971	3.94589674E-1
307	3.9597682E-1
433	3.96281009E-1
594	3.96440573E-1
651	3.9676618E-1
813	3.96896654E-1
489	3.96960251E-1
192	3.98993524E-1
131	3.9904809E-1
810	3.99483257E-1
700	4.01387458E-1
387	4.051736E-1
35	4.05828662E-1
311	4.07812131E-1
12	4.08220666E-1
206	4.10759867E-1
414	4.11817376E-1
371	4.13076891E-1
37	4.13319586E-1
493	4.14563067E-1
330	4.15688144E-1
1013	4.16078731E-1
162	4.17567456E-1
231	4.20037982E-1
135	4.20145118E-1
755	4.20372413E-1
88	4.22771462E-1
195	4.24747904E-1
868	4.26306735E-1
787	4.27669326E-1
527	4.28132885E-1
101	4.28212598E-1
609	4.29544332E-1
831	4.29989838E-1
216	4.30792992E-1
849	4.3494902E-1
747	4.35153776E-1
800	4.38349363E-1
36	4.39351139E-1
872	4.39703336E-1
368	4.40082607E-1
961	4.42612605E-1
395	4.4395726E-1
714	4.44459163E-1
1006	4.44733968E-1
955	4.44738238E-1
364	4.46078351E-1
270	4.46282012E-1
237	4.46479373E-1
779	4.49115988E-1
34	4.51943447E-1
879	4.56046376E-1
269	4.56105634E-1
602	4.58002376E-1
43	4.58766438E-1
812	4.59387067E-1
558	4.59400765E-1
40	4.59619605E-1
62	4.61084073E-1
799	4.61461599E-1
199	4.62920271E-1
114	4.6320286E-1
863	4.63592595E-1
635	4.6572493E-1
687	4.66515298E-1
403	4.67750478E-1
559	4.67859008E-1
531	4.6879759E-1
225	4.69742941E-1
274	4.69836818E-1
648	4.70376741E-1
589	4.71407021E-1
229	4.72131162E-1
448	4.74839718E-1
828	4.75036073E-1
75	4.75799655E-1
156	4.77206171E-1
159	4.77250793E-1
261	4.78110718E-1
265	4.785355E-1
415	4.79943704E-1
633	4.80619887E-1
519	4.80924948E-1
595	4.81403597E-1
234	4.82826039E-1
543	4.83091722E-1
806	4.85221282E-1
6	4.86508019E-1
128	4.86608548E-1
645	4.87019891E-1
347	4.8775238E-1
865	4.88729637E-1
374	4.89738702E-1
915	4.91275596E-1
184	4.91352461E-1
95	4.92081207E-1
880	4.93618632E-1
54	4.93690755E-1
563	4.94707784E-1
738	4.9658708E-1
437	4.97144225E-1
720	4.97829275E-1
600	4.98059363E-1
647	5.00957607E-1
640	5.02410399E-1
756	5.03213479E-1
528	5.053998E-1
711	5.06031976E-1
458	5.07373761E-1
993	5.07989597E-1
1010	5.08999862E-1
87	5.10856813E-1
266	5.11539467E-1
855	5.12177871E-1
836	5.14878069E-1
389	5.15919426E-1
454	5.17449169E-1
931	5.17487451E-1
544	5.18052097E-1
445	5.18464853E-1
636	5.19115118E-1
675	5.20262182E-1
455	5.20999691E-1
322	5.22166345E-1
696	5.22186869E-1
614	5.23560003E-1
969	5.23685004E-1
654	5.23857453E-1
300	5.26079694E-1
78	5.26227312E-1
382	5.26621983E-1
48	5.26885302E-1
98	5.28035082E-1
210	5.2804365E-1
385	5.28160255E-1
968	5.30594981E-1
50	5.30727274E-1
354	5.30883772E-1
212	5.30900848E-1
97	5.3111562E-1
679	5.33937472E-1
393	5.34130302E-1
862	5.34323971E-1
1021	5.37235093E-1
929	5.37901882E-1
913	5.38145985E-1
496	5.39521062E-1
659	5.40326455E-1
716	5.40843504E-1
783	5.41021814E-1
624	5.4312043E-1
824	5.43272446E-1
655	5.44299592E-1
734	5.46350203E-1
825	5.47031748E-1
296	5.47038886E-1
853	5.47522006E-1
483	5.47703176E-1
586	5.50224778E-1
899	5.51742315E-1
463	5.52803611E-1
342	5.57317996E-1
421	5.57503714E-1
797	5.57927564E-1
525	5.59616393E-1
786	5.60563314E-1
827	5.60855082E-1
905	5.63346144E-1
473	5.65007518E-1
492	5.68967085E-1
951	5.69239323E-1
313	5.69493687E-1
504	5.70245661E-1
944	5.7053741E-1
105	5.76637438E-1
404	5.76980358E-1
26	5.79141659E-1
69	5.79267917E-1
132	5.82002437E-1
776	5.82083554E-1
152	5.82412248E-1
561	5.82839225E-1
838	5.82854041E-1
236	5.83444813E-1
33	5.84804771E-1
205	5.85966417E-1
90	5.87120465E-1
145	5.87462995E-1
100	5.88700534E-1
170	5.89839386E-1
748	5.89994289E-1
793	5.91291682E-1
136	5.91490794E-1
424	5.91553215E-1
86	5.92860036E-1
10	5.93176582E-1
109	5.93547498E-1
258	5.94916379E-1
189	5.9812353E-1
478	5.98335095E-1
632	5.9888514E-1
653	5.99077901E-1
1015	5.99347384E-1
118	6.00969516E-1
765	6.04661624E-1
377	6.04809759E-1
708	6.05049013E-1
498	6.06494957E-1
606	6.07011698E-1
842	6.0852779E-1
298	6.10990494E-1
886	6.1166996E-1
763	6.11741997E-1
297	6.15631627E-1
958	6.17412325E-1
285	6.18098598E-1
597	6.1854262E-1
233	6.18648989E-1
223	6.21352588E-1
58	6.24273637E-1
570	6.26614628E-1
573	6.27418302E-1
578	6.28465567E-1
805	6.28469813E-1
490	6.29112473E-1
588	6.29125188E-1
887	6.32788663E-1
867	6.32880208E-1
121	6.3349264E-1
523	6.33744612E-1
568	6.33790594E-1
462	6.35067447E-1
551	6.35262387E-1
560	6.36280885E-1
282	6.36507139E-1
326	6.37082697E-1
506	6.37632703E-1
447	6.3850429E-1
357	6.38577057E-1
466	6.39963913E-1
469	6.4183407E-1
378	6.4353407E-1
906	6.44883059E-1
268	6.45235201E-1
286	6.46482046E-1
5	6.4659512E-1
743	6.49838105E-1
534	6.50389218E-1
935	6.50813092E-1
505	6.53772554E-1
549	6.53776863E-1
934	6.55849547E-1
349	6.56260849E-1
767	6.57481101E-1
329	6.58559316E-1
605	6.59677627E-1
256	6.60330119E-1
689	6.62434222E-1
64	6.62712978E-1
579	6.63204288E-1
510	6.65788197E-1
556	6.65894553E-1
38	6.67230872E-1
619	6.67779783E-1
209	6.68033294E-1
400	6.69108173E-1
412	6.69687968E-1
281	6.70481906E-1
1003	6.71853948E-1
461	6.72780994E-1
723	6.73603142E-1
1009	6.73795756E-1
222	6.76287587E-1
914	6.76503638E-1
264	6.77777967E-1
66	6.77789463E-1
789	6.78035838E-1
599	6.83820552E-1
70	6.84095407E-1
187	6.84626312E-1
817	6.85162141E-1
829	6.87422701E-1
419	6.87789907E-1
657	6.88167394E-1
948	6.89292303E-1
685	6.90397966E-1
350	6.90531947E-1
973	6.91169442E-1
228	6.91349457E-1
790	6.91986431E-1
94	6.93354757E-1
927	6.94248474E-1
979	6.95068699E-1
550	6.95270352E-1
688	6.95519724E-1
438	6.9601448E-1
710	6.97427674E-1
959	6.97464841E-1
843	6.99075063E-1
341	6.99556317E-1
759	7.00215188E-1
794	7.02487246E-1
630	7.03413245E-1
686	7.03673249E-1
49	7.04098954E-1
669	7.04153997E-1
494	7.06511472E-1
911	7.09661597E-1
537	7.09797913E-1
402	7.13411255E-1
185	7.13633691E-1
834	7.14783666E-1
596	7.15099464E-1
732	7.15150676E-1
214	7.15487613E-1
844	7.15497238E-1
25	7.19487603E-1
835	7.20085439E-1
294	7.20709255E-1
618	7.20897767E-1
846	7.22956111E-1
938	7.24593256E-1
244	7.26974306E-1
890	7.27063827E-1
260	7.2794222E-1
338	7.29578113E-1
422	7.30344449E-1
24	7.31488284E-1
939	7.32706793E-1
903	7.36479265E-1
937	7.36538228E-1
746	7.37132203E-1
323	7.3802998E-1
617	7.38048913E-1
796	7.40463441E-1
706	7.40645808E-1
518	7.41335616E-1
737	7.4256858E-1
334	7.44018933E-1
197	7.44267627E-1
124	7.44507742E-1
220	7.44971242E-1
871	7.44971566E-1
46	7.47958013E-1
663	7.48708158E-1
830	7.49425912E-1
811	7.50455907E-1
542	7.50760823E-1
171	7.52805959E-1
436	7.53592906E-1
273	7.54824929E-1
795	7.55378247E-1
926	7.55514122E-1
27	7.56887517E-1
649	7.576771E-1
475	7.58470303E-1
398	7.60960109E-1
394	7.611148E-1
302	7.61196282E-1
877	7.61768887E-1
391	7.63061397E-1
384	7.64513142E-1
533	7.64793203E-1
477	7.66852738E-1
709	7.66886284E-1
137	7.68264218E-1
61	7.68368739E-1
202	7.70056741E-1
697	7.74305248E-1
267	7.75303365E-1
77	7.75436004E-1
23	7.76583278E-1
598	7.78663818E-1
191	7.78968132E-1
1002	7.80154284E-1
780	7.81379339E-1
331	7.8170194E-1
174	7.81762046E-1
952	7.81927428E-1
629	7.85406131E-1
19	7.85991627E-1
819	7.87423916E-1
241	7.89498105E-1
535	7.90956459E-1
713	7.91632465E-1
127	7.92639229E-1
988	7.93078794E-1
130	7.93245835E-1
21	7.94665256E-1
545	7.95090995E-1
936	7.95740657E-1
155	7.98977847E-1
574	7.99992887E-1
762	8.00078236E-1
845	8.00564384E-1
255	8.01984157E-1
839	8.02825749E-1
1005	8.03856127E-1
428	8.04006908E-1
207	8.04415028E-1
576	8.04708062E-1
434	8.05721376E-1
9	8.08178333E-1
0	8.08304319E-1
548	8.08455426E-1
392	8.08564064E-1
178	8.11693367E-1
183	8.12806165E-1
232	8.13316357E-1
943	8.14034121E-1
907	8.16898046E-1
249	8.17883648E-1
884	8.19006167E-1
84	8.20775392E-1
284	8.20876603E-1
1022	8.21763928E-1
567	8.21921184E-1
133	8.2250749E-1
670	8.22737065E-1
356	8.23044142E-1
14	8.25522968E-1
32	8.27202096E-1
539	8.30889542E-1
650	8.31189008E-1
406	8.33540151E-1
991	8.37107739E-1
822	8.37155477E-1
246	8.37750592E-1
355	8.39196486E-1
804	8.39320683E-1
922	8.39517438E-1
165	8.40651528E-1
63	8.40812448E-1
142	8.44193711E-1
986	8.45713989E-1
251	8.46929098E-1
729	8.47295551E-1
254	8.47400575E-1
712	8.47738155E-1
102	8.48606889E-1
613	8.51151289E-1
990	8.53243215E-1
291	8.54234711E-1
56	8.54399054E-1
809	8.58429166E-1
616	8.59397619E-1
22	8.59513424E-1
444	8.60884626E-1
841	8.62968567E-1
870	8.63726028E-1
818	8.64163162E-1
365	8.64969803E-1
683	8.65653172E-1
901	8.67254402E-1
859	8.68076857E-1
399	8.70090058E-1
612	8.71386159E-1
482	8.71987636E-1
717	8.74509835E-1
140	8.76012223E-1
154	8.77799469E-1
426	8.78719956E-1
362	8.78910974E-1
359	8.81696909E-1
383	8.81828777E-1
681	8.82017059E-1
736	8.85272859E-1
172	8.85274766E-1
52	8.86272337E-1
956	8.86336062E-1
977	8.8755451E-1
201	8.88080133E-1
204	8.89985903E-1
96	8.93973474E-1
158	8.9426414E-1
1017	8.9432846E-1
213	8.94518628E-1
998	8.95004581E-1
784	8.9754355E-1
138	9.00057818E-1
701	9.00257007E-1
318	9.01191231E-1
143	9.01446277E-1
694	9.0175311E-1
766	9.01906116E-1
908	9.02009681E-1
682	9.02792732E-1
536	9.02904935E-1
370	9.02926999E-1
321	9.03990566E-1
305	9.05221522E-1
277	9.09033484E-1
262	9.0920457E-1
893	9.11623731E-1
8	9.12651197E-1
3	9.12844891E-1
287	9.13013762E-1
957	9.13885087E-1
639	9.1411006E-1
59	9.15600492E-1
148	9.16427357E-1
425	9.17749666E-1
978	9.18345925E-1
47	9.18825798E-1
668	9.18883135E-1
149	9.20535768E-1
644	9.20584586E-1
896	9.22072651E-1
741	9.22143898E-1
375	9.24409251E-1
288	9.24464074E-1
89	9.25151615E-1
773	9.27055328E-1
397	9.27195909E-1
997	9.28004606E-1
691	9.28953633E-1
167	9.29146602E-1
85	9.29269216E-1
2	9.31466255E-1
758	9.31988261E-1
76	9.3449974E-1
358	9.34604103E-1
487	9.35638325E-1
337	9.36771841E-1
898	9.37749266E-1
1014	9.39404384E-1
435	9.39469837E-1
889	9.39790086E-1
581	9.41691446E-1
194	9.430922E-1
703	9.44579196E-1
966	9.45986212E-1
464	9.46243514E-1
401	9.46655415E-1
1018	9.46683304E-1
28	9.47879107E-1
521	9.49547573E-1
704	9.49824318E-1
471	9.50362011E-1
918	9.51726416E-1
481	9.52513781E-1
230	9.5293043E-1
253	9.53882711E-1
760	9.54737095E-1
188	9.55087106E-1
768	9.55621017E-1
1012	9.56711192E-1
875	9.56898939E-1
516	9.57073331E-1
280	9.57210991E-1
215	9.57221731E-1
423	9.57672687E-1
226	9.5797655E-1
345	9.5845976E-1
126	9.60359133E-1
555	9.61886906E-1
930	9.61968654E-1
883	9.63693127E-1
1020	9.64488476E-1
180	9.67334989E-1
692	9.67355208E-1
904	9.67742878E-1
379	9.68523912E-1
895	9.69143206E-1
753	9.69171017E-1
299	9.69696765E-1
151	9.69989542E-1
452	9.70007036E-1
582	9.70862439E-1
851	9.71111179E-1
565	9.71447208E-1
115	9.7168194E-1
815	9.74264862E-1
175	9.74896063E-1
485	9.74970099E-1
511	9.7803219E-1
678	9.78333949E-1
721	9.79445392E-1
947	9.79842053E-1
289	9.80222762E-1
941	9.80347116E-1
1023	9.80483066E-1
921	9.83516335E-1
693	9.84014038E-1
801	9.84014448E-1
336	9.8969242E-1
761	9.90509337E-1
994	9.90895534E-1
120	9.91013642E-1
752	9.93351575E-1
942	9.93423494E-1
278	9.93935155E-1
11	9.96253716E-1
1019	9.97569673E-1
985	9.97824087E-1
546	9.9827704E-1
621	9.99114129E-1
715	9.99624586E-1
967	9.99931058E-1
816	9.99992458E-1
