Name	chi2Pvalue
176	1.1038229E-5
390	3.22080174E-5
111	5.60442156E-5
664	6.5603615E-5
68	2.46458552E-4
309	6.96438874E-4
820	3.49174834E-3
813	3.7685194E-3
689	6.06286142E-3
317	6.61750964E-3
238	6.82287222E-3
443	6.89707978E-3
856	9.72030123E-3
501	9.84245617E-3
928	1.28846572E-2
634	1.42238172E-2
327	1.47711141E-2
946	1.52546737E-2
745	1.60657154E-2
677	1.62375445E-2
787	1.64166511E-2
145	1.64527711E-2
966	1.72764526E-2
778	1.85860676E-2
396	1.89675238E-2
993	1.91794873E-2
624	2.04557194E-2
21	2.36677431E-2
239	2.71051186E-2
191	2.74872804E-2
479	2.81163866E-2
460	2.97235412E-2
803	3.01659213E-2
94	3.05079311E-2
706	3.07110548E-2
705	3.13494084E-2
431	3.19258024E-2
480	3.20694462E-2
205	3.32905718E-2
751	3.47605744E-2
894	3.53559947E-2
730	3.731273E-2
515	3.77674949E-2
74	3.9023044E-2
474	3.95933583E-2
55	4.0057983E-2
622	4.07287756E-2
955	4.08478173E-2
556	4.55994344E-2
388	4.61315135E-2
374	4.68566512E-2
777	4.70335468E-2
876	4.78605189E-2
164	4.84263207E-2
56	4.93927628E-2
444	5.00600687E-2
740	5.05797384E-2
591	5.05929765E-2
88	5.08993973E-2
196	5.11028481E-2
680	5.16035002E-2
325	5.19936966E-2
0	5.2072223E-2
190	5.49137265E-2
675	5.7819393E-2
436	5.78309593E-2
565	6.02515891E-2
849	6.07048724E-2
738	6.12518551E-2
784	6.36157678E-2
553	6.3839059E-2
150	6.49468304E-2
726	6.63804649E-2
551	6.90625962E-2
1011	6.99564649E-2
1010	7.14456436E-2
257	7.21646257E-2
754	7.3793349E-2
760	7.40078017E-2
764	7.44322268E-2
991	7.50920493E-2
586	7.56684075E-2
414	7.5992705E-2
786	7.86271434E-2
40	7.98721034E-2
233	8.11983173E-2
953	8.28237382E-2
203	8.56453918E-2
922	8.57461425E-2
103	8.63850865E-2
467	8.83614485E-2
380	8.98808716E-2
637	9.24823481E-2
326	9.33533369E-2
829	9.41237952E-2
350	9.43605666E-2
678	9.5077811E-2
39	9.54010827E-2
530	9.72206637E-2
450	9.87638158E-2
752	9.88727482E-2
860	9.96418253E-2
500	1.00023197E-1
267	1.013911E-1
330	1.01650944E-1
198	1.06661355E-1
318	1.0695471E-1
221	1.08998565E-1
731	1.09424296E-1
848	1.10813125E-1
73	1.12496537E-1
735	1.1397336E-1
891	1.14603123E-1
792	1.15375289E-1
628	1.15702634E-1
72	1.16120394E-1
612	1.17405935E-1
110	1.17491233E-1
260	1.19184966E-1
355	1.21336706E-1
491	1.21337517E-1
339	1.2150065E-1
999	1.22862327E-1
319	1.2322764E-1
744	1.23706554E-1
800	1.23720966E-1
285	1.24570076E-1
482	1.25821836E-1
273	1.26910935E-1
123	1.27361184E-1
994	1.28344355E-1
33	1.31210457E-1
457	1.3169513E-1
652	1.31887631E-1
575	1.32014815E-1
458	1.3324699E-1
902	1.33590081E-1
908	1.33832086E-1
131	1.35122591E-1
213	1.35899653E-1
823	1.36592786E-1
488	1.37504448E-1
370	1.37598216E-1
54	1.3782714E-1
795	1.39054787E-1
606	1.39807748E-1
603	1.43531262E-1
904	1.43747434E-1
76	1.448411E-1
722	1.46611979E-1
371	1.46614341E-1
147	1.48184896E-1
989	1.50163631E-1
963	1.51808413E-1
48	1.52036985E-1
63	1.52568552E-1
144	1.52914926E-1
433	1.57678361E-1
26	1.58848825E-1
821	1.59080347E-1
979	1.59082382E-1
177	1.59678953E-1
27	1.60662129E-1
674	1.6213319E-1
492	1.62183733E-1
579	1.63521665E-1
867	1.64047459E-1
945	1.64085577E-1
673	1.66174891E-1
956	1.66953787E-1
609	1.67328829E-1
541	1.6773832E-1
779	1.68051391E-1
802	1.69100121E-1
509	1.69225266E-1
923	1.69885414E-1
638	1.70552042E-1
791	1.71650866E-1
783	1.72125628E-1
276	1.72837482E-1
765	1.73141433E-1
750	1.73805583E-1
91	1.73907678E-1
954	1.74975532E-1
577	1.75298636E-1
512	1.77330391E-1
885	1.77810694E-1
193	1.79494772E-1
808	1.80398876E-1
818	1.80643019E-1
329	1.83645715E-1
465	1.83964604E-1
683	1.84644921E-1
685	1.85199596E-1
243	1.85492792E-1
532	1.86053681E-1
562	1.86375963E-1
698	1.86489382E-1
964	1.86728017E-1
42	1.90282829E-1
676	1.90538336E-1
844	1.9142612E-1
633	1.91774002E-1
75	1.92641266E-1
838	1.9361042E-1
413	1.94053185E-1
554	1.94281482E-1
127	1.94826557E-1
132	1.97692635E-1
769	2.01027998E-1
211	2.01878349E-1
702	2.03042751E-1
524	2.03351934E-1
343	2.03611505E-1
45	2.04126714E-1
92	2.04223146E-1
157	2.04553995E-1
992	2.05118291E-1
81	2.05622123E-1
429	2.05792449E-1
223	2.08173629E-1
114	2.08283178E-1
407	2.09372773E-1
960	2.09957633E-1
806	2.10486012E-1
965	2.11397389E-1
875	2.12901164E-1
833	2.13097339E-1
292	2.13953383E-1
125	2.15282713E-1
499	2.1679046E-1
1016	2.17707126E-1
263	2.18986549E-1
870	2.19098685E-1
930	2.20836099E-1
521	2.21216593E-1
625	2.22434053E-1
636	2.23181288E-1
681	2.24458699E-1
341	2.24725483E-1
878	2.27109976E-1
671	2.27456022E-1
951	2.28098711E-1
815	2.28561624E-1
983	2.28736238E-1
386	2.2886867E-1
709	2.31802554E-1
84	2.34429595E-1
360	2.384486E-1
736	2.38724049E-1
418	2.39174681E-1
60	2.39767218E-1
903	2.40155535E-1
316	2.41912757E-1
761	2.42935023E-1
525	2.43590016E-1
269	2.43999499E-1
107	2.46096785E-1
616	2.46111148E-1
853	2.46158979E-1
739	2.4621495E-1
38	2.46515504E-1
770	2.46586551E-1
567	2.48585781E-1
580	2.49218484E-1
766	2.50506578E-1
759	2.51066499E-1
626	2.52370078E-1
1000	2.53654468E-1
607	2.54457654E-1
939	2.55353139E-1
62	2.5558249E-1
206	2.57361485E-1
406	2.57712972E-1
558	2.58681256E-1
796	2.59073836E-1
201	2.62248938E-1
697	2.62931348E-1
935	2.65192424E-1
768	2.65419071E-1
204	2.66725382E-1
83	2.68413301E-1
427	2.69686792E-1
229	2.70354692E-1
832	2.72860777E-1
308	2.73038646E-1
230	2.74386064E-1
426	2.7487002E-1
364	2.7546146E-1
89	2.77223647E-1
352	2.77722037E-1
801	2.77860117E-1
306	2.77905137E-1
522	2.7849692E-1
570	2.79216502E-1
381	2.85115291E-1
1005	2.89231153E-1
975	2.89345168E-1
734	2.90940823E-1
478	2.90961529E-1
139	2.9103645E-1
226	2.93531732E-1
788	2.94067334E-1
412	2.94113831E-1
124	2.94469424E-1
568	2.94816436E-1
663	2.95342939E-1
571	2.95836082E-1
415	2.95877569E-1
133	2.96101917E-1
897	2.98237313E-1
67	2.99769557E-1
670	2.99781404E-1
892	3.00509299E-1
851	3.03213116E-1
437	3.0386957E-1
782	3.06352076E-1
668	3.06385256E-1
259	3.08213964E-1
1001	3.08498639E-1
836	3.08716694E-1
9	3.09400875E-1
470	3.09716937E-1
13	3.10348719E-1
846	3.13840465E-1
650	3.14094579E-1
14	3.14378529E-1
841	3.15610462E-1
454	3.1645462E-1
869	3.16750439E-1
51	3.17085778E-1
140	3.17376489E-1
242	3.17912284E-1
978	3.18104721E-1
588	3.19337189E-1
1008	3.19580198E-1
1012	3.21011018E-1
600	3.23845092E-1
837	3.27313886E-1
225	3.29938559E-1
80	3.29975873E-1
700	3.32850404E-1
315	3.3301673E-1
672	3.35187638E-1
136	3.35267068E-1
251	3.36084208E-1
526	3.41917627E-1
924	3.44026326E-1
596	3.45894376E-1
861	3.46161895E-1
518	3.4719667E-1
546	3.47231091E-1
70	3.47314438E-1
246	3.47334749E-1
915	3.48483832E-1
893	3.48770014E-1
173	3.49013009E-1
302	3.49039801E-1
756	3.49250767E-1
141	3.50378283E-1
774	3.5071308E-1
165	3.51503038E-1
617	3.52663283E-1
645	3.52748682E-1
224	3.53066188E-1
573	3.56416571E-1
119	3.57970601E-1
865	3.59502598E-1
5	3.60132571E-1
120	3.61961807E-1
361	3.64151954E-1
741	3.6590399E-1
161	3.6696281E-1
35	3.67366815E-1
887	3.67486963E-1
253	3.70731089E-1
446	3.74693659E-1
32	3.75561759E-1
64	3.75584463E-1
366	3.76802132E-1
644	3.79004913E-1
881	3.79858323E-1
898	3.80690892E-1
255	3.81057498E-1
614	3.8272394E-1
597	3.82747743E-1
59	3.84696246E-1
743	3.86404058E-1
696	3.86792995E-1
359	3.87637669E-1
982	3.87948898E-1
858	3.89119198E-1
912	3.89474272E-1
649	3.89671361E-1
249	3.90356817E-1
268	3.97047208E-1
159	3.9782714E-1
725	3.98491779E-1
974	3.9865465E-1
686	3.98959352E-1
57	3.99361194E-1
362	4.01950224E-1
207	4.04146214E-1
564	4.0470024E-1
905	4.053517E-1
537	4.05699323E-1
595	4.07316622E-1
1002	4.08162398E-1
134	4.11455228E-1
393	4.11618155E-1
773	4.12604593E-1
959	4.12897575E-1
160	4.14100939E-1
298	4.14365756E-1
657	4.15439943E-1
843	4.18008132E-1
732	4.18239148E-1
976	4.18372699E-1
605	4.18476521E-1
69	4.18709818E-1
304	4.19018225E-1
296	4.20799282E-1
651	4.21079727E-1
582	4.21667907E-1
494	4.21810175E-1
1014	4.21839319E-1
445	4.23495091E-1
4	4.24329304E-1
258	4.26823982E-1
19	4.29185481E-1
7	4.30065088E-1
932	4.3155785E-1
78	4.33134548E-1
169	4.33602141E-1
555	4.33647902E-1
423	4.34572002E-1
235	4.3493592E-1
559	4.38226442E-1
984	4.388835E-1
863	4.39517241E-1
142	4.4245267E-1
305	4.42840652E-1
289	4.43154514E-1
594	4.43351111E-1
772	4.43437464E-1
432	4.44094374E-1
809	4.46059583E-1
934	4.46172663E-1
20	4.46496609E-1
728	4.52240608E-1
834	4.52649806E-1
299	4.53181386E-1
274	4.54614309E-1
859	4.56075321E-1
349	4.5614568E-1
757	4.57625564E-1
718	4.61397875E-1
981	4.61468668E-1
87	4.62775549E-1
30	4.6361541E-1
544	4.64378848E-1
247	4.65515653E-1
451	4.65658636E-1
377	4.66135251E-1
828	4.66475118E-1
348	4.6653337E-1
99	4.6787575E-1
93	4.6800081E-1
659	4.71969172E-1
988	4.72014521E-1
627	4.72168995E-1
307	4.72426569E-1
987	4.72848092E-1
919	4.72987251E-1
968	4.73418114E-1
453	4.73847216E-1
990	4.74771789E-1
714	4.7486582E-1
262	4.76253387E-1
850	4.77201442E-1
376	4.79152126E-1
180	4.8224004E-1
356	4.82318982E-1
790	4.82596637E-1
847	4.82744012E-1
277	4.85638834E-1
666	4.85860164E-1
455	4.86107595E-1
86	4.86318249E-1
121	4.86647843E-1
724	4.87292093E-1
148	4.87517508E-1
504	4.87716938E-1
278	4.89125605E-1
2	4.89559697E-1
232	4.9235634E-1
669	4.93951505E-1
18	4.94238599E-1
489	4.97802536E-1
463	4.97936246E-1
182	4.99875451E-1
560	5.01627794E-1
264	5.01958814E-1
723	5.02718088E-1
422	5.04906319E-1
950	5.0491958E-1
583	5.0614139E-1
613	5.06407751E-1
498	5.06444857E-1
1017	5.07379566E-1
65	5.09029238E-1
545	5.09652195E-1
241	5.09853504E-1
767	5.10056296E-1
162	5.10850981E-1
189	5.1189658E-1
882	5.12426793E-1
763	5.13944013E-1
708	5.14525972E-1
503	5.14784132E-1
886	5.17246109E-1
313	5.17870511E-1
411	5.18983331E-1
472	5.19894817E-1
866	5.21302931E-1
194	5.26908219E-1
909	5.30631798E-1
658	5.31760429E-1
913	5.33494669E-1
297	5.33516936E-1
363	5.34008596E-1
311	5.36094438E-1
807	5.38869756E-1
357	5.39246574E-1
106	5.39256156E-1
15	5.39664688E-1
183	5.41315496E-1
970	5.41677125E-1
1003	5.43836545E-1
819	5.43856584E-1
456	5.44080741E-1
746	5.44698309E-1
416	5.45461796E-1
294	5.45660379E-1
469	5.46358702E-1
135	5.46839594E-1
816	5.46936016E-1
113	5.47801165E-1
152	5.48459584E-1
602	5.49017378E-1
353	5.4950034E-1
287	5.51606381E-1
584	5.54637956E-1
220	5.56919521E-1
428	5.58199604E-1
485	5.60014159E-1
967	5.66782007E-1
237	5.68098937E-1
926	5.68379894E-1
679	5.6880398E-1
293	5.69323623E-1
12	5.69873332E-1
827	5.70900394E-1
762	5.71321632E-1
916	5.74928782E-1
1015	5.75112162E-1
31	5.75605781E-1
219	5.76659813E-1
314	5.76825159E-1
270	5.78248397E-1
208	5.80715552E-1
502	5.80742843E-1
171	5.8110776E-1
266	5.81195414E-1
146	5.81601244E-1
513	5.85408325E-1
534	5.86182504E-1
228	5.86400308E-1
382	5.87148693E-1
218	5.88951157E-1
873	5.89102618E-1
985	5.89885633E-1
449	5.90794116E-1
425	5.90983932E-1
185	5.91528819E-1
753	5.92714575E-1
539	5.93181143E-1
430	5.96832701E-1
333	5.97209186E-1
477	5.99117299E-1
936	5.99334963E-1
695	6.01468389E-1
995	6.01520521E-1
864	6.02075703E-1
149	6.03025456E-1
481	6.04927843E-1
687	6.07255097E-1
629	6.07569158E-1
931	6.08216522E-1
351	6.0918067E-1
186	6.09736984E-1
265	6.10133371E-1
484	6.11470094E-1
921	6.13507946E-1
340	6.1354129E-1
43	6.15599658E-1
712	6.16436072E-1
117	6.18808846E-1
601	6.1897143E-1
643	6.19649832E-1
910	6.20573966E-1
373	6.25122111E-1
947	6.25559388E-1
10	6.30186134E-1
1007	6.33029077E-1
896	6.33455518E-1
442	6.34331089E-1
379	6.34890101E-1
321	6.3502717E-1
610	6.35677449E-1
797	6.3699536E-1
156	6.37439211E-1
842	6.37645115E-1
222	6.39984747E-1
535	6.40006755E-1
611	6.40438103E-1
727	6.43406784E-1
665	6.44265217E-1
505	6.45001891E-1
365	6.46987011E-1
170	6.47474741E-1
839	6.48649009E-1
733	6.49386546E-1
291	6.50930295E-1
508	6.51843415E-1
710	6.5240063E-1
435	6.53536417E-1
410	6.54849386E-1
212	6.55178937E-1
962	6.57851322E-1
8	6.58538034E-1
729	6.58847139E-1
404	6.59310728E-1
506	6.6012694E-1
261	6.60460443E-1
604	6.61140733E-1
234	6.63220229E-1
250	6.63441799E-1
471	6.64446087E-1
776	6.6447181E-1
877	6.6447227E-1
749	6.6565689E-1
691	6.66781749E-1
868	6.68935526E-1
102	6.69298537E-1
286	6.74120476E-1
533	6.74287501E-1
387	6.7460949E-1
661	6.75403603E-1
662	6.77130868E-1
312	6.79906276E-1
98	6.806674E-1
1021	6.80760023E-1
542	6.82793904E-1
301	6.8284913E-1
389	6.83343474E-1
703	6.83366097E-1
516	6.83583465E-1
576	6.84335011E-1
29	6.84596407E-1
245	6.84666098E-1
187	6.85072677E-1
34	6.85496766E-1
789	6.87544711E-1
331	6.89357215E-1
742	6.92424577E-1
840	6.94749855E-1
640	6.95969525E-1
174	6.96127528E-1
459	6.97618859E-1
713	6.98013193E-1
476	6.99618385E-1
519	7.03390522E-1
105	7.04140305E-1
971	7.06525771E-1
358	7.07327944E-1
403	7.09033801E-1
933	7.09670303E-1
977	7.09797532E-1
510	7.10191122E-1
900	7.1161494E-1
271	7.13612894E-1
969	7.14077615E-1
179	7.16342494E-1
529	7.16367242E-1
392	7.16662801E-1
462	7.20572491E-1
440	7.21012151E-1
619	7.21039995E-1
158	7.21221966E-1
996	7.22246079E-1
254	7.23288969E-1
101	7.23617832E-1
332	7.28622767E-1
566	7.29378781E-1
814	7.29555428E-1
368	7.31278913E-1
284	7.31321142E-1
631	7.32974459E-1
328	7.3495309E-1
621	7.35580944E-1
548	7.40400137E-1
346	7.41793102E-1
11	7.44188214E-1
1004	7.44556903E-1
775	7.4566537E-1
399	7.46087458E-1
378	7.47675658E-1
531	7.47941804E-1
95	7.50264668E-1
694	7.50944065E-1
620	7.52373665E-1
889	7.52387893E-1
337	7.52637486E-1
468	7.53498712E-1
538	7.54720188E-1
227	7.55513403E-1
883	7.56685812E-1
240	7.57978139E-1
578	7.58747174E-1
949	7.58873246E-1
758	7.59788455E-1
721	7.60139715E-1
918	7.60439967E-1
514	7.60843679E-1
899	7.62724474E-1
448	7.63219609E-1
862	7.63732638E-1
557	7.664403E-1
599	7.69609554E-1
395	7.69845195E-1
937	7.71331144E-1
168	7.73552172E-1
692	7.74861499E-1
82	7.75973338E-1
452	7.76010723E-1
320	7.77740562E-1
215	7.780395E-1
1013	7.78611073E-1
647	7.78690268E-1
880	7.80923746E-1
300	7.82622539E-1
888	7.84176451E-1
214	7.85933272E-1
344	7.86129999E-1
1020	7.86857022E-1
998	7.86933575E-1
927	7.87631628E-1
804	7.88199198E-1
495	7.89243834E-1
835	7.90820125E-1
236	7.92404317E-1
71	7.92697141E-1
857	7.93334377E-1
401	7.95080502E-1
667	7.95082137E-1
581	7.9552609E-1
1009	7.97245478E-1
719	7.97976026E-1
47	7.98469413E-1
940	7.98548635E-1
338	7.99342952E-1
747	7.99560611E-1
434	7.99891137E-1
49	8.00484918E-1
100	8.01412236E-1
980	8.01516269E-1
129	8.01999597E-1
660	8.02603541E-1
497	8.02639522E-1
408	8.02680911E-1
943	8.02723664E-1
824	8.03664066E-1
656	8.03671581E-1
641	8.04290154E-1
295	8.0439493E-1
122	8.04979426E-1
108	8.05210265E-1
810	8.07356096E-1
642	8.07408015E-1
699	8.0925979E-1
281	8.10138405E-1
391	8.11149163E-1
907	8.13054113E-1
97	8.14067505E-1
715	8.15199356E-1
618	8.17763672E-1
799	8.18016279E-1
986	8.18223602E-1
58	8.20043006E-1
635	8.21026864E-1
394	8.23956851E-1
163	8.24616758E-1
151	8.24763011E-1
817	8.25188259E-1
336	8.27002256E-1
517	8.28759511E-1
585	8.29138865E-1
439	8.33075133E-1
178	8.33805426E-1
852	8.33997375E-1
511	8.36026769E-1
1	8.36151225E-1
938	8.36590924E-1
231	8.37403069E-1
79	8.38661551E-1
303	8.38851752E-1
528	8.40748137E-1
771	8.420029E-1
646	8.42871033E-1
707	8.43672941E-1
639	8.46376515E-1
854	8.46761294E-1
942	8.47303244E-1
6	8.47413184E-1
184	8.47589595E-1
397	8.47648763E-1
367	8.48371072E-1
23	8.48892298E-1
929	8.5027317E-1
895	8.5029773E-1
252	8.50424144E-1
632	8.50657178E-1
552	8.51698702E-1
682	8.53515756E-1
77	8.55455728E-1
322	8.56522392E-1
90	8.56844176E-1
52	8.57019439E-1
310	8.57625489E-1
400	8.58083393E-1
398	8.59474623E-1
130	8.60217933E-1
104	8.61462875E-1
1018	8.62720506E-1
948	8.62830768E-1
36	8.63531027E-1
593	8.63780833E-1
737	8.6499902E-1
884	8.65570623E-1
812	8.65692699E-1
417	8.67441038E-1
3	8.6822579E-1
798	8.69406165E-1
569	8.69904587E-1
248	8.70722693E-1
115	8.72269675E-1
199	8.72850155E-1
288	8.73236135E-1
547	8.7409407E-1
906	8.74297875E-1
385	8.74397715E-1
655	8.7518825E-1
209	8.76836303E-1
941	8.77439561E-1
811	8.77795473E-1
405	8.78838869E-1
793	8.79476359E-1
166	8.81357573E-1
549	8.83463615E-1
972	8.84374048E-1
441	8.85482057E-1
520	8.870545E-1
589	8.87308589E-1
402	8.88028476E-1
109	8.89627015E-1
155	8.89851883E-1
550	8.8999042E-1
825	8.908233E-1
748	8.91631617E-1
653	8.92021432E-1
684	8.92209814E-1
958	8.94167126E-1
419	8.9510709E-1
17	8.95495018E-1
717	8.95710121E-1
901	9.00842835E-1
138	9.01316791E-1
22	9.02216431E-1
483	9.04200795E-1
46	9.05090501E-1
272	9.06447281E-1
466	9.06472016E-1
217	9.07493944E-1
334	9.07797578E-1
24	9.09557932E-1
275	9.10778861E-1
192	9.11366593E-1
688	9.12314374E-1
447	9.13395177E-1
781	9.13489643E-1
66	9.14779244E-1
354	9.14815584E-1
543	9.1577788E-1
879	9.16200958E-1
490	9.16938553E-1
116	9.17553239E-1
957	9.17736198E-1
507	9.18693885E-1
256	9.20197737E-1
112	9.20230085E-1
197	9.21469991E-1
96	9.22099394E-1
118	9.2216787E-1
375	9.22553996E-1
805	9.22982557E-1
496	9.23302816E-1
172	9.24037747E-1
50	9.24672051E-1
874	9.24686603E-1
44	9.25058648E-1
282	9.2661336E-1
424	9.27868641E-1
794	9.28763971E-1
608	9.2937964E-1
911	9.29610448E-1
872	9.30566112E-1
917	9.30713169E-1
323	9.30816043E-1
997	9.31085561E-1
137	9.32024696E-1
830	9.35825357E-1
973	9.36067143E-1
384	9.36798286E-1
925	9.37575821E-1
654	9.3839917E-1
475	9.39034818E-1
181	9.39519756E-1
345	9.39654262E-1
630	9.4055048E-1
1006	9.41007553E-1
335	9.41377235E-1
188	9.41924759E-1
202	9.42451287E-1
690	9.43298591E-1
716	9.43814594E-1
961	9.44080507E-1
210	9.44670038E-1
53	9.45213708E-1
845	9.45925481E-1
25	9.46277893E-1
890	9.48373738E-1
372	9.4967348E-1
37	9.49748954E-1
780	9.50049304E-1
615	9.50288582E-1
16	9.50361817E-1
61	9.51261662E-1
822	9.52387452E-1
409	9.52475042E-1
623	9.52514176E-1
487	9.53611484E-1
574	9.53948521E-1
143	9.5455443E-1
383	9.55008512E-1
540	9.56947106E-1
347	9.57165356E-1
128	9.57658768E-1
563	9.58169355E-1
871	9.59031894E-1
527	9.59080466E-1
587	9.61787983E-1
324	9.61830476E-1
952	9.63252175E-1
592	9.63385449E-1
648	9.63412291E-1
280	9.64232565E-1
200	9.64253926E-1
755	9.66052118E-1
279	9.66811891E-1
167	9.66890664E-1
711	9.70352243E-1
154	9.71408603E-1
41	9.72126393E-1
944	9.73361355E-1
216	9.73985596E-1
493	9.74718064E-1
195	9.74736478E-1
153	9.77727528E-1
598	9.79184107E-1
785	9.80608242E-1
536	9.80837233E-1
561	9.82378644E-1
342	9.8241298E-1
831	9.83927271E-1
523	9.84559566E-1
420	9.8744905E-1
572	9.88907057E-1
855	9.89393123E-1
28	9.90261948E-1
175	9.90759052E-1
438	9.90966757E-1
704	9.91553E-1
244	9.93272859E-1
701	9.9339303E-1
461	9.93814358E-1
826	9.9414181E-1
126	9.943411E-1
720	9.94529416E-1
473	9.94891172E-1
693	9.95040677E-1
486	9.95534593E-1
464	9.96523588E-1
1023	9.98065451E-1
1022	9.99057108E-1
914	9.99168994E-1
421	9.99609378E-1
1019	9.99734043E-1
85	9.99973133E-1
290	9.99974251E-1
