Name	chi2Pvalue
684	3.30601694E-4
620	4.07606156E-4
923	1.87284986E-3
885	2.19016857E-3
296	2.8855302E-3
253	4.29371295E-3
509	4.35626307E-3
860	5.23526209E-3
844	5.82193473E-3
674	6.39543666E-3
311	8.36448152E-3
183	8.58272169E-3
963	1.11648509E-2
699	1.22792888E-2
974	1.2437232E-2
704	1.39973217E-2
347	1.41031269E-2
160	1.45209165E-2
227	1.74545554E-2
576	1.90036533E-2
485	2.19010137E-2
904	2.21598914E-2
517	2.25497986E-2
615	2.595425E-2
681	2.59885746E-2
998	2.68596719E-2
186	2.70858586E-2
381	2.74329097E-2
313	2.91384545E-2
627	2.9824299E-2
774	3.11474446E-2
797	3.16615117E-2
314	3.1668736E-2
245	3.43466319E-2
815	3.47099964E-2
450	3.52227961E-2
906	3.55048703E-2
221	3.55392673E-2
676	3.58939662E-2
638	3.69658815E-2
310	3.71271716E-2
346	3.77804455E-2
968	3.81226022E-2
116	4.12170312E-2
480	4.32150712E-2
735	4.37799134E-2
103	4.43200432E-2
1	4.69336677E-2
787	4.78449157E-2
900	4.8317476E-2
649	4.94354709E-2
238	4.98940509E-2
854	5.10052495E-2
198	5.24080716E-2
980	5.28770367E-2
300	5.31172733E-2
898	5.33681598E-2
581	5.35319074E-2
921	5.56939645E-2
45	5.69328762E-2
70	5.79447315E-2
73	5.91203365E-2
340	6.02221322E-2
489	6.13211211E-2
68	6.1909671E-2
0	6.2422555E-2
208	6.25722326E-2
394	6.35801124E-2
542	6.52333704E-2
211	6.56867491E-2
232	6.63670718E-2
702	6.66866504E-2
861	6.67973659E-2
694	6.7041554E-2
433	6.84661698E-2
526	6.8682291E-2
409	7.14113299E-2
755	7.51842547E-2
174	7.52200856E-2
551	7.60024954E-2
145	7.60205293E-2
127	7.64297683E-2
539	7.74754304E-2
940	7.75573105E-2
392	7.8070005E-2
745	7.84984543E-2
565	8.04736934E-2
57	8.09399206E-2
619	8.09948037E-2
743	8.29683122E-2
1002	8.52127684E-2
458	8.56706582E-2
338	8.81709937E-2
822	8.98179176E-2
205	8.99818765E-2
295	9.00577253E-2
521	9.11659318E-2
570	9.12451962E-2
320	9.16602996E-2
888	9.27392686E-2
796	9.33775877E-2
93	9.3454447E-2
766	9.50042921E-2
999	9.82264459E-2
880	9.93743452E-2
577	9.97589007E-2
864	1.00034369E-1
275	1.03023243E-1
53	1.04559882E-1
475	1.05259938E-1
197	1.06432946E-1
172	1.07688012E-1
996	1.07929981E-1
154	1.08410167E-1
353	1.10236486E-1
651	1.10542727E-1
490	1.11145963E-1
538	1.11614576E-1
710	1.11870128E-1
532	1.14482817E-1
257	1.14718342E-1
264	1.14932176E-1
718	1.15219739E-1
730	1.16859879E-1
741	1.17763891E-1
791	1.21678299E-1
982	1.22775287E-1
192	1.25638847E-1
269	1.25887687E-1
930	1.26672302E-1
823	1.28197395E-1
876	1.29488831E-1
802	1.2949888E-1
342	1.29841099E-1
707	1.30561135E-1
451	1.31725762E-1
425	1.32121726E-1
932	1.32852914E-1
262	1.34542614E-1
624	1.34933688E-1
303	1.35205451E-1
287	1.3521329E-1
831	1.37822308E-1
454	1.38265342E-1
668	1.38288009E-1
614	1.38683856E-1
98	1.39283206E-1
580	1.40548409E-1
2	1.40684747E-1
778	1.40768977E-1
224	1.42435715E-1
309	1.43052319E-1
156	1.43611968E-1
560	1.43731636E-1
835	1.44338182E-1
558	1.44882695E-1
383	1.47195793E-1
979	1.47345787E-1
634	1.50212587E-1
146	1.53320507E-1
163	1.54570106E-1
757	1.5506681E-1
139	1.55397167E-1
643	1.55626683E-1
562	1.56050868E-1
380	1.56321314E-1
948	1.56759387E-1
386	1.56927071E-1
817	1.58514631E-1
250	1.58780215E-1
582	1.59204812E-1
249	1.60639262E-1
228	1.60862139E-1
618	1.60876624E-1
352	1.61962955E-1
501	1.62925159E-1
297	1.62925625E-1
780	1.63308194E-1
155	1.6366575E-1
662	1.64732495E-1
20	1.69109883E-1
579	1.71614716E-1
784	1.71780936E-1
285	1.72089203E-1
508	1.72488484E-1
985	1.72572386E-1
364	1.73215491E-1
315	1.73642469E-1
190	1.75651917E-1
962	1.761379E-1
969	1.78391634E-1
468	1.78926008E-1
62	1.80704077E-1
612	1.81305789E-1
952	1.81624186E-1
79	1.82292342E-1
218	1.82428956E-1
78	1.82474052E-1
276	1.83588943E-1
349	1.84402996E-1
547	1.84841015E-1
759	1.86692865E-1
664	1.8833197E-1
331	1.89177045E-1
305	1.90000698E-1
241	1.91662952E-1
959	1.92555309E-1
752	1.93727641E-1
529	1.94832409E-1
14	1.94904083E-1
104	1.95049425E-1
552	1.95555521E-1
850	1.96857322E-1
158	1.97449435E-1
737	1.99000881E-1
239	1.9932043E-1
518	2.00033661E-1
196	2.02295383E-1
803	2.04445933E-1
709	2.04635662E-1
199	2.05886291E-1
429	2.06656594E-1
732	2.08177278E-1
247	2.10339474E-1
506	2.11117322E-1
456	2.11945176E-1
463	2.12059292E-1
713	2.13540569E-1
606	2.1761426E-1
455	2.17637419E-1
42	2.18414572E-1
659	2.20560016E-1
22	2.20675323E-1
652	2.21355368E-1
185	2.23016957E-1
33	2.23075402E-1
71	2.2369168E-1
950	2.29009259E-1
543	2.29933207E-1
446	2.30698485E-1
907	2.31932663E-1
586	2.32066058E-1
740	2.32865449E-1
259	2.33866431E-1
59	2.33937097E-1
887	2.34397807E-1
753	2.34838514E-1
438	2.34935574E-1
654	2.35029276E-1
387	2.35051239E-1
1006	2.35819302E-1
431	2.38684267E-1
731	2.39703878E-1
56	2.42103046E-1
556	2.42716582E-1
493	2.43303522E-1
719	2.45251254E-1
395	2.45833362E-1
114	2.4902753E-1
39	2.53630419E-1
87	2.55124184E-1
219	2.552288E-1
38	2.55630186E-1
35	2.56097531E-1
568	2.56988286E-1
332	2.58895122E-1
827	2.59765578E-1
602	2.60430414E-1
725	2.6088385E-1
903	2.61585404E-1
324	2.62456798E-1
182	2.62724168E-1
273	2.62981819E-1
847	2.65126814E-1
749	2.6544206E-1
486	2.67078581E-1
744	2.67126689E-1
402	2.67214959E-1
790	2.67488511E-1
316	2.70415951E-1
701	2.70677055E-1
973	2.7423648E-1
834	2.76153596E-1
598	2.77396228E-1
942	2.77629599E-1
235	2.79112754E-1
432	2.80386296E-1
966	2.81683842E-1
10	2.8258447E-1
452	2.84187246E-1
626	2.84336575E-1
884	2.84501084E-1
396	2.85895214E-1
994	2.87872804E-1
481	2.89003749E-1
908	2.9025301E-1
734	2.93707726E-1
764	2.94814426E-1
875	2.94867619E-1
813	2.95925749E-1
161	2.98485055E-1
350	2.99652629E-1
233	3.01179748E-1
107	3.02714786E-1
415	3.05409766E-1
51	3.0602921E-1
109	3.06115888E-1
842	3.08346149E-1
122	3.08792698E-1
384	3.1007398E-1
807	3.1125754E-1
530	3.12468948E-1
413	3.12750432E-1
1020	3.14778269E-1
608	3.15697938E-1
94	3.20135205E-1
466	3.24527675E-1
370	3.26742834E-1
32	3.29017282E-1
789	3.29028364E-1
36	3.29896635E-1
992	3.32854954E-1
683	3.34437964E-1
993	3.38030317E-1
983	3.39872148E-1
29	3.41901165E-1
995	3.42199725E-1
258	3.42361892E-1
435	3.43534565E-1
54	3.44997418E-1
400	3.45334726E-1
965	3.46232961E-1
5	3.46320016E-1
540	3.47498087E-1
622	3.49266306E-1
214	3.49524221E-1
341	3.49745716E-1
705	3.50317448E-1
479	3.51015329E-1
299	3.52133971E-1
697	3.52431198E-1
788	3.52704136E-1
792	3.53491997E-1
377	3.53584198E-1
372	3.54077477E-1
761	3.56109428E-1
9	3.57184365E-1
947	3.57324758E-1
282	3.58262724E-1
639	3.59721385E-1
513	3.59964797E-1
991	3.60393114E-1
327	3.6163519E-1
374	3.6300584E-1
263	3.64864146E-1
665	3.66263646E-1
663	3.68988375E-1
177	3.69975626E-1
555	3.73179901E-1
220	3.74457296E-1
21	3.74701335E-1
964	3.74917229E-1
417	3.770434E-1
416	3.79203124E-1
801	3.80480182E-1
487	3.80589241E-1
747	3.80766761E-1
690	3.81188625E-1
695	3.82475796E-1
304	3.82514383E-1
319	3.84342263E-1
986	3.88264907E-1
689	3.88667925E-1
13	3.89481557E-1
660	3.90136402E-1
572	3.90738688E-1
398	3.91024017E-1
879	3.91211265E-1
832	3.92357877E-1
15	3.93194625E-1
703	3.94439925E-1
672	3.97638983E-1
770	3.99088807E-1
783	3.99318259E-1
595	4.00051396E-1
189	4.00079806E-1
234	4.01278024E-1
461	4.01790206E-1
811	4.03185617E-1
52	4.06003916E-1
886	4.10619176E-1
213	4.10811185E-1
550	4.11476332E-1
824	4.12277603E-1
773	4.12657391E-1
128	4.13383614E-1
594	4.13946175E-1
74	4.14453226E-1
496	4.15212123E-1
585	4.16021521E-1
954	4.16470775E-1
754	4.20054134E-1
955	4.20511329E-1
121	4.20912351E-1
760	4.22302332E-1
291	4.23968641E-1
173	4.24240641E-1
933	4.25250275E-1
924	4.25520126E-1
164	4.2596954E-1
246	4.25990783E-1
648	4.27808343E-1
775	4.31058427E-1
256	4.31092453E-1
675	4.31220578E-1
838	4.32335711E-1
65	4.33226823E-1
535	4.34015479E-1
1000	4.34612072E-1
138	4.3581421E-1
712	4.36120847E-1
677	4.3751194E-1
848	4.39159227E-1
101	4.39244054E-1
772	4.39470813E-1
1003	4.39722301E-1
137	4.41458579E-1
436	4.43730573E-1
716	4.44512658E-1
284	4.44559056E-1
938	4.44986229E-1
805	4.45743367E-1
491	4.4608766E-1
90	4.46800918E-1
913	4.47319778E-1
293	4.47568497E-1
878	4.47729056E-1
804	4.48051797E-1
571	4.48902344E-1
469	4.49343347E-1
600	4.49864933E-1
281	4.51212317E-1
252	4.51236189E-1
243	4.5178036E-1
700	4.52122463E-1
882	4.5224564E-1
717	4.52399379E-1
548	4.53418526E-1
583	4.53655792E-1
794	4.53664984E-1
110	4.56838244E-1
1018	4.5896115E-1
333	4.63378829E-1
573	4.6680048E-1
378	4.66928141E-1
527	4.67204407E-1
727	4.67533248E-1
306	4.6758852E-1
277	4.69012142E-1
945	4.70155721E-1
268	4.70661765E-1
229	4.7267479E-1
7	4.74006961E-1
210	4.75356085E-1
514	4.75704219E-1
326	4.75718777E-1
61	4.76573908E-1
640	4.76804857E-1
202	4.76875452E-1
578	4.77546481E-1
1017	4.77819481E-1
650	4.78750934E-1
767	4.78770042E-1
260	4.79029913E-1
453	4.79257189E-1
403	4.7973853E-1
918	4.80545993E-1
837	4.80691389E-1
738	4.8165184E-1
609	4.81946025E-1
858	4.82431808E-1
126	4.82961339E-1
476	4.84573079E-1
465	4.87942768E-1
111	4.88508067E-1
592	4.89588804E-1
808	4.90467642E-1
990	4.90665934E-1
115	4.91705574E-1
66	4.95840657E-1
894	4.96637305E-1
339	4.96871352E-1
873	4.9693709E-1
255	4.97259166E-1
537	4.97580255E-1
655	4.9798403E-1
344	4.98420848E-1
482	4.98558571E-1
972	4.98815605E-1
390	4.9933321E-1
975	5.04206781E-1
67	5.06439784E-1
86	5.06464159E-1
178	5.07620205E-1
895	5.08168312E-1
698	5.08294108E-1
427	5.08780832E-1
554	5.10169433E-1
447	5.10591162E-1
76	5.13097578E-1
669	5.13733836E-1
970	5.14478367E-1
504	5.1594972E-1
621	5.16682944E-1
434	5.17454968E-1
195	5.17566537E-1
312	5.1788537E-1
120	5.18859193E-1
1009	5.19222896E-1
420	5.19539356E-1
937	5.20138994E-1
47	5.20633636E-1
55	5.21074088E-1
524	5.2163732E-1
355	5.22864261E-1
1004	5.22978072E-1
673	5.23643677E-1
106	5.23989392E-1
696	5.28771134E-1
786	5.29060467E-1
917	5.2910703E-1
899	5.29712762E-1
1023	5.31000733E-1
204	5.31176976E-1
726	5.33509069E-1
859	5.3559854E-1
6	5.3613225E-1
656	5.38054334E-1
541	5.3992022E-1
80	5.42319141E-1
637	5.42932947E-1
1005	5.44521585E-1
1001	5.44673896E-1
714	5.51641174E-1
641	5.53497074E-1
762	5.54016433E-1
748	5.55740055E-1
373	5.55896474E-1
404	5.57203602E-1
133	5.57776783E-1
472	5.57904042E-1
515	5.58982227E-1
209	5.59093428E-1
929	5.60969244E-1
956	5.63052108E-1
119	5.63440532E-1
912	5.63503112E-1
935	5.63682613E-1
763	5.63843864E-1
343	5.63917385E-1
464	5.65082688E-1
266	5.65329568E-1
477	5.66401764E-1
181	5.66985454E-1
635	5.68246213E-1
144	5.6868522E-1
289	5.69141437E-1
97	5.69199874E-1
188	5.69456016E-1
890	5.71724277E-1
153	5.72135098E-1
928	5.72397577E-1
92	5.73603188E-1
366	5.73736237E-1
914	5.73749579E-1
272	5.74842185E-1
812	5.7580674E-1
226	5.76640382E-1
559	5.7679837E-1
445	5.77442388E-1
840	5.79184465E-1
877	5.79469739E-1
49	5.8000366E-1
361	5.80273438E-1
736	5.80286612E-1
248	5.80693096E-1
777	5.81648874E-1
553	5.81705593E-1
1022	5.82702285E-1
460	5.8282112E-1
367	5.84113483E-1
426	5.85576266E-1
833	5.85910157E-1
569	5.86117885E-1
632	5.86210946E-1
3	5.86847111E-1
667	5.91373039E-1
308	5.91808271E-1
1010	5.92709449E-1
503	5.94955236E-1
593	5.95873261E-1
941	5.97342464E-1
872	5.97973596E-1
337	5.99319878E-1
371	6.00926166E-1
8	6.01789618E-1
27	6.01902534E-1
34	6.03239527E-1
318	6.04431759E-1
682	6.04687862E-1
222	6.08364556E-1
625	6.08702817E-1
826	6.10273772E-1
607	6.10903724E-1
323	6.10915905E-1
893	6.11489093E-1
661	6.13326111E-1
151	6.14259436E-1
270	6.14423733E-1
30	6.15446634E-1
334	6.15695241E-1
852	6.15746039E-1
200	6.15861366E-1
437	6.15871154E-1
483	6.16885768E-1
751	6.17440261E-1
680	6.18145379E-1
217	6.18927261E-1
511	6.18979764E-1
510	6.19238651E-1
670	6.20300828E-1
231	6.21739977E-1
896	6.21860357E-1
591	6.24855027E-1
742	6.24994572E-1
657	6.25322816E-1
977	6.256087E-1
869	6.27088355E-1
601	6.27574752E-1
280	6.27791123E-1
863	6.28437019E-1
354	6.29108736E-1
449	6.29121323E-1
946	6.29291015E-1
43	6.30073786E-1
636	6.301535E-1
798	6.30452549E-1
448	6.31507956E-1
411	6.33960146E-1
902	6.3489346E-1
495	6.35876646E-1
439	6.38687602E-1
981	6.40147768E-1
936	6.4188161E-1
976	6.42446533E-1
329	6.42524089E-1
152	6.42714673E-1
776	6.43659492E-1
206	6.44436848E-1
422	6.47195498E-1
81	6.48798521E-1
843	6.49974014E-1
176	6.50842682E-1
724	6.51314754E-1
407	6.52642227E-1
1019	6.5312767E-1
892	6.53155745E-1
317	6.53167328E-1
498	6.53640543E-1
853	6.554824E-1
100	6.56426145E-1
207	6.57043448E-1
642	6.58606323E-1
782	6.59261798E-1
421	6.59399854E-1
816	6.60074772E-1
781	6.61105419E-1
617	6.61783071E-1
132	6.62424212E-1
799	6.62802339E-1
113	6.62974729E-1
671	6.6317308E-1
507	6.6458014E-1
129	6.64614876E-1
523	6.65605455E-1
31	6.66406838E-1
442	6.66542632E-1
971	6.67009078E-1
519	6.68402183E-1
397	6.68420826E-1
910	6.68462711E-1
729	6.68890139E-1
616	6.69570219E-1
440	6.69887294E-1
157	6.72670301E-1
868	6.7287938E-1
69	6.72960522E-1
666	6.74729633E-1
50	6.77735397E-1
19	6.77980506E-1
604	6.78197974E-1
691	6.78254202E-1
728	6.79388261E-1
28	6.79419334E-1
274	6.80115993E-1
809	6.80250824E-1
611	6.81242779E-1
271	6.82261252E-1
746	6.83486883E-1
75	6.84205258E-1
363	6.86207003E-1
216	6.86946566E-1
1015	6.88785037E-1
603	6.90638462E-1
889	6.90908142E-1
26	6.94395514E-1
856	6.95193232E-1
25	6.9631084E-1
124	6.96612151E-1
1007	6.97463875E-1
628	6.9903988E-1
95	6.99855955E-1
444	7.00667295E-1
870	7.0163665E-1
693	7.01853894E-1
984	7.02021925E-1
891	7.02718913E-1
125	7.02960892E-1
357	7.03041853E-1
658	7.03884832E-1
821	7.04363431E-1
63	7.05251165E-1
335	7.06200041E-1
711	7.07200604E-1
265	7.08568131E-1
706	7.08674213E-1
48	7.08836141E-1
18	7.13121232E-1
240	7.13289897E-1
428	7.13660099E-1
325	7.14366258E-1
441	7.14378526E-1
58	7.15477388E-1
135	7.16820197E-1
549	7.17066093E-1
23	7.18647082E-1
215	7.21058338E-1
140	7.2115809E-1
1011	7.24775833E-1
925	7.25376683E-1
180	7.26242104E-1
37	7.28759087E-1
841	7.28810831E-1
722	7.29834435E-1
307	7.30703452E-1
162	7.31139547E-1
118	7.31814685E-1
470	7.33073223E-1
768	7.33190479E-1
424	7.36791227E-1
512	7.37172869E-1
175	7.38315407E-1
136	7.38600546E-1
653	7.40799074E-1
862	7.42703544E-1
631	7.43041506E-1
12	7.44513212E-1
244	7.44703288E-1
845	7.45695718E-1
1012	7.47427144E-1
516	7.49307507E-1
779	7.49345722E-1
254	7.50314138E-1
499	7.50719256E-1
686	7.51481854E-1
1016	7.53981659E-1
112	7.55388889E-1
883	7.56097069E-1
866	7.56257675E-1
467	7.57551898E-1
358	7.58077195E-1
85	7.58741194E-1
321	7.59333565E-1
531	7.59846519E-1
584	7.60754967E-1
943	7.62151132E-1
89	7.62741604E-1
399	7.62791729E-1
360	7.63692276E-1
605	7.64740775E-1
484	7.65061861E-1
46	7.65379271E-1
292	7.66731773E-1
645	7.66943556E-1
497	7.6718089E-1
143	7.67821265E-1
382	7.68222125E-1
897	7.68238816E-1
393	7.70327787E-1
967	7.71740878E-1
11	7.73472767E-1
169	7.73924867E-1
865	7.74396599E-1
99	7.74465562E-1
148	7.74712975E-1
557	7.75017117E-1
563	7.75792508E-1
44	7.76299256E-1
692	7.77382145E-1
881	7.78612145E-1
492	7.79146565E-1
167	7.80036844E-1
345	7.8072526E-1
587	7.82101556E-1
819	7.8228649E-1
82	7.82305463E-1
168	7.82552531E-1
230	7.83044603E-1
203	7.83560659E-1
739	7.84289689E-1
916	7.85802543E-1
846	7.86114946E-1
810	7.87040827E-1
236	7.87637985E-1
989	7.88059852E-1
687	7.89383398E-1
134	7.90384108E-1
301	7.91203632E-1
678	7.9361769E-1
566	7.93838722E-1
193	7.95703134E-1
857	7.96397114E-1
758	7.97092099E-1
988	7.97343938E-1
212	7.97657501E-1
828	7.9781615E-1
597	7.98026655E-1
589	7.991291E-1
170	7.99400738E-1
785	8.02319866E-1
83	8.02458101E-1
596	8.03415526E-1
721	8.03913095E-1
147	8.0760396E-1
522	8.09471389E-1
871	8.14876072E-1
901	8.15442121E-1
408	8.16687195E-1
505	8.17966849E-1
336	8.23334618E-1
874	8.28414458E-1
471	8.3081907E-1
102	8.30944526E-1
575	8.31926454E-1
720	8.32749707E-1
473	8.34055202E-1
286	8.35881192E-1
909	8.36058341E-1
685	8.36390596E-1
931	8.36683791E-1
525	8.38622922E-1
302	8.41518072E-1
679	8.43255632E-1
419	8.45291307E-1
534	8.45985422E-1
839	8.50195948E-1
814	8.51469344E-1
793	8.52113808E-1
201	8.53288071E-1
829	8.56047577E-1
629	8.57156867E-1
388	8.57921465E-1
769	8.58084249E-1
91	8.58331752E-1
610	8.60005739E-1
356	8.6115186E-1
251	8.61323439E-1
733	8.61794276E-1
544	8.61848982E-1
800	8.61909884E-1
953	8.621837E-1
647	8.62208075E-1
41	8.63145922E-1
915	8.63155056E-1
385	8.63382435E-1
960	8.64925485E-1
1013	8.65486764E-1
142	8.66218931E-1
150	8.66502421E-1
223	8.66624025E-1
623	8.68322907E-1
16	8.68379005E-1
599	8.68386413E-1
187	8.69062296E-1
328	8.71693212E-1
961	8.72148345E-1
141	8.73292229E-1
365	8.73562568E-1
830	8.75559632E-1
502	8.77521388E-1
561	8.77733046E-1
818	8.78479605E-1
376	8.81234352E-1
630	8.82373735E-1
72	8.83814499E-1
166	8.83967926E-1
278	8.85453413E-1
978	8.85648936E-1
171	8.86752814E-1
184	8.88928991E-1
40	8.90791436E-1
926	8.92011014E-1
944	8.93452364E-1
194	8.95153131E-1
939	8.95728764E-1
391	8.95971031E-1
159	8.96729085E-1
723	8.97838246E-1
715	8.97990388E-1
867	8.98494967E-1
242	8.99061887E-1
405	8.99108898E-1
765	9.00506309E-1
117	9.00717981E-1
520	9.03906841E-1
412	9.04065143E-1
88	9.04208772E-1
958	9.04933838E-1
362	9.05034955E-1
123	9.05292904E-1
708	9.10186056E-1
457	9.10918152E-1
237	9.10986909E-1
478	9.12058933E-1
750	9.12737877E-1
545	9.12880337E-1
987	9.13995935E-1
795	9.14638529E-1
951	9.15189459E-1
855	9.15967873E-1
646	9.18526843E-1
613	9.19225567E-1
574	9.21336112E-1
348	9.22354595E-1
290	9.22586146E-1
191	9.23831817E-1
633	9.24921544E-1
905	9.26196834E-1
406	9.26775043E-1
322	9.26810011E-1
17	9.27403946E-1
359	9.27599319E-1
379	9.27646467E-1
806	9.29313195E-1
567	9.29818735E-1
84	9.3013292E-1
494	9.31040026E-1
60	9.34617352E-1
820	9.35123172E-1
528	9.35894327E-1
688	9.36550551E-1
927	9.36792056E-1
368	9.37642128E-1
922	9.38315208E-1
96	9.38939841E-1
771	9.4002183E-1
130	9.41266379E-1
536	9.41905224E-1
756	9.42833837E-1
294	9.43272212E-1
149	9.43582737E-1
77	9.44395441E-1
588	9.47715731E-1
459	9.48885285E-1
957	9.4978227E-1
108	9.5185822E-1
330	9.52985616E-1
105	9.53319846E-1
1021	9.53819866E-1
423	9.55476975E-1
564	9.568452E-1
474	9.57210333E-1
488	9.57587705E-1
851	9.59855692E-1
401	9.59912652E-1
849	9.60831571E-1
462	9.62862835E-1
351	9.62963734E-1
430	9.6571988E-1
64	9.67290846E-1
997	9.69458898E-1
298	9.70465674E-1
533	9.70560811E-1
4	9.7060157E-1
261	9.75052001E-1
389	9.75325854E-1
949	9.75607064E-1
131	9.76154577E-1
410	9.78505544E-1
24	9.82402566E-1
836	9.83178596E-1
165	9.8422675E-1
443	9.85654379E-1
911	9.86814639E-1
500	9.8693815E-1
825	9.88057182E-1
179	9.89950961E-1
1008	9.91766572E-1
375	9.93180517E-1
934	9.93501488E-1
288	9.94397687E-1
546	9.94856113E-1
267	9.97508447E-1
919	9.97588034E-1
225	9.98033086E-1
279	9.98597162E-1
418	9.99149735E-1
414	9.99152966E-1
