Name	chi2Pvalue
771	1.01063398E-4
760	2.64320348E-4
252	1.45299367E-3
244	3.13702984E-3
15	4.18406945E-3
753	4.89756353E-3
578	6.64866702E-3
142	6.85588682E-3
696	8.4720078E-3
163	8.85676754E-3
260	9.01665689E-3
373	9.30039673E-3
746	9.79196589E-3
501	1.18612625E-2
264	1.21030474E-2
527	1.24519005E-2
625	1.31931233E-2
744	1.40990963E-2
231	1.47774217E-2
323	1.75023698E-2
919	1.88386249E-2
324	1.95621605E-2
190	1.95702247E-2
717	2.02814233E-2
519	2.30018632E-2
622	2.405686E-2
834	2.4285277E-2
370	2.43234704E-2
845	2.89946504E-2
873	2.91413755E-2
62	2.9616549E-2
849	3.05239788E-2
160	3.12682881E-2
682	3.1838821E-2
728	3.34786574E-2
1011	3.37672778E-2
279	3.38458451E-2
950	3.39796566E-2
589	3.40941612E-2
887	3.59987472E-2
586	3.62087154E-2
642	3.71010042E-2
959	3.78159828E-2
311	3.99399651E-2
613	4.47241983E-2
178	4.65075642E-2
556	4.76640233E-2
928	4.78250963E-2
262	4.86480955E-2
417	5.22364273E-2
1	5.3049563E-2
327	5.3096519E-2
914	5.39963992E-2
711	5.48553739E-2
167	5.54192963E-2
626	5.72316189E-2
444	5.90350721E-2
832	5.99310407E-2
6	6.08253193E-2
651	6.26714449E-2
343	6.29897876E-2
389	6.39577166E-2
539	6.50337026E-2
176	6.87008553E-2
588	7.2694501E-2
553	7.28006004E-2
473	7.28291265E-2
168	7.36680772E-2
248	7.4310109E-2
810	7.43441383E-2
998	7.44384608E-2
27	7.46670499E-2
538	7.61068679E-2
973	7.70247187E-2
743	7.72977481E-2
139	7.76404114E-2
1012	7.78634971E-2
202	7.81892748E-2
433	7.82653297E-2
1001	8.18854729E-2
913	8.20577216E-2
332	8.26092235E-2
858	8.29277124E-2
494	8.30034942E-2
102	8.3778238E-2
1023	8.41181472E-2
227	8.46126132E-2
66	8.49079113E-2
534	8.50350368E-2
265	8.5596568E-2
550	8.73322355E-2
359	9.3261145E-2
953	9.42060984E-2
562	9.6612901E-2
609	9.75392926E-2
847	9.76180844E-2
653	9.84156588E-2
897	9.88798638E-2
917	9.91876686E-2
257	9.9454521E-2
715	1.02594948E-1
938	1.04226301E-1
943	1.04230606E-1
727	1.04757346E-1
68	1.0577512E-1
448	1.06064524E-1
36	1.06205766E-1
641	1.07124155E-1
397	1.07594418E-1
29	1.09196827E-1
879	1.11343219E-1
487	1.12299027E-1
896	1.12426356E-1
18	1.14147451E-1
121	1.14796252E-1
510	1.16756547E-1
288	1.1803214E-1
212	1.19239602E-1
271	1.19367136E-1
421	1.22953828E-1
54	1.22983749E-1
602	1.2444215E-1
120	1.25361793E-1
999	1.26446831E-1
689	1.27013447E-1
111	1.28703152E-1
303	1.28896191E-1
778	1.28927372E-1
57	1.30146966E-1
287	1.33579354E-1
813	1.34790933E-1
455	1.3696308E-1
78	1.37111131E-1
927	1.38278624E-1
821	1.38721982E-1
166	1.38830801E-1
788	1.39893561E-1
333	1.4029673E-1
789	1.40371261E-1
108	1.40615878E-1
853	1.41819496E-1
726	1.41939143E-1
705	1.42409452E-1
699	1.42612169E-1
576	1.43487029E-1
631	1.44051551E-1
573	1.45357531E-1
38	1.4620943E-1
924	1.46915668E-1
182	1.47548614E-1
63	1.47873616E-1
852	1.49191174E-1
868	1.51981056E-1
1017	1.52928605E-1
790	1.5341957E-1
372	1.55420395E-1
131	1.55540129E-1
109	1.56023473E-1
872	1.57645955E-1
824	1.57836858E-1
411	1.58681581E-1
632	1.59578874E-1
224	1.59734989E-1
268	1.60054579E-1
601	1.60058587E-1
174	1.61740968E-1
856	1.62017451E-1
612	1.62645052E-1
184	1.63405341E-1
592	1.643882E-1
688	1.64928155E-1
440	1.6568409E-1
4	1.66566975E-1
97	1.69420574E-1
133	1.69423443E-1
880	1.69566976E-1
220	1.70797707E-1
732	1.7097517E-1
830	1.71204286E-1
84	1.73420272E-1
209	1.74148295E-1
378	1.77465355E-1
700	1.78548672E-1
925	1.78613877E-1
416	1.79010381E-1
409	1.79128693E-1
24	1.8001452E-1
123	1.81765225E-1
381	1.81873031E-1
850	1.82505503E-1
656	1.84547155E-1
1000	1.88267395E-1
330	1.91660515E-1
205	1.91909057E-1
516	1.92292253E-1
55	1.92863245E-1
758	1.95549524E-1
987	1.9748522E-1
692	1.97963754E-1
988	1.98368966E-1
768	1.99831046E-1
48	2.01184458E-1
990	2.02343173E-1
837	2.02656E-1
1008	2.04800204E-1
228	2.06286076E-1
802	2.12685304E-1
406	2.13274857E-1
722	2.13380547E-1
210	2.14178632E-1
690	2.1542262E-1
833	2.16372698E-1
529	2.17154177E-1
855	2.17591849E-1
424	2.19845333E-1
315	2.2018002E-1
198	2.21398866E-1
941	2.21852375E-1
693	2.22022756E-1
906	2.2290823E-1
314	2.23656631E-1
418	2.26216717E-1
899	2.26956298E-1
269	2.2795587E-1
353	2.3022331E-1
780	2.31390278E-1
361	2.31402255E-1
898	2.32422576E-1
172	2.32637922E-1
1002	2.33306812E-1
270	2.34457005E-1
954	2.34779364E-1
762	2.34800472E-1
551	2.3582717E-1
1015	2.36956795E-1
814	2.37846364E-1
567	2.38307635E-1
258	2.39192431E-1
926	2.42233994E-1
929	2.42582577E-1
607	2.45069454E-1
273	2.45137296E-1
518	2.45164086E-1
183	2.45397574E-1
991	2.4559058E-1
322	2.46300917E-1
521	2.46501083E-1
577	2.46869226E-1
619	2.49283736E-1
171	2.51819167E-1
860	2.52149292E-1
306	2.52261153E-1
441	2.53590345E-1
186	2.55049491E-1
892	2.57750972E-1
91	2.60876231E-1
846	2.62203993E-1
53	2.62213858E-1
427	2.62505087E-1
992	2.62967239E-1
254	2.64320165E-1
907	2.67441688E-1
50	2.67500241E-1
446	2.7251388E-1
216	2.73779523E-1
232	2.78045615E-1
242	2.78095671E-1
923	2.79548539E-1
526	2.81658882E-1
970	2.82548114E-1
415	2.83981527E-1
82	2.84478042E-1
977	2.84759218E-1
267	2.85300007E-1
115	2.86263489E-1
241	2.87766782E-1
861	2.88518367E-1
481	2.88776053E-1
755	2.88848771E-1
675	2.89772594E-1
759	2.8994508E-1
392	2.90282542E-1
779	2.92246699E-1
840	2.93148574E-1
884	2.93665721E-1
787	2.93669484E-1
745	2.94339613E-1
194	2.94796895E-1
203	2.957317E-1
17	2.96248731E-1
384	2.9902083E-1
782	2.99145671E-1
916	2.99713971E-1
112	3.00516184E-1
818	3.00698978E-1
820	3.00817057E-1
8	3.01669848E-1
107	3.01964914E-1
214	3.03603532E-1
398	3.0382809E-1
620	3.04772075E-1
955	3.05475939E-1
982	3.08258863E-1
79	3.08853657E-1
326	3.1042767E-1
259	3.11149465E-1
339	3.11968992E-1
422	3.12030574E-1
564	3.12698447E-1
349	3.13575862E-1
130	3.13804628E-1
280	3.14370665E-1
114	3.14774987E-1
645	3.16295367E-1
346	3.17894136E-1
187	3.19277807E-1
720	3.19822196E-1
420	3.20502961E-1
889	3.21533355E-1
113	3.24108179E-1
104	3.24266483E-1
806	3.28294646E-1
380	3.28392393E-1
482	3.28520515E-1
129	3.287815E-1
358	3.29624559E-1
1007	3.34279936E-1
708	3.34484548E-1
1021	3.35572176E-1
304	3.38290249E-1
492	3.3949382E-1
497	3.39951406E-1
956	3.39998638E-1
766	3.41556412E-1
1020	3.41895133E-1
654	3.43016111E-1
930	3.43991613E-1
900	3.44966579E-1
301	3.4565765E-1
196	3.45804614E-1
105	3.46955736E-1
23	3.48843145E-1
338	3.48959414E-1
261	3.49811772E-1
605	3.50330739E-1
475	3.5177521E-1
191	3.54465698E-1
633	3.57299576E-1
463	3.58481536E-1
299	3.59686011E-1
442	3.60191021E-1
540	3.61425266E-1
655	3.63970273E-1
509	3.6818209E-1
663	3.68206367E-1
615	3.68734747E-1
890	3.69357711E-1
598	3.70775207E-1
757	3.72618494E-1
499	3.72870908E-1
431	3.73316237E-1
750	3.73760433E-1
888	3.74192336E-1
657	3.74359977E-1
829	3.74707845E-1
251	3.75386351E-1
673	3.76051315E-1
684	3.76174551E-1
2	3.79367005E-1
293	3.79594792E-1
702	3.79624732E-1
141	3.80546363E-1
238	3.83831768E-1
904	3.84654058E-1
13	3.84864253E-1
803	3.85547668E-1
603	3.85845473E-1
429	3.86698717E-1
681	3.86913905E-1
388	3.87702513E-1
665	3.87802735E-1
862	3.88940232E-1
439	3.89980806E-1
826	3.90366854E-1
1018	3.90913713E-1
735	3.92379127E-1
329	3.93333249E-1
611	3.93776323E-1
610	3.9380025E-1
336	3.95124712E-1
756	3.9757489E-1
222	3.99351388E-1
650	4.00821997E-1
581	4.01002039E-1
368	4.01970281E-1
391	4.02566019E-1
243	4.0284254E-1
545	4.03598864E-1
110	4.03808005E-1
89	4.03944973E-1
106	4.03990089E-1
245	4.05146185E-1
792	4.07561174E-1
158	4.07590112E-1
255	4.08055535E-1
247	4.08809068E-1
566	4.09305399E-1
506	4.11775025E-1
498	4.14169105E-1
985	4.14931894E-1
558	4.15640282E-1
777	4.16501052E-1
219	4.17606128E-1
250	4.1770195E-1
484	4.18686437E-1
470	4.18953697E-1
310	4.18990461E-1
116	4.19329631E-1
307	4.19577187E-1
604	4.19936278E-1
660	4.20101039E-1
541	4.2047424E-1
483	4.21881717E-1
246	4.23687244E-1
199	4.25290633E-1
969	4.26100338E-1
122	4.26119783E-1
748	4.26880621E-1
461	4.29023523E-1
649	4.31468987E-1
35	4.3188582E-1
947	4.33160534E-1
317	4.33626876E-1
468	4.34460717E-1
128	4.34827324E-1
423	4.3693476E-1
825	4.37614074E-1
912	4.37833323E-1
801	4.38027865E-1
644	4.38108388E-1
325	4.38869951E-1
351	4.38890693E-1
961	4.39380246E-1
145	4.39796229E-1
16	4.40210251E-1
714	4.40643271E-1
193	4.41571757E-1
58	4.42756042E-1
575	4.447526E-1
648	4.47161923E-1
908	4.48804947E-1
490	4.4912718E-1
515	4.51174179E-1
784	4.51266938E-1
634	4.5323304E-1
223	4.55116469E-1
712	4.55535722E-1
680	4.5638213E-1
488	4.56569675E-1
98	4.58999055E-1
367	4.61938129E-1
676	4.62657145E-1
331	4.65215458E-1
721	4.65630765E-1
535	4.66255436E-1
93	4.6746545E-1
1019	4.68320894E-1
489	4.7059143E-1
60	4.70752809E-1
617	4.71456304E-1
546	4.71867382E-1
291	4.72988338E-1
496	4.74122317E-1
309	4.7460461E-1
800	4.74657393E-1
922	4.75485132E-1
911	4.75703481E-1
561	4.76733644E-1
997	4.77691658E-1
652	4.77704637E-1
962	4.79322357E-1
554	4.80442044E-1
386	4.8077694E-1
909	4.80786335E-1
379	4.80981349E-1
646	4.81312877E-1
797	4.82315794E-1
571	4.82566875E-1
781	4.86712381E-1
894	4.87044447E-1
281	4.87124921E-1
724	4.89658201E-1
877	4.90286354E-1
153	4.91944728E-1
19	4.93666298E-1
964	4.94248432E-1
704	4.96274693E-1
118	4.96957298E-1
457	4.97241036E-1
9	4.97314289E-1
352	4.97610982E-1
517	4.97798983E-1
7	4.98894722E-1
948	4.98921717E-1
817	4.99058615E-1
266	5.01280868E-1
512	5.01622223E-1
524	5.03190486E-1
71	5.05800881E-1
41	5.07294057E-1
637	5.07320442E-1
276	5.1261222E-1
357	5.14194598E-1
292	5.16719E-1
875	5.16790315E-1
618	5.18710124E-1
1014	5.19295823E-1
278	5.22268895E-1
772	5.22966983E-1
414	5.27765143E-1
119	5.28743914E-1
976	5.29173788E-1
905	5.29193818E-1
177	5.31261955E-1
995	5.31845294E-1
754	5.31983936E-1
1005	5.32019581E-1
621	5.32426138E-1
200	5.33329421E-1
157	5.34046846E-1
549	5.34145617E-1
47	5.34167017E-1
403	5.34803701E-1
453	5.36055465E-1
479	5.36136778E-1
815	5.36585352E-1
842	5.36951057E-1
952	5.38023036E-1
936	5.38048445E-1
597	5.39051818E-1
664	5.40163674E-1
436	5.40757791E-1
819	5.41665851E-1
643	5.42265275E-1
21	5.43736226E-1
559	5.46649804E-1
666	5.47399211E-1
298	5.48008868E-1
340	5.48014728E-1
547	5.49714626E-1
12	5.51230024E-1
103	5.52463831E-1
443	5.54395655E-1
893	5.55535241E-1
629	5.58831487E-1
405	5.59074885E-1
462	5.59296745E-1
221	5.5964247E-1
557	5.60158429E-1
240	5.60668712E-1
555	5.60721243E-1
277	5.6078541E-1
670	5.61772938E-1
413	5.64994864E-1
204	5.66230521E-1
402	5.66995601E-1
698	5.6808102E-1
211	5.6893844E-1
449	5.70037592E-1
537	5.71646628E-1
486	5.73075705E-1
28	5.75455003E-1
65	5.75968981E-1
175	5.75995256E-1
886	5.76174706E-1
355	5.79843901E-1
94	5.79926347E-1
823	5.80021048E-1
511	5.8276922E-1
677	5.82898605E-1
881	5.83896119E-1
144	5.85360637E-1
799	5.85672221E-1
138	5.86416888E-1
410	5.86730111E-1
614	5.88385958E-1
580	5.8958139E-1
565	5.89711354E-1
282	5.90116654E-1
218	5.91718268E-1
910	5.91755837E-1
328	5.9255858E-1
430	5.9305291E-1
504	5.93625267E-1
165	5.93966355E-1
718	5.94634568E-1
400	5.94657016E-1
871	5.94949283E-1
217	5.95805232E-1
683	5.96235649E-1
671	5.97198144E-1
971	5.9759711E-1
341	5.98086414E-1
630	5.98309893E-1
5	5.98476207E-1
206	5.99684462E-1
99	6.01573539E-1
485	6.01719511E-1
944	6.02575896E-1
14	6.08460893E-1
395	6.09185376E-1
363	6.10887585E-1
958	6.10926665E-1
569	6.11136211E-1
773	6.12392344E-1
747	6.12933601E-1
921	6.13987571E-1
256	6.14125431E-1
435	6.15967607E-1
64	6.16661387E-1
456	6.17096581E-1
467	6.18412317E-1
901	6.18554866E-1
75	6.19399956E-1
396	6.22734191E-1
536	6.23450853E-1
531	6.23563024E-1
774	6.25673439E-1
136	6.26070325E-1
126	6.27167785E-1
595	6.28103264E-1
864	6.28473456E-1
382	6.28958051E-1
337	6.29380651E-1
854	6.29555592E-1
994	6.29791527E-1
741	6.3373801E-1
795	6.35861026E-1
848	6.35938244E-1
37	6.35973118E-1
812	6.3609055E-1
401	6.36319222E-1
300	6.37369481E-1
20	6.37762818E-1
334	6.38647038E-1
839	6.39212354E-1
450	6.40624022E-1
796	6.42295165E-1
43	6.43196869E-1
616	6.43535086E-1
764	6.4367822E-1
344	6.44932358E-1
805	6.44962537E-1
1016	6.46722898E-1
974	6.46872123E-1
811	6.48585096E-1
312	6.49767174E-1
70	6.49789493E-1
843	6.50996067E-1
100	6.52329919E-1
934	6.52482811E-1
563	6.53162438E-1
980	6.53541691E-1
155	6.54078104E-1
3	6.55753557E-1
356	6.56710418E-1
937	6.57479011E-1
445	6.57516997E-1
730	6.59575843E-1
945	6.59930041E-1
0	6.60484448E-1
51	6.61048057E-1
101	6.61186745E-1
225	6.6166148E-1
87	6.62139552E-1
514	6.64997347E-1
667	6.65470119E-1
117	6.65724622E-1
841	6.66354219E-1
215	6.67111947E-1
213	6.68702303E-1
426	6.72418015E-1
710	6.72746672E-1
152	6.75554329E-1
371	6.77732443E-1
791	6.80776477E-1
10	6.81426258E-1
734	6.81435598E-1
1010	6.82208506E-1
49	6.84902472E-1
523	6.85045036E-1
137	6.8870307E-1
408	6.88996042E-1
568	6.89765624E-1
207	6.91161548E-1
92	6.92336798E-1
147	6.92656849E-1
39	6.96082284E-1
661	6.97189519E-1
393	6.9765524E-1
452	6.99532718E-1
525	6.998765E-1
364	6.99896564E-1
701	7.00361011E-1
502	7.011257E-1
480	7.01639883E-1
513	7.03761316E-1
451	7.05784273E-1
31	7.06010086E-1
464	7.06716295E-1
640	7.09063182E-1
939	7.10646096E-1
638	7.10822936E-1
686	7.11001058E-1
594	7.11123472E-1
793	7.12258612E-1
963	7.12740723E-1
902	7.14451289E-1
798	7.15558722E-1
725	7.15973572E-1
859	7.19039329E-1
154	7.19403812E-1
148	7.20487338E-1
360	7.21817838E-1
460	7.22709498E-1
365	7.24485767E-1
719	7.26142396E-1
385	7.26227515E-1
585	7.26524685E-1
376	7.27934855E-1
965	7.28609199E-1
878	7.28901688E-1
308	7.3099045E-1
226	7.314324E-1
1009	7.33112921E-1
30	7.33543852E-1
669	7.33609977E-1
857	7.35512889E-1
587	7.35792016E-1
1006	7.3593479E-1
749	7.36338209E-1
697	7.36832135E-1
33	7.37541691E-1
459	7.37705365E-1
996	7.39083416E-1
419	7.39804822E-1
870	7.40450564E-1
274	7.41961829E-1
90	7.41977377E-1
295	7.4241988E-1
687	7.46206527E-1
628	7.47313092E-1
208	7.47407342E-1
584	7.47444123E-1
189	7.47985269E-1
195	7.50790611E-1
432	7.5210285E-1
608	7.52476303E-1
469	7.52840435E-1
302	7.53294826E-1
942	7.53366651E-1
658	7.53449471E-1
679	7.55192579E-1
390	7.56544344E-1
180	7.57522163E-1
472	7.58577839E-1
706	7.58812062E-1
275	7.59053328E-1
542	7.60549155E-1
960	7.60977723E-1
903	7.61746809E-1
707	7.61761508E-1
659	7.6284204E-1
867	7.63408409E-1
88	7.63773021E-1
532	7.64042307E-1
169	7.64227532E-1
135	7.65680911E-1
86	7.6622208E-1
662	7.68890485E-1
851	7.69222727E-1
503	7.69829746E-1
761	7.7003745E-1
783	7.70450787E-1
77	7.71863329E-1
574	7.71891631E-1
272	7.7323251E-1
623	7.73558894E-1
949	7.75095178E-1
986	7.75628655E-1
593	7.77466682E-1
11	7.78479639E-1
816	7.78771073E-1
694	7.79401572E-1
968	7.79592831E-1
383	7.82960993E-1
96	7.83691037E-1
668	7.83692798E-1
736	7.85100932E-1
583	7.86128332E-1
1022	7.8756314E-1
739	7.87647726E-1
552	7.90545751E-1
978	7.92283871E-1
975	7.94614764E-1
32	7.95089823E-1
69	8.00123038E-1
495	8.05370558E-1
185	8.0553425E-1
579	8.06780506E-1
458	8.07475204E-1
289	8.0868168E-1
989	8.09208664E-1
703	8.11777685E-1
838	8.12773525E-1
159	8.12978944E-1
471	8.13307878E-1
173	8.13389084E-1
785	8.1343143E-1
285	8.14687306E-1
530	8.15883305E-1
983	8.16431652E-1
716	8.18063287E-1
636	8.19603057E-1
822	8.20971106E-1
752	8.22196817E-1
335	8.22675485E-1
249	8.23507391E-1
350	8.24464629E-1
67	8.26457403E-1
639	8.26663954E-1
1003	8.28618996E-1
313	8.28627568E-1
685	8.28966517E-1
931	8.29966575E-1
533	8.31049722E-1
491	8.31922636E-1
294	8.32397599E-1
582	8.32645102E-1
404	8.3265187E-1
45	8.33097093E-1
957	8.33100519E-1
394	8.34942161E-1
835	8.35534697E-1
85	8.37272014E-1
751	8.39074683E-1
765	8.41223423E-1
731	8.41652632E-1
347	8.42493981E-1
776	8.43918753E-1
73	8.43919409E-1
124	8.45128146E-1
25	8.45255002E-1
161	8.46201974E-1
407	8.46998293E-1
809	8.49133487E-1
767	8.49696353E-1
591	8.53038485E-1
263	8.53570204E-1
972	8.53980199E-1
528	8.54149791E-1
865	8.54185156E-1
572	8.54876383E-1
61	8.55789114E-1
520	8.5592624E-1
387	8.56135239E-1
44	8.56516454E-1
740	8.56910642E-1
26	8.58254949E-1
34	8.60341701E-1
570	8.62101931E-1
434	8.62387741E-1
770	8.63402476E-1
399	8.63663183E-1
156	8.64163004E-1
290	8.65957957E-1
863	8.67069831E-1
319	8.6787983E-1
940	8.67887417E-1
713	8.68381056E-1
984	8.69661658E-1
915	8.70097498E-1
22	8.7025087E-1
918	8.70722991E-1
354	8.71522264E-1
1004	8.72193783E-1
201	8.72994571E-1
733	8.74294696E-1
239	8.74778316E-1
179	8.75975416E-1
342	8.76978412E-1
181	8.80497066E-1
438	8.80716246E-1
286	8.81342873E-1
709	8.81826335E-1
544	8.82545787E-1
366	8.83493544E-1
981	8.86197783E-1
454	8.86403872E-1
596	8.87780076E-1
775	8.88757298E-1
627	8.89545008E-1
933	8.89656519E-1
59	8.89722376E-1
606	8.89938781E-1
808	8.9128279E-1
149	8.91694227E-1
316	8.92418793E-1
437	8.92828981E-1
804	8.94537376E-1
230	8.95009582E-1
318	8.95530799E-1
951	8.95709549E-1
164	8.95750453E-1
836	8.9626743E-1
466	8.97203763E-1
828	8.99657525E-1
979	9.00420619E-1
447	9.01600203E-1
374	9.02935969E-1
151	9.06631074E-1
600	9.08459894E-1
691	9.10938828E-1
508	9.12236441E-1
635	9.1515336E-1
412	9.15180834E-1
46	9.15532252E-1
882	9.16975959E-1
742	9.1810345E-1
866	9.19049052E-1
237	9.19209143E-1
932	9.19487031E-1
723	9.20105991E-1
500	9.22067615E-1
507	9.24277368E-1
140	9.25120609E-1
146	9.26589318E-1
807	9.28111832E-1
170	9.28486608E-1
192	9.28705425E-1
74	9.31488383E-1
80	9.31539599E-1
493	9.32230362E-1
794	9.33765846E-1
162	9.33930362E-1
876	9.34103769E-1
827	9.34898943E-1
320	9.34953882E-1
935	9.35597909E-1
134	9.35686079E-1
891	9.37189087E-1
844	9.40163527E-1
474	9.40913916E-1
476	9.42032629E-1
993	9.42847982E-1
737	9.43930461E-1
377	9.44870954E-1
425	9.44882427E-1
831	9.45666437E-1
321	9.4625655E-1
235	9.47491504E-1
1013	9.48016834E-1
885	9.50624795E-1
647	9.50929985E-1
763	9.51050072E-1
362	9.5218412E-1
678	9.54170031E-1
624	9.55415757E-1
729	9.55678288E-1
599	9.572278E-1
297	9.5726805E-1
695	9.5979814E-1
560	9.65171792E-1
522	9.65421849E-1
548	9.66553898E-1
375	9.66827251E-1
40	9.67062909E-1
296	9.67355544E-1
966	9.70215888E-1
284	9.70517797E-1
95	9.7065673E-1
52	9.71020264E-1
477	9.73279285E-1
125	9.73681921E-1
478	9.7462248E-1
42	9.74825213E-1
428	9.74967167E-1
769	9.753202E-1
197	9.75594687E-1
234	9.76264121E-1
874	9.77950174E-1
946	9.79150512E-1
543	9.79493004E-1
83	9.82903519E-1
674	9.83669408E-1
132	9.84116872E-1
236	9.84214196E-1
465	9.84225321E-1
883	9.84614366E-1
81	9.8561417E-1
150	9.85796498E-1
345	9.86490783E-1
895	9.88416894E-1
786	9.89067558E-1
229	9.92116044E-1
76	9.9312634E-1
127	9.93692305E-1
253	9.94177581E-1
188	9.94673113E-1
305	9.94868552E-1
233	9.94871889E-1
56	9.96177584E-1
672	9.96305225E-1
738	9.97057092E-1
869	9.97684101E-1
143	9.97875399E-1
348	9.97887424E-1
72	9.98692197E-1
505	9.99469241E-1
967	9.99930958E-1
