Name	chi2Pvalue
307	4.26791539E-4
285	8.5267827E-4
370	9.73282177E-4
905	1.44367002E-3
157	2.41285829E-3
592	3.53342648E-3
82	4.15431079E-3
246	5.55299995E-3
45	6.09929348E-3
760	6.71037201E-3
552	6.99695834E-3
927	7.71106463E-3
189	9.23986685E-3
260	9.6942621E-3
603	9.75889887E-3
656	9.92950528E-3
953	1.08319728E-2
113	1.24014183E-2
515	1.28032057E-2
493	1.29671423E-2
728	1.41644777E-2
565	1.61195147E-2
727	1.62969276E-2
203	1.75436176E-2
784	1.76886049E-2
597	1.82683677E-2
147	1.8806947E-2
435	1.97901474E-2
540	2.04222687E-2
770	2.30003019E-2
330	2.49158827E-2
30	2.6255968E-2
384	2.95183156E-2
580	2.96795365E-2
386	3.1029719E-2
680	3.29529984E-2
606	3.63519823E-2
127	3.6438611E-2
15	3.67987778E-2
735	3.80729058E-2
811	3.84943661E-2
131	4.11515728E-2
430	4.13034469E-2
309	4.35049597E-2
925	4.39303598E-2
311	4.3942091E-2
923	4.40041238E-2
693	4.68899482E-2
879	4.71955232E-2
473	5.1733555E-2
596	5.20097029E-2
847	5.2715649E-2
304	5.27644635E-2
367	5.2934304E-2
944	5.53067341E-2
412	5.58577916E-2
766	5.59980183E-2
482	5.64761717E-2
873	5.83112037E-2
936	6.0309677E-2
509	6.03312856E-2
644	6.04384206E-2
684	6.1196573E-2
259	6.29970265E-2
221	6.32480152E-2
888	6.33202926E-2
324	6.39456819E-2
349	6.46942024E-2
967	6.56984786E-2
116	6.60601355E-2
256	6.68979234E-2
160	6.73986097E-2
56	7.09175767E-2
105	7.19436762E-2
619	7.3364077E-2
156	7.33795721E-2
223	7.35335878E-2
804	7.61602946E-2
65	7.61798977E-2
753	7.69375025E-2
629	7.82114424E-2
651	7.82881506E-2
711	7.88537775E-2
821	8.02367255E-2
1008	8.02417142E-2
655	8.07377971E-2
763	8.15128892E-2
34	8.27776856E-2
966	8.47188586E-2
456	8.5962629E-2
645	8.7287693E-2
664	8.74512829E-2
263	9.02373119E-2
669	9.31847292E-2
679	9.41845446E-2
959	9.51635761E-2
121	9.65701996E-2
686	9.7486617E-2
768	9.83730271E-2
574	9.8413551E-2
608	9.84584362E-2
52	9.94835899E-2
431	1.00089615E-1
29	1.00778084E-1
441	1.018173E-1
875	1.02750108E-1
578	1.02935171E-1
119	1.03996587E-1
707	1.05354111E-1
990	1.05502312E-1
164	1.05874596E-1
736	1.0686253E-1
208	1.08372852E-1
795	1.08684196E-1
568	1.09633003E-1
464	1.10874721E-1
514	1.12112629E-1
158	1.15501895E-1
458	1.16900177E-1
463	1.17868805E-1
889	1.18560111E-1
216	1.19308141E-1
746	1.19849688E-1
976	1.21482931E-1
193	1.22908806E-1
901	1.23293526E-1
253	1.25571073E-1
742	1.25730563E-1
820	1.26185362E-1
943	1.26422914E-1
845	1.27634423E-1
358	1.28214302E-1
750	1.28623597E-1
726	1.28730793E-1
842	1.29113633E-1
506	1.29428522E-1
310	1.31829413E-1
745	1.32723397E-1
533	1.33041655E-1
1	1.3363526E-1
529	1.3506904E-1
271	1.35448055E-1
457	1.36194104E-1
239	1.36201451E-1
520	1.3672168E-1
615	1.36825751E-1
233	1.36835072E-1
1012	1.36946693E-1
69	1.37698835E-1
339	1.37801001E-1
544	1.37979931E-1
480	1.38890135E-1
672	1.39512547E-1
24	1.40377312E-1
392	1.4165121E-1
954	1.43071917E-1
1020	1.43739926E-1
635	1.45624005E-1
149	1.46036339E-1
207	1.5076824E-1
165	1.51207245E-1
531	1.52788955E-1
525	1.53341105E-1
673	1.53830063E-1
74	1.54612231E-1
11	1.55736942E-1
63	1.56019184E-1
280	1.58550853E-1
194	1.58690728E-1
173	1.59500412E-1
769	1.60943737E-1
460	1.614278E-1
467	1.61448646E-1
1001	1.63481798E-1
894	1.66311927E-1
316	1.67819435E-1
955	1.67834348E-1
957	1.71043084E-1
293	1.71392836E-1
196	1.71584292E-1
329	1.74013921E-1
396	1.74293669E-1
163	1.76557667E-1
449	1.7723092E-1
824	1.78181038E-1
343	1.79151121E-1
447	1.81011355E-1
459	1.81428693E-1
826	1.83234271E-1
420	1.85613871E-1
51	1.85659647E-1
348	1.85715154E-1
986	1.86434857E-1
839	1.86501761E-1
916	1.86572243E-1
350	1.8848602E-1
573	1.88705998E-1
713	1.88815359E-1
446	1.89706695E-1
893	1.9043997E-1
368	1.90578411E-1
817	1.90580188E-1
278	1.90647175E-1
25	1.91392152E-1
628	1.91609616E-1
722	1.92553117E-1
398	1.95857574E-1
507	1.95925845E-1
427	1.97592791E-1
485	1.97915983E-1
897	1.9820966E-1
373	2.02692784E-1
991	2.04637177E-1
255	2.04903789E-1
86	2.06202866E-1
411	2.07699699E-1
305	2.07959075E-1
668	2.08031178E-1
424	2.12793031E-1
78	2.13552324E-1
662	2.141033E-1
443	2.15807291E-1
340	2.18625728E-1
734	2.18952356E-1
880	2.19372796E-1
145	2.21083088E-1
432	2.23430118E-1
195	2.23539033E-1
914	2.25409574E-1
924	2.26626113E-1
749	2.2678271E-1
275	2.27660322E-1
775	2.28835594E-1
327	2.29144179E-1
993	2.30346329E-1
148	2.30567868E-1
234	2.31068678E-1
84	2.31506523E-1
104	2.31519259E-1
929	2.32716797E-1
199	2.3301053E-1
53	2.33319509E-1
135	2.34187571E-1
530	2.34637232E-1
197	2.37074966E-1
639	2.37214637E-1
172	2.37567988E-1
323	2.37613826E-1
536	2.3796277E-1
403	2.3802784E-1
109	2.38088652E-1
785	2.39103212E-1
589	2.39454744E-1
429	2.39860933E-1
498	2.41004305E-1
23	2.41220614E-1
958	2.41522448E-1
274	2.43986378E-1
170	2.44018802E-1
320	2.45599076E-1
72	2.46783944E-1
219	2.47990438E-1
786	2.48485144E-1
1022	2.4856258E-1
938	2.51541473E-1
175	2.52590929E-1
1006	2.5264248E-1
705	2.5281132E-1
534	2.53814528E-1
553	2.54732139E-1
630	2.54810236E-1
542	2.55636379E-1
982	2.56330004E-1
904	2.56330624E-1
144	2.60243852E-1
374	2.61749991E-1
495	2.64169296E-1
587	2.64673989E-1
1000	2.64849016E-1
1010	2.6498474E-1
395	2.6588611E-1
614	2.66802673E-1
825	2.6735819E-1
933	2.68273943E-1
791	2.69332073E-1
474	2.70167484E-1
779	2.70172887E-1
971	2.70265701E-1
624	2.70790118E-1
302	2.72117403E-1
830	2.7245956E-1
521	2.7276796E-1
560	2.73551102E-1
513	2.74167247E-1
694	2.74692038E-1
621	2.75483835E-1
472	2.75845377E-1
691	2.75935939E-1
492	2.76071103E-1
87	2.773102E-1
177	2.77829875E-1
852	2.83753994E-1
577	2.8426258E-1
425	2.86996007E-1
43	2.87026076E-1
294	2.87133777E-1
724	2.91293332E-1
265	2.91730444E-1
434	2.91937977E-1
803	2.920235E-1
106	2.92893603E-1
59	2.93624204E-1
190	2.94582331E-1
124	2.95578538E-1
335	2.96293308E-1
599	2.97089589E-1
268	2.97513713E-1
987	3.00373626E-1
783	3.01779988E-1
303	3.05114578E-1
354	3.05580527E-1
576	3.06432089E-1
206	3.06527067E-1
683	3.06680158E-1
325	3.08629538E-1
227	3.1368805E-1
269	3.14115706E-1
942	3.14226994E-1
1002	3.14553192E-1
298	3.15605181E-1
733	3.17527649E-1
876	3.18432344E-1
440	3.18688563E-1
284	3.18848424E-1
975	3.20436208E-1
465	3.23176415E-1
832	3.23592773E-1
487	3.27309313E-1
470	3.30370428E-1
372	3.30480187E-1
162	3.32000239E-1
1005	3.32266354E-1
402	3.35399813E-1
757	3.37067272E-1
794	3.37282507E-1
634	3.378156E-1
950	3.38102687E-1
870	3.39137982E-1
704	3.39242458E-1
461	3.39747693E-1
640	3.40784517E-1
720	3.41324221E-1
299	3.42316185E-1
930	3.43611808E-1
907	3.44163584E-1
716	3.44410696E-1
528	3.46031822E-1
819	3.46511211E-1
584	3.46754654E-1
328	3.47117779E-1
618	3.50478422E-1
512	3.51136089E-1
782	3.52588409E-1
238	3.53287613E-1
859	3.54276508E-1
112	3.5469561E-1
549	3.54713644E-1
633	3.56183294E-1
774	3.58797902E-1
295	3.60407521E-1
685	3.6082677E-1
273	3.61121449E-1
696	3.61687518E-1
92	3.64086141E-1
166	3.65809958E-1
161	3.67269244E-1
731	3.70075011E-1
224	3.7058484E-1
908	3.70895595E-1
594	3.71886688E-1
527	3.71953533E-1
448	3.73949E-1
404	3.74101569E-1
418	3.75640687E-1
494	3.75902895E-1
342	3.78347892E-1
996	3.78826779E-1
139	3.78998188E-1
421	3.79118444E-1
469	3.79718069E-1
776	3.80624039E-1
806	3.81602537E-1
667	3.82447782E-1
653	3.83242862E-1
676	3.85786517E-1
60	3.86153631E-1
242	3.9125105E-1
928	3.91517732E-1
878	3.91781082E-1
652	3.91823722E-1
198	3.91886361E-1
522	3.93881662E-1
357	3.94343872E-1
620	3.94712555E-1
732	3.95758052E-1
508	3.96378446E-1
0	3.96952838E-1
379	3.97370045E-1
486	3.97429136E-1
353	3.996036E-1
400	4.00991762E-1
128	4.01235686E-1
681	4.04360861E-1
1007	4.04460587E-1
488	4.07461023E-1
101	4.07708692E-1
18	4.08182318E-1
44	4.09859127E-1
550	4.11193647E-1
884	4.11403935E-1
558	4.11535361E-1
99	4.14589895E-1
247	4.15402613E-1
125	4.16612142E-1
622	4.18413926E-1
389	4.20000018E-1
180	4.20464996E-1
142	4.21984973E-1
813	4.22061679E-1
1023	4.23032722E-1
26	4.23075635E-1
670	4.24083211E-1
120	4.27188821E-1
823	4.31305156E-1
111	4.34067849E-1
413	4.34821575E-1
570	4.35196428E-1
64	4.36574215E-1
790	4.36765683E-1
896	4.40089131E-1
281	4.41761308E-1
865	4.45283765E-1
479	4.46298169E-1
93	4.46658579E-1
539	4.48775088E-1
272	4.4909611E-1
808	4.5096166E-1
129	4.51548943E-1
678	4.51796641E-1
532	4.5328059E-1
836	4.53590419E-1
945	4.54211127E-1
451	4.54678921E-1
981	4.55279206E-1
39	4.55450101E-1
174	4.55532333E-1
937	4.55737944E-1
649	4.57157053E-1
436	4.57365741E-1
264	4.57542695E-1
132	4.58044943E-1
462	4.58817138E-1
848	4.5998444E-1
816	4.60128802E-1
866	4.61156862E-1
980	4.62163115E-1
989	4.62444426E-1
9	4.63139207E-1
267	4.6593817E-1
675	4.66174782E-1
725	4.68198744E-1
974	4.69962092E-1
490	4.7078097E-1
217	4.73531093E-1
245	4.74043935E-1
414	4.76206846E-1
254	4.77791564E-1
715	4.7796068E-1
607	4.7864373E-1
366	4.78942399E-1
181	4.82400941E-1
7	4.83393302E-1
815	4.84208664E-1
137	4.86486847E-1
674	4.87543823E-1
481	4.87800826E-1
178	4.87801759E-1
771	4.88683577E-1
1018	4.89106046E-1
835	4.90212986E-1
88	4.91648962E-1
922	4.91837047E-1
983	4.93614282E-1
643	4.94290544E-1
949	4.9573047E-1
721	4.95759786E-1
772	4.97499769E-1
752	4.9848063E-1
939	4.99248262E-1
898	5.00582382E-1
828	5.00726033E-1
407	5.01398256E-1
636	5.01740166E-1
892	5.03489618E-1
964	5.04477588E-1
291	5.05232328E-1
47	5.06085166E-1
796	5.06160845E-1
290	5.0633805E-1
903	5.0683092E-1
383	5.08784785E-1
388	5.09006404E-1
471	5.09930324E-1
854	5.11499689E-1
613	5.12213455E-1
963	5.17031315E-1
751	5.17242212E-1
921	5.17348168E-1
965	5.17669063E-1
863	5.19132271E-1
167	5.19234148E-1
90	5.19449841E-1
781	5.20081881E-1
276	5.2236702E-1
910	5.23281377E-1
524	5.24085214E-1
80	5.24810955E-1
176	5.24935569E-1
13	5.25077868E-1
423	5.26727059E-1
862	5.29048335E-1
390	5.30747098E-1
212	5.31702454E-1
501	5.33049191E-1
496	5.33379708E-1
646	5.35193479E-1
547	5.37788728E-1
638	5.37944275E-1
297	5.39016059E-1
21	5.40874101E-1
71	5.41651817E-1
326	5.42304505E-1
1011	5.44134903E-1
1015	5.45673181E-1
154	5.45931141E-1
947	5.46944921E-1
257	5.47277681E-1
994	5.47462829E-1
205	5.4812218E-1
200	5.4988195E-1
338	5.51562735E-1
792	5.51866142E-1
1013	5.55496342E-1
489	5.55623996E-1
134	5.5596676E-1
5	5.5600966E-1
822	5.56205199E-1
10	5.58531037E-1
346	5.58546241E-1
229	5.59417966E-1
641	5.60542739E-1
210	5.60560763E-1
171	5.61070651E-1
380	5.61172162E-1
585	5.61998961E-1
235	5.62470128E-1
141	5.63295944E-1
356	5.66007631E-1
387	5.66859497E-1
919	5.67056488E-1
236	5.6754539E-1
497	5.68960478E-1
951	5.7070977E-1
797	5.71129728E-1
747	5.71588616E-1
140	5.71792276E-1
591	5.71984838E-1
300	5.75469892E-1
393	5.75898069E-1
204	5.76053057E-1
115	5.7679616E-1
62	5.78536244E-1
891	5.7936258E-1
365	5.79445175E-1
377	5.80114151E-1
556	5.80315229E-1
1016	5.8330719E-1
650	5.8409473E-1
98	5.87127334E-1
723	5.87739578E-1
931	5.88406771E-1
16	5.89274233E-1
829	5.89520868E-1
843	5.89876258E-1
317	5.8992129E-1
40	5.90113714E-1
868	5.9011721E-1
612	5.90788581E-1
341	5.91712914E-1
712	5.9228814E-1
718	5.93327261E-1
50	5.95109627E-1
57	5.95510199E-1
864	5.96609198E-1
454	5.96989865E-1
375	5.98788889E-1
883	6.0015353E-1
312	6.00373347E-1
133	6.01403879E-1
228	6.02867528E-1
962	6.0314608E-1
79	6.03933816E-1
978	6.04434012E-1
261	6.04621623E-1
179	6.05035623E-1
881	6.0558852E-1
450	6.0812855E-1
970	6.08445109E-1
66	6.08697176E-1
654	6.09144745E-1
361	6.1016386E-1
313	6.12257833E-1
833	6.1232441E-1
19	6.12393791E-1
138	6.12516938E-1
409	6.13033047E-1
846	6.14217308E-1
523	6.16652186E-1
222	6.16731162E-1
895	6.1678297E-1
890	6.18559685E-1
344	6.18987967E-1
136	6.19546505E-1
582	6.21703129E-1
805	6.2258687E-1
192	6.23089914E-1
575	6.23463096E-1
76	6.24398446E-1
554	6.25224392E-1
455	6.25558901E-1
28	6.25618864E-1
231	6.26527362E-1
557	6.26702721E-1
249	6.27925312E-1
853	6.2844101E-1
319	6.28446675E-1
32	6.28918883E-1
405	6.28951773E-1
698	6.29321886E-1
382	6.29906861E-1
571	6.31220473E-1
697	6.33377673E-1
122	6.33607869E-1
364	6.3529119E-1
738	6.38135638E-1
737	6.38800042E-1
548	6.40062863E-1
345	6.4008324E-1
77	6.40215329E-1
292	6.40314744E-1
499	6.40474813E-1
834	6.40774068E-1
755	6.41506104E-1
535	6.42275889E-1
631	6.42838813E-1
337	6.43830038E-1
802	6.45496036E-1
510	6.47248997E-1
541	6.49165938E-1
452	6.49987507E-1
61	6.50015436E-1
14	6.5018695E-1
503	6.51277856E-1
500	6.52030905E-1
572	6.53840844E-1
484	6.54047313E-1
322	6.56700849E-1
85	6.56795233E-1
984	6.5704382E-1
871	6.58689146E-1
840	6.59210124E-1
985	6.59459654E-1
220	6.5952557E-1
801	6.59733711E-1
885	6.59987414E-1
740	6.60144962E-1
851	6.61329108E-1
186	6.61613843E-1
250	6.63293933E-1
973	6.63309286E-1
277	6.63383463E-1
445	6.64292068E-1
687	6.65221284E-1
861	6.65500364E-1
611	6.66819656E-1
877	6.6838965E-1
632	6.72623361E-1
394	6.75509413E-1
417	6.76229229E-1
110	6.7626914E-1
49	6.76485006E-1
788	6.76508437E-1
900	6.769638E-1
428	6.77103661E-1
940	6.7853504E-1
809	6.79970048E-1
807	6.80768144E-1
107	6.8111065E-1
710	6.8158466E-1
360	6.82340672E-1
647	6.83437329E-1
858	6.83523798E-1
882	6.83630514E-1
838	6.83989867E-1
689	6.8600929E-1
992	6.89107605E-1
408	6.90235911E-1
415	6.9127023E-1
688	6.91910639E-1
627	6.94870739E-1
3	7.01022208E-1
595	7.02087179E-1
17	7.03224517E-1
564	7.05856157E-1
729	7.08733836E-1
701	7.09759747E-1
83	7.10978478E-1
468	7.10985306E-1
602	7.13604468E-1
827	7.14240527E-1
663	7.14261599E-1
588	7.15268049E-1
315	7.16045146E-1
41	7.20555602E-1
761	7.22030469E-1
314	7.23127566E-1
810	7.23918644E-1
483	7.24333801E-1
814	7.24945129E-1
251	7.27202118E-1
68	7.27421336E-1
296	7.2781354E-1
563	7.28379741E-1
334	7.2962943E-1
351	7.30898158E-1
637	7.32567792E-1
546	7.33769856E-1
95	7.40454019E-1
756	7.409991E-1
586	7.41023129E-1
699	7.42235623E-1
419	7.43630949E-1
151	7.45044228E-1
230	7.47910637E-1
321	7.48062806E-1
998	7.49740415E-1
378	7.49882253E-1
886	7.51289113E-1
37	7.52975068E-1
844	7.53108881E-1
579	7.53300965E-1
391	7.53339847E-1
491	7.5561452E-1
519	7.57001233E-1
183	7.57080848E-1
555	7.58087528E-1
517	7.59037361E-1
97	7.60837583E-1
248	7.62526725E-1
648	7.64330425E-1
331	7.64694038E-1
96	7.6579584E-1
682	7.67011023E-1
81	7.67602758E-1
581	7.70177465E-1
799	7.72469084E-1
332	7.73500093E-1
8	7.73563014E-1
286	7.74612432E-1
444	7.74640465E-1
857	7.75053249E-1
477	7.7590015E-1
906	7.77500864E-1
913	7.78493438E-1
237	7.79667587E-1
376	7.79708179E-1
850	7.80826374E-1
12	7.80828104E-1
422	7.81520556E-1
54	7.8154457E-1
185	7.82356431E-1
935	7.82755615E-1
289	7.8287716E-1
762	7.83195213E-1
213	7.83238161E-1
623	7.83958973E-1
714	7.8563582E-1
874	7.8591377E-1
977	7.86363973E-1
31	7.86476059E-1
961	7.87111126E-1
741	7.87640567E-1
287	7.88036148E-1
702	7.90146913E-1
1014	7.90470922E-1
778	7.9244767E-1
666	7.93573878E-1
371	7.93618322E-1
352	7.94256319E-1
956	7.94846525E-1
426	7.96351262E-1
912	7.96828955E-1
2	7.9763096E-1
279	7.98470043E-1
932	8.0433954E-1
657	8.06148263E-1
860	8.06609579E-1
887	8.06623257E-1
659	8.06844222E-1
504	8.07186042E-1
94	8.07333994E-1
909	8.07477596E-1
301	8.0916227E-1
867	8.10011774E-1
308	8.1075128E-1
401	8.13538548E-1
997	8.13778974E-1
416	8.15449355E-1
600	8.16087095E-1
915	8.16329164E-1
433	8.16811709E-1
1004	8.17165525E-1
690	8.17317532E-1
182	8.18021417E-1
209	8.1912218E-1
159	8.1923795E-1
225	8.19846744E-1
397	8.19878065E-1
566	8.20147809E-1
598	8.22496174E-1
777	8.23312032E-1
169	8.23382772E-1
739	8.24173709E-1
38	8.25218126E-1
601	8.28622493E-1
202	8.28729251E-1
410	8.28930115E-1
899	8.28978576E-1
226	8.29289704E-1
849	8.30098152E-1
798	8.30247235E-1
764	8.30445037E-1
658	8.30919096E-1
800	8.31808632E-1
102	8.32914844E-1
773	8.34709594E-1
543	8.36612163E-1
20	8.36637484E-1
442	8.37081958E-1
363	8.37221623E-1
266	8.40999497E-1
103	8.44913759E-1
869	8.45731966E-1
270	8.47439345E-1
787	8.48426233E-1
58	8.48919218E-1
812	8.50038065E-1
336	8.50129609E-1
22	8.50604289E-1
616	8.51111803E-1
453	8.51549091E-1
153	8.52061115E-1
439	8.52148698E-1
333	8.52156073E-1
695	8.55131513E-1
518	8.5616665E-1
671	8.57074224E-1
941	8.57457279E-1
831	8.57666611E-1
526	8.58011478E-1
1019	8.6349032E-1
362	8.63970711E-1
258	8.64927639E-1
399	8.72454321E-1
765	8.73026639E-1
677	8.73067546E-1
719	8.74557221E-1
516	8.75732047E-1
793	8.76386046E-1
130	8.79707354E-1
117	8.80363628E-1
767	8.81962588E-1
146	8.82215323E-1
999	8.8384562E-1
35	8.84734515E-1
567	8.85847638E-1
114	8.86278369E-1
841	8.86348754E-1
306	8.86423982E-1
562	8.86728775E-1
1003	8.87617626E-1
218	8.8831408E-1
605	8.88346902E-1
902	8.88892524E-1
759	8.90743891E-1
926	8.9212016E-1
626	8.92192794E-1
476	8.95087331E-1
55	8.95732276E-1
561	8.95945233E-1
36	8.96380801E-1
559	8.9771195E-1
1021	8.98019257E-1
856	8.99527141E-1
837	9.01876693E-1
100	9.04889247E-1
6	9.05493066E-1
355	9.05664172E-1
502	9.06290721E-1
118	9.07520594E-1
692	9.07922291E-1
1009	9.10704323E-1
789	9.10855692E-1
917	9.11078805E-1
243	9.11321294E-1
700	9.11969384E-1
232	9.12195006E-1
665	9.123574E-1
46	9.12658127E-1
968	9.13906513E-1
505	9.13908724E-1
709	9.15164169E-1
478	9.16680011E-1
126	9.16711791E-1
604	9.1679196E-1
48	9.17423693E-1
91	9.19764764E-1
995	9.20248439E-1
708	9.21297196E-1
717	9.21426135E-1
347	9.22170419E-1
168	9.25368251E-1
73	9.25493642E-1
288	9.26763629E-1
855	9.27397591E-1
744	9.27651939E-1
545	9.29759407E-1
214	9.30958525E-1
583	9.31112545E-1
187	9.3195042E-1
934	9.35904315E-1
818	9.36907454E-1
75	9.369336E-1
537	9.37107105E-1
642	9.37799525E-1
108	9.40553385E-1
67	9.4114048E-1
191	9.41418528E-1
911	9.41779186E-1
437	9.41814732E-1
252	9.4318991E-1
918	9.44009155E-1
730	9.45334245E-1
184	9.46358929E-1
660	9.46653507E-1
952	9.46956416E-1
188	9.48924754E-1
625	9.49813407E-1
152	9.50369018E-1
241	9.5042936E-1
538	9.51344293E-1
4	9.51744527E-1
1017	9.53323822E-1
42	9.56195701E-1
406	9.57142797E-1
33	9.57740234E-1
70	9.58431381E-1
706	9.59665365E-1
748	9.60605786E-1
609	9.63973333E-1
262	9.64035466E-1
211	9.65529068E-1
979	9.65860864E-1
988	9.66099718E-1
754	9.67711786E-1
703	9.68007425E-1
123	9.69739778E-1
569	9.69804393E-1
593	9.6994052E-1
780	9.69970219E-1
960	9.7005068E-1
948	9.7148412E-1
282	9.71502619E-1
385	9.71644915E-1
610	9.72630485E-1
215	9.74763221E-1
27	9.75012022E-1
872	9.80070184E-1
381	9.81139295E-1
143	9.82513099E-1
359	9.8516518E-1
972	9.85372355E-1
201	9.85853497E-1
150	9.85902268E-1
511	9.86371352E-1
240	9.86952258E-1
661	9.89778221E-1
617	9.90312644E-1
89	9.90877649E-1
244	9.92127554E-1
466	9.92127806E-1
946	9.92205652E-1
758	9.93555083E-1
969	9.94020588E-1
743	9.96073486E-1
318	9.96299796E-1
551	9.96765277E-1
155	9.96937217E-1
475	9.97296852E-1
438	9.97313145E-1
