Name	chi2Pvalue
847	2.19687743E-3
476	2.95351927E-3
72	3.25932834E-3
949	4.29589516E-3
389	5.05950959E-3
427	5.42674984E-3
343	5.53239091E-3
118	6.75499691E-3
205	8.08405685E-3
844	8.35842483E-3
965	1.06801952E-2
377	1.24254414E-2
913	1.41221657E-2
565	1.42545778E-2
651	1.4285538E-2
639	1.46907987E-2
803	1.5780312E-2
709	1.81472653E-2
874	1.86297683E-2
570	1.98337827E-2
981	2.25010247E-2
437	2.44927043E-2
829	2.52688679E-2
1021	2.55119336E-2
113	2.59452741E-2
930	2.60355562E-2
20	2.67970774E-2
400	2.75775758E-2
789	2.76866182E-2
678	2.8710112E-2
496	2.88098505E-2
743	2.88131489E-2
89	3.13121192E-2
830	3.15911341E-2
157	3.19956744E-2
626	3.34921621E-2
899	3.44938647E-2
730	3.52213447E-2
490	3.5668525E-2
161	3.59785415E-2
924	3.64960379E-2
228	3.70023927E-2
951	3.75009528E-2
992	3.84248973E-2
834	3.91227306E-2
239	3.93811244E-2
778	4.31342411E-2
964	4.3796655E-2
0	4.38090667E-2
592	4.40265786E-2
994	4.62636398E-2
179	4.75927333E-2
952	4.78076661E-2
534	4.85649103E-2
634	5.0292193E-2
284	5.08947992E-2
635	5.14691921E-2
471	5.16602863E-2
227	5.23649381E-2
903	5.3262377E-2
864	5.51760401E-2
242	5.52794994E-2
927	5.52931171E-2
571	5.53431543E-2
12	5.5389734E-2
29	5.61037044E-2
853	6.1448897E-2
23	6.16296341E-2
321	6.36106087E-2
464	6.40874764E-2
322	6.58755791E-2
684	6.74406536E-2
330	6.86513681E-2
797	6.96970664E-2
922	7.02825782E-2
175	7.1950044E-2
923	7.30140895E-2
206	7.3163385E-2
881	7.33760021E-2
363	7.38571051E-2
43	7.41374172E-2
423	7.60306609E-2
5	7.60663324E-2
197	7.68302471E-2
482	7.90012541E-2
254	7.93450286E-2
962	7.9761509E-2
740	8.03605759E-2
390	8.0376505E-2
657	8.35185069E-2
248	8.54529342E-2
260	8.65008059E-2
554	8.65540226E-2
40	8.80810971E-2
810	9.20256478E-2
319	9.27454064E-2
726	9.2976934E-2
170	9.34894454E-2
756	9.49103084E-2
131	9.56335438E-2
950	9.60502448E-2
134	9.69687002E-2
577	9.75030386E-2
722	9.78528816E-2
36	9.8891158E-2
81	9.98180301E-2
32	1.00061647E-1
17	1.00399231E-1
555	1.00516626E-1
194	1.0109939E-1
250	1.020684E-1
979	1.02164678E-1
749	1.04662644E-1
272	1.07097802E-1
210	1.07703049E-1
428	1.09044833E-1
489	1.12802681E-1
987	1.12836313E-1
90	1.15378371E-1
683	1.17942522E-1
667	1.18162262E-1
324	1.18320003E-1
625	1.18452078E-1
202	1.1953585E-1
621	1.2021301E-1
509	1.202304E-1
127	1.20423029E-1
985	1.21099613E-1
305	1.21500047E-1
846	1.22917916E-1
275	1.23488952E-1
1004	1.24447198E-1
845	1.24804397E-1
353	1.26364831E-1
602	1.27439896E-1
459	1.30032032E-1
123	1.30377974E-1
733	1.31433676E-1
695	1.32091355E-1
302	1.35159714E-1
366	1.35710887E-1
588	1.37871327E-1
516	1.407665E-1
338	1.40970768E-1
99	1.42004085E-1
978	1.43686054E-1
906	1.44999385E-1
669	1.45336442E-1
9	1.46565737E-1
44	1.50446672E-1
75	1.50789357E-1
887	1.52457849E-1
714	1.5388563E-1
24	1.53989731E-1
446	1.54421287E-1
856	1.56386521E-1
310	1.58810348E-1
232	1.58864942E-1
88	1.59140703E-1
713	1.59242426E-1
340	1.60085388E-1
270	1.6362658E-1
91	1.63749443E-1
279	1.64470816E-1
126	1.66036842E-1
959	1.66478175E-1
71	1.67470148E-1
474	1.68327228E-1
901	1.6850316E-1
792	1.69138547E-1
608	1.69316279E-1
1001	1.70054671E-1
971	1.70103579E-1
972	1.70158164E-1
957	1.71455242E-1
872	1.72587173E-1
530	1.73258538E-1
335	1.73541332E-1
793	1.74816694E-1
791	1.77854602E-1
539	1.77891903E-1
104	1.78026379E-1
185	1.78113148E-1
49	1.80395034E-1
870	1.80972146E-1
597	1.82062758E-1
517	1.82170228E-1
339	1.82933535E-1
795	1.83333041E-1
754	1.83837612E-1
989	1.86840613E-1
341	1.88668259E-1
560	1.93443436E-1
405	1.94073138E-1
154	1.96125158E-1
100	1.98012538E-1
385	2.00032074E-1
865	2.00390254E-1
855	2.02282159E-1
41	2.0344723E-1
313	2.05675577E-1
439	2.06007727E-1
941	2.13141815E-1
46	2.14832251E-1
236	2.14866119E-1
961	2.15496394E-1
406	2.16743904E-1
788	2.17142578E-1
271	2.17239036E-1
45	2.18646377E-1
685	2.19692483E-1
1018	2.2072944E-1
136	2.21703232E-1
63	2.22787813E-1
837	2.22860557E-1
878	2.23299312E-1
606	2.25000061E-1
843	2.25102153E-1
484	2.25372438E-1
308	2.258121E-1
384	2.29033946E-1
463	2.29410732E-1
7	2.30375898E-1
640	2.303927E-1
364	2.33559305E-1
717	2.36463064E-1
70	2.36929964E-1
747	2.3747557E-1
510	2.38298523E-1
240	2.38643776E-1
511	2.38763569E-1
538	2.39557638E-1
1020	2.42024193E-1
800	2.42680683E-1
263	2.43023651E-1
654	2.43480453E-1
485	2.44351654E-1
750	2.46885844E-1
31	2.48225447E-1
782	2.48699397E-1
314	2.49537092E-1
436	2.49632001E-1
751	2.50501976E-1
351	2.50566538E-1
1010	2.51248555E-1
214	2.51439412E-1
417	2.53065826E-1
970	2.5440166E-1
806	2.56242664E-1
880	2.57005631E-1
418	2.6017911E-1
441	2.60614024E-1
708	2.61497249E-1
633	2.63395228E-1
52	2.6572288E-1
94	2.67041572E-1
122	2.67754755E-1
162	2.67908276E-1
257	2.69481927E-1
630	2.69755048E-1
607	2.70911045E-1
914	2.72038135E-1
532	2.72830738E-1
1017	2.73784305E-1
217	2.73964973E-1
59	2.74614799E-1
120	2.77851714E-1
809	2.7820334E-1
876	2.796832E-1
905	2.80354708E-1
288	2.80538117E-1
998	2.82107074E-1
637	2.84194529E-1
601	2.84850601E-1
280	2.8538962E-1
500	2.87270027E-1
780	2.87343379E-1
652	2.88000437E-1
129	2.88853494E-1
624	2.89604416E-1
96	2.91546497E-1
877	2.92201093E-1
486	2.92752031E-1
917	2.92935165E-1
919	2.93035107E-1
156	2.93086422E-1
133	2.93983784E-1
821	2.93990566E-1
1019	2.94059048E-1
915	2.94835272E-1
777	2.95217536E-1
22	2.96006969E-1
504	2.96969336E-1
148	2.98395942E-1
858	2.99063463E-1
76	2.999999E-1
908	3.00418122E-1
973	3.00686703E-1
739	3.00761345E-1
259	3.01360403E-1
6	3.02084139E-1
649	3.03219573E-1
74	3.03867926E-1
294	3.05566181E-1
380	3.07504518E-1
83	3.07731731E-1
648	3.08534345E-1
354	3.08818452E-1
909	3.09683982E-1
566	3.10280211E-1
617	3.10646954E-1
336	3.11064657E-1
315	3.110756E-1
411	3.13410684E-1
169	3.14030177E-1
997	3.14935186E-1
110	3.17483622E-1
502	3.17605709E-1
975	3.1781587E-1
859	3.1952891E-1
66	3.20051185E-1
897	3.21699122E-1
507	3.2271413E-1
433	3.22911545E-1
87	3.23981309E-1
355	3.24358266E-1
527	3.25663357E-1
255	3.25870801E-1
189	3.27725599E-1
727	3.28276076E-1
693	3.31405248E-1
761	3.34653691E-1
191	3.35705735E-1
514	3.38441547E-1
900	3.40181244E-1
512	3.4085085E-1
940	3.41979013E-1
614	3.42293456E-1
303	3.44185848E-1
124	3.45548268E-1
580	3.46469484E-1
56	3.4649979E-1
609	3.4704642E-1
835	3.47260509E-1
119	3.47579176E-1
585	3.47602741E-1
267	3.4774501E-1
974	3.48041851E-1
165	3.49300072E-1
814	3.49581051E-1
35	3.51695052E-1
616	3.52068725E-1
97	3.52515395E-1
831	3.52569058E-1
393	3.54206836E-1
645	3.54252096E-1
281	3.55781158E-1
824	3.56239508E-1
455	3.57809046E-1
172	3.58027331E-1
1012	3.59824263E-1
224	3.6076112E-1
770	3.62158278E-1
291	3.6263326E-1
658	3.63066335E-1
895	3.64043231E-1
644	3.65720599E-1
819	3.66283237E-1
562	3.66369677E-1
934	3.67210152E-1
383	3.68796673E-1
422	3.69724014E-1
456	3.69942621E-1
836	3.76239854E-1
849	3.76495104E-1
871	3.76831357E-1
632	3.79036984E-1
431	3.81341553E-1
851	3.81626433E-1
207	3.81676845E-1
675	3.81838869E-1
1023	3.82419091E-1
1022	3.82840626E-1
307	3.8288363E-1
174	3.83294419E-1
26	3.84217791E-1
938	3.8481806E-1
95	3.85434354E-1
525	3.86881949E-1
178	3.877749E-1
415	3.89252588E-1
541	3.892713E-1
48	3.89844157E-1
317	3.91692395E-1
896	3.92904314E-1
77	3.93340015E-1
948	3.93479397E-1
404	3.94050429E-1
180	3.94885334E-1
268	3.98273957E-1
445	3.98938684E-1
698	3.9906719E-1
102	4.02401277E-1
672	4.02572529E-1
316	4.0319295E-1
55	4.04200139E-1
720	4.04553931E-1
306	4.07733676E-1
618	4.09393326E-1
183	4.09846967E-1
690	4.10076787E-1
114	4.11672285E-1
181	4.11919066E-1
813	4.13929516E-1
424	4.14017125E-1
37	4.15132729E-1
218	4.15364009E-1
1014	4.15648091E-1
65	4.15660766E-1
671	4.1724175E-1
860	4.17763593E-1
582	4.17990893E-1
548	4.19197823E-1
465	4.20152568E-1
356	4.20337715E-1
304	4.20909056E-1
537	4.21332572E-1
611	4.22096637E-1
572	4.22299802E-1
884	4.22522081E-1
586	4.24072927E-1
488	4.25838487E-1
787	4.29368192E-1
234	4.29579218E-1
413	4.29695995E-1
918	4.30879901E-1
101	4.30977183E-1
216	4.32433909E-1
699	4.32594983E-1
408	4.33941837E-1
584	4.34423718E-1
235	4.36792338E-1
245	4.36946783E-1
33	4.38018895E-1
163	4.38035099E-1
931	4.38108668E-1
697	4.39332655E-1
326	4.41576982E-1
481	4.43456947E-1
748	4.45386094E-1
794	4.47079346E-1
766	4.51330458E-1
166	4.51770717E-1
567	4.52229869E-1
1006	4.52767939E-1
956	4.53322548E-1
753	4.54974255E-1
173	4.55331002E-1
57	4.56397831E-1
600	4.57427895E-1
982	4.57731805E-1
776	4.58955413E-1
416	4.5960781E-1
576	4.61192859E-1
936	4.62619879E-1
1003	4.64376417E-1
262	4.65031873E-1
192	4.65366557E-1
237	4.66135378E-1
386	4.66718037E-1
744	4.66921266E-1
596	4.67380664E-1
593	4.67790074E-1
798	4.67991594E-1
661	4.69287716E-1
80	4.69705424E-1
910	4.70912417E-1
759	4.71011438E-1
325	4.72243337E-1
64	4.72573953E-1
233	4.75914989E-1
407	4.76466634E-1
73	4.77660543E-1
108	4.78380328E-1
944	4.78929862E-1
610	4.79433407E-1
289	4.81249313E-1
467	4.82316442E-1
535	4.86444179E-1
188	4.87974732E-1
4	4.89846008E-1
204	4.90550078E-1
282	4.91148893E-1
92	4.94576451E-1
687	4.95456893E-1
647	4.97643978E-1
681	4.97784478E-1
374	4.98242004E-1
676	5.00027402E-1
147	5.00457831E-1
636	5.00561074E-1
13	5.00972021E-1
826	5.01369023E-1
642	5.02159926E-1
388	5.02300948E-1
543	5.02826111E-1
301	5.04128464E-1
462	5.04374354E-1
933	5.05951295E-1
60	5.06389849E-1
373	5.07189066E-1
375	5.07250114E-1
863	5.09789297E-1
603	5.10564305E-1
149	5.10876763E-1
904	5.11362572E-1
945	5.11417658E-1
513	5.11722385E-1
808	5.12646503E-1
505	5.13260983E-1
409	5.14244842E-1
196	5.14626043E-1
666	5.15587357E-1
425	5.16859149E-1
34	5.17443387E-1
716	5.19667152E-1
58	5.20051441E-1
112	5.20217428E-1
783	5.21084198E-1
732	5.21245046E-1
868	5.21659604E-1
252	5.23216041E-1
370	5.23809606E-1
381	5.24623018E-1
822	5.24699868E-1
891	5.25446955E-1
866	5.26058734E-1
889	5.26077229E-1
344	5.28263478E-1
937	5.30346182E-1
155	5.30477902E-1
333	5.31122695E-1
15	5.35195016E-1
581	5.37267056E-1
332	5.37405863E-1
285	5.37670207E-1
273	5.38439167E-1
105	5.38676011E-1
466	5.39798852E-1
498	5.40587137E-1
912	5.40977436E-1
694	5.41211839E-1
688	5.41510138E-1
226	5.42682827E-1
223	5.44542419E-1
627	5.45197884E-1
468	5.46264481E-1
426	5.47441104E-1
430	5.47551329E-1
396	5.49696612E-1
929	5.50156856E-1
745	5.52317469E-1
187	5.52610973E-1
144	5.54111661E-1
703	5.54321195E-1
265	5.54904479E-1
563	5.54960606E-1
53	5.55185631E-1
790	5.56599077E-1
594	5.57531066E-1
458	5.58238764E-1
1002	5.58874232E-1
199	5.59083829E-1
575	5.59741419E-1
1013	5.59874376E-1
107	5.60184235E-1
111	5.60823701E-1
278	5.61515485E-1
435	5.61613275E-1
328	5.62208777E-1
882	5.62929921E-1
832	5.64179051E-1
711	5.66259092E-1
491	5.66434745E-1
886	5.67619855E-1
128	5.6825682E-1
677	5.6869991E-1
885	5.70428906E-1
287	5.71140051E-1
928	5.71143431E-1
345	5.73706435E-1
557	5.73986407E-1
691	5.75080386E-1
893	5.75637401E-1
203	5.76170434E-1
589	5.76708674E-1
515	5.77942006E-1
817	5.78938273E-1
815	5.79408328E-1
902	5.80225126E-1
721	5.8032503E-1
38	5.80383186E-1
583	5.81171097E-1
980	5.81732751E-1
212	5.84147213E-1
359	5.86991602E-1
520	5.88099945E-1
762	5.88209616E-1
300	5.88289861E-1
731	5.887034E-1
757	5.89209424E-1
432	5.89741315E-1
728	5.91996262E-1
184	5.92751973E-1
542	5.92759904E-1
200	5.93767154E-1
947	5.94571246E-1
1000	5.96440382E-1
953	5.97216034E-1
763	5.97251812E-1
612	5.97520857E-1
942	5.99593075E-1
398	5.99659968E-1
16	6.00305496E-1
298	6.02622547E-1
574	6.02834555E-1
457	6.03407436E-1
334	6.04028979E-1
454	6.04745019E-1
508	6.06192205E-1
1	6.08962395E-1
976	6.09465479E-1
660	6.10764146E-1
932	6.11014961E-1
497	6.19650466E-1
977	6.19802776E-1
898	6.22548726E-1
564	6.240936E-1
137	6.26577168E-1
955	6.27278226E-1
656	6.28314151E-1
668	6.28627586E-1
18	6.29088484E-1
141	6.30263672E-1
477	6.30861498E-1
935	6.3168585E-1
628	6.3338083E-1
286	6.35256523E-1
746	6.35745855E-1
705	6.37320368E-1
741	6.38281435E-1
493	6.39056604E-1
394	6.39147783E-1
523	6.42594926E-1
209	6.43711764E-1
984	6.44320228E-1
143	6.44454078E-1
737	6.45063372E-1
264	6.46100811E-1
802	6.5175464E-1
911	6.52377421E-1
337	6.54608798E-1
646	6.54614048E-1
969	6.55943173E-1
643	6.56446192E-1
939	6.56465125E-1
650	6.59177431E-1
499	6.60368097E-1
478	6.60567285E-1
521	6.61180627E-1
805	6.63093976E-1
983	6.63156747E-1
492	6.63233837E-1
103	6.65060565E-1
243	6.65501624E-1
135	6.65748068E-1
786	6.66077361E-1
501	6.66083607E-1
991	6.67359693E-1
399	6.68243705E-1
784	6.68656886E-1
480	6.70737614E-1
269	6.75343076E-1
710	6.75685676E-1
106	6.76015682E-1
25	6.76497242E-1
772	6.78512758E-1
526	6.79684332E-1
926	6.80643535E-1
329	6.80938828E-1
990	6.81095108E-1
453	6.81678045E-1
360	6.82069948E-1
371	6.82379314E-1
736	6.83182769E-1
21	6.83475226E-1
348	6.83824156E-1
848	6.83843669E-1
368	6.83893876E-1
573	6.88610825E-1
69	6.88688713E-1
1007	6.90441137E-1
960	6.90656452E-1
702	6.90775347E-1
718	6.91868345E-1
365	6.93120948E-1
78	6.95733353E-1
361	6.96286622E-1
995	6.96752387E-1
299	6.96913999E-1
449	6.97341435E-1
109	6.97465645E-1
943	6.99468124E-1
297	7.00560369E-1
30	7.01896399E-1
692	7.04971496E-1
434	7.05486705E-1
890	7.05825315E-1
715	7.07435901E-1
781	7.07494959E-1
42	7.08175997E-1
309	7.09495106E-1
774	7.1617571E-1
367	7.16932741E-1
752	7.20224268E-1
186	7.23285333E-1
195	7.23410803E-1
403	7.23718722E-1
503	7.24064615E-1
376	7.2628231E-1
419	7.2841462E-1
804	7.28647547E-1
410	7.28897082E-1
775	7.29368307E-1
653	7.29765728E-1
350	7.31552816E-1
986	7.33725949E-1
921	7.34417278E-1
598	7.34582063E-1
429	7.35202765E-1
958	7.36177521E-1
818	7.37661993E-1
823	7.38696424E-1
215	7.39666298E-1
738	7.40127706E-1
707	7.41486787E-1
883	7.4151498E-1
10	7.42055316E-1
142	7.42378016E-1
397	7.42444069E-1
150	7.44485082E-1
231	7.45455461E-1
767	7.47674284E-1
755	7.48313022E-1
54	7.50365039E-1
357	7.50485867E-1
391	7.50831988E-1
331	7.5117953E-1
988	7.51901594E-1
536	7.52666102E-1
392	7.53526496E-1
276	7.54058359E-1
561	7.54255328E-1
867	7.54979757E-1
556	7.55109867E-1
266	7.55316652E-1
469	7.56386272E-1
665	7.57686321E-1
765	7.58665174E-1
682	7.58797644E-1
249	7.59770188E-1
412	7.60605977E-1
888	7.619815E-1
1008	7.6239562E-1
670	7.62717409E-1
138	7.63507467E-1
679	7.63851048E-1
125	7.64414933E-1
839	7.64682253E-1
320	7.64894025E-1
734	7.64956338E-1
869	7.65348552E-1
553	7.65910565E-1
3	7.66099133E-1
812	7.67809225E-1
451	7.68602019E-1
620	7.69595013E-1
438	7.69807417E-1
622	7.70598599E-1
167	7.70968394E-1
840	7.712249E-1
79	7.71388106E-1
599	7.71596671E-1
256	7.72913617E-1
160	7.73006717E-1
641	7.73187657E-1
8	7.76878439E-1
544	7.79186773E-1
238	7.80374915E-1
139	7.81119505E-1
850	7.81153571E-1
522	7.83214308E-1
277	7.83986871E-1
442	7.86356241E-1
473	7.86575726E-1
852	7.87843853E-1
229	7.87869649E-1
673	7.88360652E-1
742	7.88833768E-1
420	7.89457734E-1
51	7.91070069E-1
1005	7.92057444E-1
19	7.92152756E-1
421	7.96917337E-1
220	7.98083231E-1
828	7.99399526E-1
842	8.00092115E-1
631	8.01027356E-1
591	8.01143547E-1
222	8.01935669E-1
724	8.01944655E-1
152	8.02163851E-1
479	8.02593165E-1
67	8.04010078E-1
604	8.08393086E-1
547	8.08763683E-1
996	8.11689168E-1
506	8.12692496E-1
323	8.12865432E-1
132	8.152955E-1
116	8.16684474E-1
946	8.1789113E-1
461	8.18197422E-1
346	8.19734713E-1
825	8.20694948E-1
528	8.21266128E-1
208	8.21557663E-1
85	8.21638906E-1
615	8.22992448E-1
655	8.23615116E-1
696	8.24257413E-1
966	8.24834601E-1
674	8.27951877E-1
999	8.29020914E-1
662	8.29257965E-1
290	8.29728198E-1
712	8.30362737E-1
550	8.30469287E-1
595	8.31019996E-1
605	8.32595273E-1
211	8.34505387E-1
251	8.35656041E-1
470	8.36214823E-1
879	8.36537137E-1
201	8.36923071E-1
1009	8.38214863E-1
2	8.38382025E-1
729	8.40774931E-1
706	8.4172031E-1
349	8.44982786E-1
312	8.4674317E-1
452	8.47052905E-1
164	8.47361279E-1
1015	8.47553276E-1
873	8.47565458E-1
680	8.47711641E-1
861	8.49564962E-1
816	8.50962714E-1
261	8.51407168E-1
190	8.51718954E-1
807	8.52413181E-1
704	8.54356569E-1
769	8.59249117E-1
838	8.63769694E-1
241	8.64036468E-1
115	8.64487334E-1
177	8.64842985E-1
219	8.65753795E-1
841	8.66681285E-1
352	8.67852992E-1
362	8.68295737E-1
758	8.68591212E-1
450	8.69029225E-1
225	8.71251197E-1
801	8.72923856E-1
401	8.74213043E-1
460	8.74576884E-1
811	8.74583529E-1
378	8.76774457E-1
293	8.77279553E-1
916	8.78087242E-1
274	8.79995039E-1
551	8.81281347E-1
182	8.81998114E-1
62	8.82282758E-1
779	8.82529619E-1
546	8.8275231E-1
760	8.83140909E-1
494	8.8364693E-1
820	8.86750998E-1
440	8.86868495E-1
518	8.89613617E-1
93	8.89831662E-1
638	8.89881679E-1
700	8.91721044E-1
247	8.92907212E-1
552	8.93276599E-1
327	8.93673563E-1
292	8.9406707E-1
379	8.94920595E-1
857	8.9674035E-1
524	8.98328651E-1
296	9.00202845E-1
892	9.01478545E-1
50	9.01839755E-1
967	9.01864641E-1
472	9.02078586E-1
121	9.02897986E-1
619	9.03111122E-1
833	9.06334647E-1
475	9.07199706E-1
145	9.07221259E-1
253	9.08711746E-1
1011	9.12191348E-1
519	9.12768287E-1
246	9.13699988E-1
862	9.14448667E-1
198	9.14743976E-1
907	9.15623131E-1
531	9.15684974E-1
719	9.17015496E-1
771	9.17118856E-1
1016	9.17680767E-1
342	9.18476673E-1
796	9.1864348E-1
82	9.19118793E-1
151	9.19804953E-1
925	9.2091784E-1
14	9.21582191E-1
244	9.21775308E-1
444	9.23296258E-1
146	9.2362037E-1
827	9.24408563E-1
159	9.24452731E-1
168	9.2483475E-1
875	9.2672745E-1
540	9.27624943E-1
28	9.28093537E-1
47	9.29746589E-1
549	9.33407821E-1
295	9.34195109E-1
171	9.35068514E-1
39	9.36331838E-1
495	9.36853403E-1
579	9.3853212E-1
158	9.39554353E-1
559	9.40819933E-1
725	9.41779383E-1
894	9.4185316E-1
773	9.42478137E-1
854	9.4384202E-1
689	9.45011637E-1
587	9.45072568E-1
153	9.46138976E-1
382	9.47561832E-1
372	9.47898131E-1
221	9.48966662E-1
686	9.53046013E-1
402	9.53680082E-1
347	9.54687968E-1
84	9.5622126E-1
785	9.56820022E-1
318	9.57968071E-1
358	9.60453292E-1
61	9.64064056E-1
613	9.64935922E-1
447	9.65949732E-1
11	9.66522389E-1
68	9.67323483E-1
193	9.67466063E-1
117	9.67578146E-1
27	9.6832886E-1
963	9.68358629E-1
569	9.710551E-1
954	9.71889683E-1
968	9.7189222E-1
483	9.72470476E-1
395	9.73252537E-1
448	9.75948107E-1
258	9.76737498E-1
545	9.76935496E-1
130	9.76946373E-1
659	9.7725195E-1
387	9.79236787E-1
86	9.80933971E-1
558	9.81103326E-1
629	9.81323686E-1
799	9.81868056E-1
529	9.82819659E-1
701	9.83413042E-1
213	9.83666186E-1
723	9.84143973E-1
578	9.84319131E-1
487	9.88811348E-1
230	9.90645369E-1
768	9.90763536E-1
140	9.91218573E-1
993	9.91249556E-1
764	9.91546504E-1
311	9.92010809E-1
443	9.9248348E-1
664	9.93830707E-1
735	9.93951719E-1
98	9.95788966E-1
414	9.96547767E-1
176	9.96642891E-1
533	9.96851824E-1
663	9.97132906E-1
568	9.97812537E-1
623	9.98608546E-1
