Name	chi2Pvalue
760	6.23976517E-7
260	7.3277805E-4
238	2.04625833E-3
392	2.56075749E-3
370	2.57721875E-3
223	4.28633304E-3
938	4.43964139E-3
768	6.06808669E-3
170	6.55836862E-3
753	9.28367373E-3
217	9.98283001E-3
784	1.14412051E-2
192	1.2177817E-2
928	1.33002403E-2
503	1.40556762E-2
0	1.4335001E-2
327	1.65216E-2
754	1.6788065E-2
286	1.72031451E-2
256	1.84539322E-2
831	1.90616523E-2
456	1.96601193E-2
785	2.07651519E-2
114	2.08388979E-2
301	2.28029023E-2
157	2.30268046E-2
802	2.33713398E-2
105	2.3548996E-2
564	2.43870448E-2
429	2.44063435E-2
84	2.48454976E-2
740	2.50759595E-2
403	2.53471719E-2
994	2.57386968E-2
884	2.61517965E-2
881	2.95086908E-2
735	3.01945023E-2
101	3.21861291E-2
206	3.27926546E-2
311	3.34184418E-2
385	3.36965507E-2
253	3.41017994E-2
265	3.4284808E-2
405	3.57365369E-2
499	3.60959476E-2
813	3.64032947E-2
421	3.68173503E-2
570	3.71758956E-2
103	3.85354275E-2
471	3.85607652E-2
658	4.00995188E-2
876	4.02350605E-2
634	4.27560459E-2
250	4.33860316E-2
350	4.35418331E-2
835	4.51308784E-2
1012	4.57153168E-2
528	4.61262904E-2
788	4.7249257E-2
806	4.76234872E-2
676	4.87201748E-2
553	4.93379202E-2
117	5.12690045E-2
975	5.19783651E-2
239	5.20118461E-2
20	5.31116846E-2
581	5.33800501E-2
161	5.36459718E-2
324	5.36821211E-2
62	5.648222E-2
491	5.82170436E-2
743	5.86972446E-2
107	6.11182102E-2
224	6.11857116E-2
367	6.25146323E-2
413	6.31862155E-2
111	6.54941041E-2
959	6.64112671E-2
672	6.91100825E-2
692	6.93270411E-2
182	7.03624396E-2
599	7.26560078E-2
637	7.44636678E-2
467	7.46688533E-2
917	7.4783736E-2
642	7.65906593E-2
954	7.73324491E-2
778	7.84052182E-2
381	7.97398161E-2
264	7.99882452E-2
951	8.08212778E-2
844	8.21282809E-2
685	8.43490999E-2
879	8.45281498E-2
177	8.51359705E-2
728	8.55376349E-2
284	8.70076928E-2
196	8.80195624E-2
29	8.937788E-2
436	9.00026538E-2
380	9.01287415E-2
176	9.07685202E-2
408	9.11484553E-2
629	9.22203061E-2
443	9.3416431E-2
689	9.42219705E-2
706	9.42535444E-2
641	9.44428244E-2
953	9.71963822E-2
578	9.77270424E-2
651	9.98995113E-2
759	1.00122484E-1
145	1.00337815E-1
875	1.00807363E-1
823	1.01065737E-1
612	1.02893672E-1
423	1.06745071E-1
680	1.07931435E-1
583	1.10721289E-1
233	1.1174729E-1
46	1.1571749E-1
909	1.1668827E-1
664	1.17177161E-1
723	1.18232129E-1
949	1.18475562E-1
349	1.19877058E-1
895	1.20432914E-1
197	1.20999133E-1
30	1.22595826E-1
826	1.24326117E-1
871	1.25127619E-1
683	1.2699892E-1
235	1.27070474E-1
684	1.27473854E-1
113	1.27529916E-1
990	1.28125204E-1
538	1.2860072E-1
218	1.28815282E-1
608	1.28972219E-1
632	1.29699977E-1
976	1.3023407E-1
614	1.3319534E-1
310	1.33958736E-1
273	1.37927904E-1
294	1.39878839E-1
702	1.42772871E-1
507	1.43951472E-1
135	1.44347697E-1
731	1.4569078E-1
939	1.47297053E-1
191	1.5007625E-1
415	1.50963199E-1
516	1.51463549E-1
913	1.51826407E-1
236	1.53354244E-1
724	1.54536424E-1
399	1.54728909E-1
682	1.55225107E-1
386	1.55765746E-1
726	1.56162622E-1
729	1.57592529E-1
705	1.57915011E-1
128	1.61905587E-1
604	1.62291533E-1
339	1.64907665E-1
622	1.65009358E-1
457	1.67072232E-1
588	1.67141742E-1
777	1.68200868E-1
733	1.69270155E-1
519	1.69998797E-1
565	1.73782606E-1
395	1.75757437E-1
586	1.76450746E-1
982	1.78142495E-1
397	1.82944103E-1
34	1.84628286E-1
756	1.84881229E-1
836	1.86682631E-1
418	1.87521445E-1
562	1.87736089E-1
340	1.89575444E-1
673	1.90777386E-1
404	1.90924889E-1
207	1.91281956E-1
112	1.91714992E-1
921	1.92747726E-1
715	1.92856106E-1
354	1.92943618E-1
555	1.9365289E-1
864	1.93938201E-1
600	1.94030369E-1
47	1.94104723E-1
347	1.96808484E-1
911	1.97285527E-1
520	1.9841545E-1
635	1.99140823E-1
699	1.99277231E-1
129	2.01069725E-1
303	2.03101272E-1
625	2.03212424E-1
91	2.05467694E-1
4	2.0557829E-1
458	2.06636888E-1
969	2.07139162E-1
956	2.08356863E-1
722	2.0882655E-1
757	2.09435099E-1
517	2.09487815E-1
576	2.09811961E-1
352	2.09828021E-1
227	2.11246309E-1
5	2.12453464E-1
194	2.13670246E-1
358	2.14927984E-1
923	2.15236727E-1
81	2.15358179E-1
809	2.17541906E-1
138	2.17593492E-1
861	2.19049179E-1
893	2.20286867E-1
94	2.20702934E-1
816	2.22441075E-1
910	2.23206757E-1
341	2.2514058E-1
782	2.25611059E-1
998	2.27073799E-1
433	2.27280109E-1
189	2.28010906E-1
789	2.28538516E-1
746	2.28661555E-1
173	2.29712217E-1
376	2.29770669E-1
547	2.30373174E-1
708	2.3039361E-1
219	2.31685714E-1
888	2.3265775E-1
540	2.33068386E-1
288	2.33605816E-1
584	2.33783362E-1
734	2.34598688E-1
275	2.3692824E-1
897	2.37085136E-1
116	2.4004458E-1
432	2.40394664E-1
3	2.44237249E-1
571	2.44623239E-1
798	2.4466053E-1
56	2.45187908E-1
964	2.46188867E-1
87	2.47789478E-1
781	2.5089321E-1
1001	2.50909589E-1
856	2.53270318E-1
371	2.53516344E-1
776	2.56070706E-1
448	2.56328804E-1
258	2.58232769E-1
285	2.58424137E-1
719	2.58540512E-1
231	2.59977024E-1
825	2.60248029E-1
168	2.60248788E-1
609	2.60584012E-1
246	2.61649146E-1
889	2.62019523E-1
305	2.64075296E-1
276	2.64515854E-1
228	2.64717941E-1
306	2.66533957E-1
208	2.66990957E-1
905	2.67366348E-1
501	2.68676941E-1
140	2.68852225E-1
838	2.69249654E-1
527	2.7035886E-1
175	2.70791626E-1
849	2.72158024E-1
613	2.73698224E-1
829	2.7476419E-1
322	2.75144881E-1
707	2.75350531E-1
554	2.75604848E-1
824	2.77042727E-1
979	2.84461892E-1
326	2.84724865E-1
963	2.85726187E-1
606	2.92710328E-1
580	2.92874823E-1
647	2.93236646E-1
546	2.94339761E-1
17	2.97507667E-1
1010	2.99370506E-1
49	2.99472585E-1
1007	2.99719934E-1
389	3.00198207E-1
866	3.00439681E-1
627	3.01928552E-1
198	3.02407507E-1
470	3.03235392E-1
919	3.04520833E-1
1008	3.06171809E-1
479	3.06803382E-1
451	3.0732541E-1
374	3.11271105E-1
693	3.11794118E-1
262	3.13211998E-1
828	3.13753414E-1
133	3.14187313E-1
482	3.14240117E-1
863	3.14894357E-1
269	3.1552982E-1
396	3.16702944E-1
287	3.18039296E-1
962	3.18053654E-1
274	3.18258669E-1
922	3.18591179E-1
741	3.18674762E-1
817	3.18782398E-1
663	3.22008509E-1
378	3.2235486E-1
934	3.24354574E-1
55	3.24413212E-1
292	3.28225014E-1
725	3.28843255E-1
96	3.31621518E-1
762	3.32703998E-1
213	3.34364919E-1
597	3.36099575E-1
449	3.36602461E-1
407	3.36893206E-1
338	3.37500377E-1
933	3.37658956E-1
894	3.38279583E-1
331	3.39037248E-1
474	3.39728685E-1
582	3.40130085E-1
279	3.4074976E-1
414	3.43347845E-1
76	3.44202016E-1
402	3.44988017E-1
850	3.45383341E-1
518	3.45724256E-1
575	3.46424466E-1
533	3.46723383E-1
727	3.47743467E-1
496	3.49514414E-1
946	3.50280234E-1
971	3.50388212E-1
652	3.50830854E-1
656	3.51894898E-1
695	3.52007066E-1
995	3.52254993E-1
797	3.52888203E-1
435	3.52927546E-1
603	3.54375223E-1
188	3.57185031E-1
890	3.58150894E-1
769	3.58728558E-1
23	3.62640281E-1
891	3.648046E-1
344	3.66533044E-1
639	3.69089976E-1
711	3.69122189E-1
771	3.70883788E-1
904	3.71391445E-1
109	3.72950536E-1
266	3.73008665E-1
770	3.74637584E-1
190	3.75020223E-1
446	3.75097244E-1
498	3.76032601E-1
125	3.76662713E-1
814	3.7667649E-1
406	3.77507677E-1
557	3.77826055E-1
526	3.78119643E-1
696	3.79217148E-1
323	3.79281005E-1
912	3.80342612E-1
585	3.82057572E-1
333	3.82676486E-1
272	3.83548596E-1
416	3.84968026E-1
522	3.8515364E-1
115	3.86594851E-1
697	3.87246082E-1
535	3.88384374E-1
870	3.8955875E-1
987	3.90025695E-1
617	3.9129493E-1
901	3.91571196E-1
24	3.92228277E-1
346	3.95689652E-1
242	3.95838826E-1
551	3.95841481E-1
931	3.95842158E-1
669	3.96703566E-1
313	3.98819042E-1
675	3.99188232E-1
204	4.03440524E-1
142	4.03595653E-1
314	4.04538845E-1
1006	4.0585977E-1
567	4.0895648E-1
671	4.08986675E-1
943	4.09559538E-1
363	4.09574327E-1
366	4.09868269E-1
38	4.11155088E-1
833	4.11605043E-1
431	4.11606857E-1
353	4.14593497E-1
141	4.14864869E-1
837	4.15413626E-1
460	4.16611191E-1
417	4.18552703E-1
810	4.19132973E-1
900	4.20291091E-1
999	4.20294447E-1
33	4.21009906E-1
621	4.26558407E-1
511	4.26770479E-1
944	4.30223311E-1
271	4.30231812E-1
254	4.30570242E-1
531	4.31250531E-1
334	4.32018109E-1
18	4.3382723E-1
626	4.37495676E-1
855	4.3845173E-1
136	4.38717194E-1
75	4.39586759E-1
873	4.39752579E-1
210	4.42772418E-1
409	4.4298288E-1
667	4.43908798E-1
932	4.44266534E-1
967	4.48318804E-1
123	4.4903683E-1
181	4.49463853E-1
649	4.49811838E-1
872	4.52573662E-1
390	4.55859446E-1
981	4.56161584E-1
661	4.5650572E-1
280	4.56870662E-1
960	4.56873054E-1
216	4.57474286E-1
54	4.58122147E-1
82	4.58804471E-1
955	4.59916241E-1
229	4.60120966E-1
539	4.60318326E-1
927	4.60687581E-1
610	4.61153305E-1
655	4.61565183E-1
558	4.62143629E-1
1011	4.62794211E-1
263	4.62833811E-1
492	4.62941592E-1
993	4.64931235E-1
786	4.65572975E-1
6	4.66659578E-1
211	4.68524249E-1
154	4.69343143E-1
450	4.69357939E-1
980	4.69688297E-1
772	4.69942562E-1
678	4.70044744E-1
48	4.71376628E-1
736	4.71953722E-1
234	4.71976687E-1
100	4.72436177E-1
221	4.73053359E-1
494	4.73922239E-1
472	4.76513317E-1
361	4.76859788E-1
88	4.76867641E-1
832	4.7777383E-1
63	4.78168767E-1
68	4.80457503E-1
862	4.83226389E-1
243	4.83639926E-1
744	4.84051806E-1
577	4.84301399E-1
779	4.84801867E-1
766	4.85670263E-1
319	4.85803555E-1
820	4.87724948E-1
903	4.884005E-1
679	4.89149023E-1
896	4.89381389E-1
812	4.90384286E-1
368	4.91351841E-1
1013	4.91401225E-1
1000	4.92002611E-1
39	4.92031955E-1
843	4.96253868E-1
646	4.98138289E-1
950	4.98242136E-1
131	4.99900673E-1
61	4.99954927E-1
146	5.00413981E-1
455	5.00964693E-1
25	5.03921806E-1
148	5.04085797E-1
317	5.04240129E-1
21	5.04947065E-1
320	5.05514948E-1
1003	5.06241078E-1
484	5.0758315E-1
16	5.08276198E-1
906	5.08343513E-1
401	5.11084396E-1
237	5.12584866E-1
186	5.13483274E-1
865	5.1695159E-1
542	5.17995196E-1
377	5.20445402E-1
282	5.20818084E-1
961	5.22099573E-1
902	5.22742194E-1
410	5.22823965E-1
804	5.24233728E-1
638	5.24271475E-1
997	5.25317865E-1
424	5.26199819E-1
942	5.27520446E-1
10	5.27566121E-1
968	5.27932633E-1
713	5.28493296E-1
297	5.28758566E-1
839	5.29479847E-1
296	5.29798217E-1
248	5.32073009E-1
569	5.34198252E-1
623	5.34960259E-1
411	5.34982103E-1
40	5.36167094E-1
530	5.36207639E-1
925	5.3866406E-1
240	5.39390319E-1
65	5.39394524E-1
846	5.39580605E-1
628	5.39662062E-1
712	5.41627398E-1
867	5.42546223E-1
560	5.44749788E-1
882	5.45052045E-1
654	5.45368711E-1
159	5.45831892E-1
714	5.46397934E-1
579	5.52728599E-1
524	5.55116201E-1
122	5.62069583E-1
79	5.62262089E-1
548	5.62882652E-1
698	5.63394855E-1
487	5.64682472E-1
534	5.64805783E-1
787	5.64980034E-1
31	5.6583776E-1
257	5.66293328E-1
359	5.66781019E-1
650	5.70321605E-1
463	5.71353946E-1
748	5.71600702E-1
440	5.72562043E-1
630	5.73297723E-1
77	5.74217757E-1
701	5.76536431E-1
595	5.77733869E-1
444	5.79312101E-1
694	5.83131864E-1
37	5.8581269E-1
11	5.87704804E-1
926	5.89508476E-1
212	5.89605755E-1
690	5.90210675E-1
69	5.90903217E-1
19	5.9121743E-1
983	5.91779167E-1
996	5.92105537E-1
12	5.94392523E-1
924	5.94870978E-1
126	5.95515839E-1
99	5.95547674E-1
805	5.96042029E-1
841	5.97108278E-1
195	5.98807362E-1
398	5.997214E-1
447	6.00791245E-1
245	6.01394926E-1
118	6.01482561E-1
203	6.01573705E-1
425	6.02309469E-1
355	6.02776591E-1
602	6.0361218E-1
412	6.05419867E-1
469	6.05776804E-1
521	6.06122594E-1
752	6.06127564E-1
259	6.07817364E-1
45	6.07844405E-1
151	6.10029723E-1
95	6.11170283E-1
309	6.11731376E-1
668	6.1215871E-1
486	6.13773138E-1
478	6.14348925E-1
761	6.15715272E-1
476	6.17328875E-1
644	6.18955379E-1
643	6.1956388E-1
670	6.20167825E-1
166	6.22099528E-1
774	6.22132267E-1
952	6.23141975E-1
857	6.23783608E-1
730	6.24229765E-1
796	6.24485701E-1
59	6.26272214E-1
611	6.26680464E-1
869	6.27713389E-1
364	6.28687871E-1
200	6.29763227E-1
618	6.32258488E-1
566	6.33565113E-1
104	6.33829125E-1
596	6.34477284E-1
453	6.34691139E-1
659	6.3550418E-1
974	6.3559409E-1
947	6.3565564E-1
299	6.35820909E-1
393	6.36517051E-1
110	6.37590797E-1
860	6.3794247E-1
26	6.38409397E-1
298	6.39523586E-1
985	6.39756743E-1
559	6.4072894E-1
792	6.41060576E-1
515	6.4227544E-1
150	6.4261092E-1
9	6.42992114E-1
751	6.42992905E-1
568	6.4349345E-1
948	6.43714471E-1
160	6.44341942E-1
495	6.44685708E-1
818	6.46891336E-1
508	6.473989E-1
775	6.47611717E-1
717	6.479471E-1
149	6.48142226E-1
426	6.48634144E-1
1	6.49366581E-1
972	6.51574501E-1
155	6.53516695E-1
1004	6.55235828E-1
461	6.56370144E-1
164	6.56680708E-1
709	6.57232459E-1
60	6.57489497E-1
419	6.57754988E-1
607	6.58276081E-1
220	6.58454557E-1
574	6.58817096E-1
616	6.59028563E-1
718	6.59792813E-1
815	6.60469596E-1
214	6.61430207E-1
958	6.63027154E-1
332	6.63309362E-1
742	6.63900351E-1
36	6.66645881E-1
98	6.66676796E-1
178	6.66884103E-1
383	6.70403891E-1
267	6.70864181E-1
545	6.72129745E-1
362	6.76354092E-1
793	6.78019027E-1
438	6.78348688E-1
70	6.80666425E-1
232	6.81007301E-1
755	6.83298916E-1
252	6.83305004E-1
348	6.84172583E-1
325	6.84935121E-1
916	6.85092579E-1
852	6.855619E-1
277	6.8588847E-1
391	6.85994003E-1
420	6.86555748E-1
700	6.87215414E-1
241	6.88863104E-1
677	6.89414218E-1
22	6.90815784E-1
35	6.93346093E-1
464	6.93570955E-1
703	6.95669603E-1
459	6.98520589E-1
480	6.9928536E-1
631	6.99949388E-1
877	7.02831723E-1
704	7.03093503E-1
244	7.05357291E-1
328	7.06051481E-1
737	7.07792251E-1
543	7.07895237E-1
749	7.08801796E-1
2	7.09032491E-1
750	7.102581E-1
665	7.12182546E-1
859	7.1301551E-1
645	7.15074545E-1
71	7.15707765E-1
674	7.16141325E-1
1014	7.18851609E-1
312	7.18980695E-1
556	7.20041143E-1
92	7.2007498E-1
767	7.20707602E-1
488	7.20982477E-1
360	7.21693898E-1
591	7.23087367E-1
58	7.25967785E-1
504	7.28865648E-1
720	7.30900305E-1
605	7.31381603E-1
119	7.31404603E-1
28	7.31823585E-1
8	7.32930448E-1
688	7.33770564E-1
532	7.36253964E-1
477	7.36438659E-1
935	7.37386899E-1
739	7.38120566E-1
201	7.40011006E-1
183	7.40555432E-1
636	7.41205325E-1
171	7.42072184E-1
984	7.43824125E-1
653	7.43962781E-1
483	7.45428499E-1
143	7.48185323E-1
1017	7.48803343E-1
50	7.49061611E-1
497	7.51797495E-1
120	7.5184284E-1
74	7.52467665E-1
799	7.53496024E-1
945	7.54301218E-1
251	7.54386197E-1
783	7.55457702E-1
78	7.56602581E-1
536	7.56693233E-1
365	7.58070366E-1
624	7.58298674E-1
343	7.59811881E-1
791	7.60187043E-1
163	7.60361928E-1
318	7.60733703E-1
847	7.61512685E-1
885	7.616017E-1
978	7.62395757E-1
523	7.63454224E-1
973	7.64992752E-1
130	7.65019457E-1
388	7.67805937E-1
854	7.68171049E-1
721	7.69836262E-1
529	7.70591411E-1
803	7.70658456E-1
261	7.71101898E-1
493	7.71592775E-1
121	7.71841405E-1
666	7.7465428E-1
209	7.75097409E-1
315	7.78247895E-1
848	7.79689165E-1
193	7.79767071E-1
124	7.81619307E-1
710	7.82891711E-1
156	7.87623811E-1
57	7.88359499E-1
439	7.88435545E-1
127	7.88969028E-1
490	7.90620351E-1
268	7.90691813E-1
619	7.91505207E-1
811	7.91857084E-1
691	7.91885356E-1
687	7.92633266E-1
937	7.93073498E-1
32	7.94373995E-1
892	7.94377999E-1
505	7.94779148E-1
351	7.95410957E-1
187	7.96212772E-1
42	7.9652576E-1
165	7.97357585E-1
93	7.9753387E-1
73	7.9933797E-1
427	8.00031655E-1
747	8.00395893E-1
991	8.00411991E-1
147	8.00803721E-1
356	8.0181903E-1
918	8.02683757E-1
144	8.02710018E-1
102	8.04457281E-1
738	8.05517112E-1
886	8.07853111E-1
180	8.0911957E-1
291	8.10835238E-1
914	8.12137149E-1
940	8.13453206E-1
989	8.14988409E-1
290	8.16406744E-1
506	8.1716472E-1
169	8.17611252E-1
489	8.17882644E-1
172	8.20045734E-1
335	8.20187624E-1
316	8.22769884E-1
442	8.24264562E-1
27	8.25016657E-1
255	8.25164542E-1
819	8.25792552E-1
43	8.26695287E-1
329	8.27010843E-1
592	8.2854077E-1
226	8.29409297E-1
986	8.30021664E-1
372	8.31565127E-1
544	8.32300273E-1
992	8.32987418E-1
509	8.33306474E-1
842	8.33591678E-1
345	8.33977792E-1
550	8.34784857E-1
537	8.36998591E-1
512	8.37185665E-1
640	8.38461301E-1
153	8.39104348E-1
970	8.39841274E-1
97	8.39941686E-1
758	8.42182734E-1
85	8.43152437E-1
887	8.43620861E-1
66	8.44880704E-1
300	8.46639713E-1
874	8.47318022E-1
167	8.47518258E-1
106	8.47708263E-1
1020	8.47814188E-1
598	8.48222522E-1
72	8.49282437E-1
185	8.4982986E-1
878	8.50880533E-1
572	8.51000549E-1
179	8.51636565E-1
541	8.51776613E-1
1016	8.52315431E-1
686	8.53858834E-1
773	8.54653746E-1
821	8.5469327E-1
202	8.54909198E-1
880	8.5498258E-1
270	8.55918852E-1
930	8.58755746E-1
247	8.58790229E-1
454	8.61062569E-1
790	8.61108172E-1
336	8.61860569E-1
379	8.63024165E-1
1021	8.6310284E-1
929	8.63152117E-1
53	8.63472295E-1
330	8.64515782E-1
473	8.66843413E-1
966	8.67701047E-1
14	8.6778582E-1
898	8.67808688E-1
162	8.68763569E-1
468	8.6884679E-1
827	8.70341525E-1
681	8.7083714E-1
500	8.71611484E-1
475	8.73322571E-1
13	8.73441476E-1
485	8.73462186E-1
765	8.76118464E-1
780	8.77732727E-1
437	8.7853231E-1
977	8.8117579E-1
587	8.814105E-1
936	8.84525085E-1
52	8.84794668E-1
295	8.85252624E-1
834	8.85375454E-1
840	8.85747662E-1
382	8.86414976E-1
80	8.86705574E-1
601	8.88422927E-1
400	8.89569548E-1
502	8.9027145E-1
907	8.92157889E-1
563	8.92475246E-1
868	8.92901038E-1
249	8.94748355E-1
308	8.94877496E-1
732	8.9603638E-1
158	8.9772023E-1
152	8.98047815E-1
883	8.99620547E-1
1015	9.00675579E-1
552	9.01159053E-1
139	9.03762565E-1
384	9.04121864E-1
573	9.04304688E-1
808	9.06404922E-1
794	9.07383112E-1
633	9.07565739E-1
593	9.08168736E-1
452	9.09976933E-1
289	9.10445355E-1
434	9.11238015E-1
445	9.1262033E-1
620	9.13325118E-1
745	9.15099029E-1
853	9.1770214E-1
589	9.17776939E-1
915	9.1845961E-1
764	9.18858697E-1
199	9.18964781E-1
430	9.20874181E-1
357	9.22105572E-1
795	9.22899342E-1
594	9.23135122E-1
15	9.23659697E-1
7	9.24546587E-1
662	9.28346086E-1
51	9.29128477E-1
441	9.2940286E-1
941	9.31498846E-1
428	9.3303851E-1
108	9.33713225E-1
230	9.34706973E-1
657	9.3564062E-1
215	9.36643122E-1
763	9.36806888E-1
830	9.37877142E-1
89	9.40805546E-1
807	9.40854378E-1
514	9.41522428E-1
525	9.4186881E-1
908	9.42499514E-1
86	9.43045946E-1
965	9.43262738E-1
90	9.44700124E-1
205	9.44855696E-1
83	9.45615458E-1
899	9.46639067E-1
293	9.47324141E-1
510	9.47709172E-1
957	9.47712204E-1
134	9.4822194E-1
988	9.48820272E-1
716	9.49177909E-1
67	9.50219659E-1
375	9.503454E-1
64	9.5148553E-1
549	9.51650907E-1
394	9.52027641E-1
845	9.53158734E-1
513	9.53184196E-1
615	9.57426395E-1
184	9.58194334E-1
44	9.58681682E-1
1018	9.59472847E-1
1002	9.61905981E-1
302	9.62339775E-1
132	9.62458964E-1
1023	9.64678603E-1
481	9.67141889E-1
137	9.6740996E-1
321	9.67892706E-1
462	9.67922752E-1
1009	9.6851647E-1
851	9.6903699E-1
373	9.6921033E-1
278	9.69462147E-1
307	9.69603691E-1
422	9.69666751E-1
387	9.717122E-1
465	9.72565964E-1
660	9.72683922E-1
1005	9.74641461E-1
41	9.77173812E-1
222	9.79791466E-1
800	9.81580812E-1
801	9.83666379E-1
858	9.86471715E-1
174	9.87294554E-1
281	9.88887731E-1
1019	9.91173368E-1
342	9.91479997E-1
225	9.91982149E-1
337	9.93134972E-1
1022	9.93328415E-1
466	9.95239442E-1
822	9.96921745E-1
648	9.97066279E-1
561	9.99297216E-1
304	9.99345596E-1
