Name	chi2Pvalue
390	1.67469117E-6
176	4.89568668E-6
68	9.59026887E-5
111	1.0318178E-4
664	1.95871923E-4
946	1.12631422E-3
820	1.67180838E-3
689	3.28629069E-3
309	3.41413562E-3
778	5.1709914E-3
634	5.46462871E-3
317	6.00302146E-3
705	7.59651627E-3
622	7.60883398E-3
624	7.82493318E-3
480	8.42519707E-3
856	9.40670082E-3
150	9.79521695E-3
740	9.95651739E-3
238	1.0614596E-2
327	1.09678267E-2
891	1.19588159E-2
745	1.32074201E-2
731	1.44311287E-2
787	1.63891226E-2
191	1.67717181E-2
591	1.6818466E-2
501	1.81413646E-2
966	1.89129796E-2
993	1.91562913E-2
813	1.98456874E-2
928	2.135351E-2
239	2.90553744E-2
443	3.0391659E-2
457	3.04242905E-2
626	3.13234684E-2
876	3.33462198E-2
823	3.54615789E-2
677	3.60887383E-2
999	3.63531849E-2
145	3.64655488E-2
388	3.67097643E-2
628	3.67125279E-2
87	3.93398761E-2
164	3.93671345E-2
467	3.93929906E-2
491	3.97848885E-2
88	3.98368592E-2
515	4.07353346E-2
460	4.07813421E-2
196	4.11867096E-2
73	4.2409169E-2
86	4.31016095E-2
42	4.41825789E-2
55	4.50028847E-2
431	4.85400507E-2
671	4.87582821E-2
953	4.99176269E-2
553	4.99605626E-2
40	5.15038724E-2
764	5.22612295E-2
330	5.32694109E-2
319	5.55478646E-2
706	5.83582088E-2
994	5.85522432E-2
672	5.86069028E-2
500	5.90753594E-2
751	5.98380205E-2
982	6.0932999E-2
606	6.22536204E-2
205	6.22858771E-2
380	6.51062092E-2
609	6.52015413E-2
992	6.74318995E-2
450	6.76911932E-2
396	6.77437442E-2
352	6.82951362E-2
777	6.95533023E-2
93	7.00103904E-2
833	7.05591342E-2
522	7.10041539E-2
848	7.15112656E-2
791	7.2043263E-2
474	7.33414121E-2
488	7.33697827E-2
902	7.46998377E-2
235	7.7334559E-2
177	7.85186504E-2
676	8.01634479E-2
193	8.15595671E-2
198	8.24772578E-2
894	8.29839807E-2
837	8.37233675E-2
257	8.63793926E-2
360	8.77798668E-2
451	8.79290184E-2
808	8.88540194E-2
744	8.89528217E-2
418	8.93245962E-2
1011	9.04380159E-2
56	9.09036786E-2
211	9.35186116E-2
754	9.37651644E-2
568	9.57771447E-2
147	9.60459737E-2
103	9.64900297E-2
680	9.71735384E-2
374	9.89787183E-2
939	9.95498002E-2
1001	1.00749469E-1
588	1.01585588E-1
83	1.02244311E-1
190	1.02505854E-1
851	1.02870215E-1
586	1.04818903E-1
637	1.07906205E-1
92	1.0868517E-1
76	1.09824018E-1
869	1.10021731E-1
530	1.10410513E-1
565	1.10877234E-1
5	1.10930118E-1
784	1.11159518E-1
444	1.12174676E-1
0	1.14724372E-1
343	1.16280867E-1
81	1.16475169E-1
959	1.16481546E-1
285	1.17022451E-1
479	1.17753426E-1
696	1.19415842E-1
792	1.19949065E-1
738	1.21451353E-1
114	1.23130624E-1
651	1.2332285E-1
562	1.2332783E-1
663	1.24139332E-1
991	1.2629428E-1
276	1.28672384E-1
341	1.30010649E-1
885	1.30488186E-1
782	1.31008973E-1
726	1.31492969E-1
267	1.33056708E-1
803	1.34343089E-1
673	1.34624215E-1
67	1.3521991E-1
860	1.3522028E-1
325	1.35448449E-1
722	1.36934533E-1
21	1.3755767E-1
963	1.42247576E-1
306	1.4255555E-1
575	1.46680985E-1
84	1.47516942E-1
48	1.49137221E-1
617	1.49781765E-1
39	1.5042327E-1
446	1.50573241E-1
551	1.51020677E-1
318	1.52114241E-1
863	1.53102681E-1
892	1.5447175E-1
559	1.55703516E-1
788	1.57334123E-1
1008	1.59099873E-1
436	1.60464349E-1
718	1.60522909E-1
541	1.61921136E-1
984	1.62860132E-1
683	1.64500596E-1
203	1.64736421E-1
221	1.64736912E-1
861	1.66751528E-1
302	1.68411597E-1
54	1.69675229E-1
449	1.69785535E-1
867	1.71778103E-1
233	1.7275974E-1
752	1.7477495E-1
865	1.76127399E-1
35	1.7743588E-1
131	1.77642288E-1
569	1.78586485E-1
524	1.78858049E-1
866	1.80157575E-1
161	1.80519186E-1
675	1.84272143E-1
429	1.85835497E-1
964	1.86005527E-1
770	1.87319804E-1
350	1.87676257E-1
979	1.88701353E-1
339	1.88820124E-1
905	1.891437E-1
853	1.91265778E-1
269	1.92020592E-1
458	1.93287559E-1
915	1.9346269E-1
554	1.94480355E-1
207	1.96161879E-1
960	1.97103035E-1
875	1.98829827E-1
887	2.00723806E-1
160	2.01285175E-1
20	2.02046384E-1
730	2.02049603E-1
94	2.02198878E-1
260	2.03390103E-1
612	2.03636734E-1
26	2.04323589E-1
243	2.04751666E-1
316	2.06671846E-1
579	2.08054957E-1
806	2.08572922E-1
478	2.08933613E-1
201	2.08940188E-1
27	2.09085126E-1
922	2.10131249E-1
636	2.10541523E-1
432	2.10648751E-1
975	2.1079386E-1
33	2.14049782E-1
883	2.14106896E-1
625	2.14343466E-1
650	2.14980942E-1
923	2.16345512E-1
893	2.16677793E-1
658	2.18645968E-1
772	2.1873729E-1
355	2.20943091E-1
556	2.21426916E-1
603	2.22324923E-1
206	2.23636691E-1
847	2.25416141E-1
945	2.27532385E-1
829	2.28734515E-1
532	2.29053894E-1
832	2.31368045E-1
504	2.31535869E-1
313	2.32677284E-1
119	2.36413117E-1
728	2.37336769E-1
934	2.37397236E-1
652	2.43117741E-1
795	2.44769747E-1
329	2.44783859E-1
229	2.45793038E-1
681	2.45839913E-1
75	2.46216431E-1
571	2.50036632E-1
710	2.5022925E-1
262	2.50891814E-1
886	2.50940942E-1
9	2.51421909E-1
732	2.52043034E-1
144	2.52563609E-1
783	2.53691891E-1
849	2.54256215E-1
750	2.55267018E-1
277	2.55268919E-1
545	2.55597132E-1
607	2.56970756E-1
769	2.59811322E-1
125	2.60103497E-1
836	2.61350182E-1
633	2.61835273E-1
786	2.62945534E-1
908	2.63233029E-1
708	2.65882101E-1
89	2.66559492E-1
1017	2.67653431E-1
965	2.67796263E-1
702	2.68611541E-1
110	2.70160904E-1
406	2.72696033E-1
123	2.75242709E-1
72	2.75251826E-1
512	2.7574333E-1
213	2.75794985E-1
1002	2.76278963E-1
124	2.78264807E-1
393	2.80904959E-1
558	2.81165105E-1
80	2.82175527E-1
165	2.82643921E-1
1010	2.83892009E-1
525	2.84485364E-1
800	2.85600379E-1
433	2.87093667E-1
828	2.87346424E-1
990	2.89838524E-1
140	2.90128504E-1
909	2.90483443E-1
249	2.90542757E-1
611	2.90579823E-1
275	2.91180255E-1
104	2.91453464E-1
495	2.93921527E-1
494	2.94146965E-1
904	2.94382072E-1
846	2.95111359E-1
99	2.95138108E-1
413	2.9539715E-1
560	2.95823609E-1
951	2.97254177E-1
802	2.97738941E-1
970	2.99272567E-1
107	2.99793824E-1
132	3.00665378E-1
289	3.01198678E-1
60	3.02533614E-1
989	3.03693065E-1
292	3.04319524E-1
14	3.04641766E-1
614	3.05380586E-1
818	3.05476384E-1
912	3.06212955E-1
956	3.06606066E-1
955	3.08198456E-1
503	3.09445541E-1
242	3.10260068E-1
273	3.11321932E-1
839	3.11657218E-1
74	3.1258735E-1
756	3.16785893E-1
253	3.16910845E-1
734	3.19804179E-1
362	3.21237588E-1
136	3.21320278E-1
544	3.21795897E-1
91	3.2294417E-1
414	3.24660476E-1
597	3.25572515E-1
326	3.27663209E-1
954	3.28238233E-1
407	3.29403106E-1
567	3.29887012E-1
142	3.31801459E-1
897	3.34646018E-1
947	3.34762837E-1
996	3.34839497E-1
709	3.34883639E-1
882	3.35134709E-1
950	3.37542781E-1
542	3.38425621E-1
580	3.4007966E-1
819	3.40165681E-1
592	3.40594846E-1
226	3.40618025E-1
850	3.40867353E-1
157	3.42035347E-1
735	3.45064824E-1
546	3.45618204E-1
333	3.46433764E-1
687	3.47601208E-1
492	3.48456722E-1
840	3.49142173E-1
679	3.51194033E-1
884	3.52474587E-1
30	3.52563419E-1
763	3.53459318E-1
258	3.53723767E-1
351	3.54106919E-1
427	3.54529896E-1
38	3.54758878E-1
670	3.56570374E-1
796	3.56647533E-1
660	3.56895367E-1
477	3.58971422E-1
371	3.58975459E-1
117	3.59222937E-1
264	3.60031869E-1
827	3.61558809E-1
255	3.61569755E-1
870	3.62657613E-1
539	3.63534731E-1
63	3.63815366E-1
308	3.64203069E-1
713	3.64652845E-1
678	3.65481117E-1
304	3.67444771E-1
340	3.67831495E-1
162	3.69514132E-1
557	3.71596164E-1
373	3.72665868E-1
864	3.7610358E-1
225	3.76360205E-1
816	3.79996442E-1
564	3.8166919E-1
815	3.84329479E-1
359	3.85465053E-1
459	3.85635488E-1
57	3.8693242E-1
470	3.87018507E-1
356	3.87393972E-1
526	3.88690385E-1
259	3.89157793E-1
935	3.90944375E-1
741	3.92985389E-1
695	3.97094939E-1
685	3.9728608E-1
967	4.00179794E-1
858	4.0183375E-1
251	4.05315225E-1
749	4.05392999E-1
943	4.06319667E-1
644	4.06513622E-1
354	4.08103997E-1
376	4.08357509E-1
314	4.08707749E-1
250	4.09076444E-1
878	4.09386062E-1
428	4.13494622E-1
616	4.13588943E-1
987	4.13954625E-1
169	4.13963969E-1
641	4.14878191E-1
674	4.16227468E-1
583	4.18222487E-1
366	4.19604161E-1
761	4.19900725E-1
189	4.22492659E-1
222	4.23394066E-1
776	4.24049178E-1
363	4.24818676E-1
844	4.25114999E-1
296	4.25333122E-1
173	4.26023477E-1
767	4.26671056E-1
838	4.27122401E-1
766	4.27365896E-1
323	4.27860185E-1
223	4.29403715E-1
192	4.32351524E-1
307	4.32968027E-1
113	4.35635269E-1
723	4.35668969E-1
224	4.35909127E-1
988	4.37252779E-1
482	4.38530565E-1
1016	4.39081968E-1
537	4.3909774E-1
484	4.40060583E-1
469	4.44960264E-1
489	4.46926488E-1
903	4.48745873E-1
682	4.53174312E-1
595	4.54529089E-1
981	4.55860074E-1
743	4.57594868E-1
120	4.62365706E-1
759	4.63519441E-1
594	4.65320246E-1
274	4.6587218E-1
573	4.67054493E-1
220	4.6741429E-1
747	4.68643292E-1
841	4.6928405E-1
596	4.69529546E-1
272	4.70506678E-1
468	4.71315734E-1
370	4.74065942E-1
170	4.74137061E-1
746	4.74575052E-1
699	4.75169242E-1
881	4.75500988E-1
635	4.76793909E-1
932	4.77001313E-1
15	4.7754376E-1
821	4.7840422E-1
146	4.78664309E-1
765	4.80384711E-1
725	4.80398926E-1
719	4.80765757E-1
995	4.83479315E-1
879	4.838949E-1
760	4.84134668E-1
531	4.84288814E-1
499	4.85002048E-1
209	4.88609312E-1
613	4.89210167E-1
517	4.89939027E-1
256	4.91637591E-1
410	4.92916643E-1
180	4.95403367E-1
513	4.96369643E-1
204	4.9701895E-1
700	4.97737095E-1
385	4.99746213E-1
381	4.9985736E-1
647	5.01928977E-1
1000	5.02915087E-1
1007	5.03383091E-1
1015	5.03492121E-1
246	5.04287384E-1
1012	5.06752763E-1
736	5.07448864E-1
298	5.08833782E-1
773	5.11171378E-1
78	5.12149556E-1
386	5.13384296E-1
71	5.14595668E-1
465	5.14660198E-1
697	5.16288713E-1
859	5.19002044E-1
442	5.20925765E-1
328	5.21126159E-1
801	5.22435992E-1
62	5.22524097E-1
321	5.25412494E-1
331	5.26452108E-1
2	5.27758417E-1
739	5.27853369E-1
426	5.27944631E-1
303	5.28255282E-1
149	5.28721313E-1
668	5.30139992E-1
412	5.3432134E-1
112	5.36277259E-1
649	5.37814415E-1
1005	5.37877329E-1
357	5.38613449E-1
896	5.38766933E-1
310	5.39128299E-1
514	5.39215094E-1
241	5.41215364E-1
102	5.41453264E-1
510	5.45121325E-1
1003	5.45298774E-1
570	5.45517338E-1
141	5.46657074E-1
857	5.4673289E-1
506	5.46952034E-1
423	5.4798783E-1
13	5.49130744E-1
8	5.49235669E-1
508	5.50372909E-1
139	5.50998568E-1
665	5.52375529E-1
924	5.52381234E-1
322	5.53396916E-1
727	5.53957644E-1
218	5.55675888E-1
842	5.57324401E-1
659	5.57569893E-1
127	5.58083006E-1
505	5.58676529E-1
476	5.59331849E-1
454	5.60236947E-1
724	5.60314663E-1
232	5.60881098E-1
998	5.62652645E-1
779	5.63043869E-1
148	5.63065405E-1
18	5.63692907E-1
610	5.6506226E-1
600	5.66140682E-1
70	5.66714939E-1
361	5.67575227E-1
49	5.68736108E-1
228	5.69162992E-1
64	5.6921495E-1
631	5.69887016E-1
284	5.71765245E-1
271	5.7186589E-1
497	5.71880441E-1
445	5.72390201E-1
185	5.72435057E-1
684	5.7347071E-1
577	5.74765177E-1
834	5.75708137E-1
6	5.76855434E-1
447	5.77538682E-1
619	5.77828106E-1
403	5.7807312E-1
448	5.79708443E-1
638	5.82257077E-1
171	5.836672E-1
768	5.84480006E-1
315	5.86312663E-1
45	5.87050313E-1
278	5.87136888E-1
502	5.87300145E-1
835	5.8804173E-1
602	5.89519629E-1
135	5.90392418E-1
208	5.92896837E-1
133	5.93146749E-1
980	5.94225237E-1
1	5.95432454E-1
338	5.96448554E-1
757	5.97079969E-1
415	5.97249916E-1
31	5.98621737E-1
34	5.99657796E-1
919	6.00500722E-1
188	6.00534155E-1
400	6.0104853E-1
182	6.03002361E-1
521	6.04416383E-1
601	6.04783505E-1
771	6.05499862E-1
889	6.07677918E-1
463	6.07922659E-1
655	6.10184654E-1
899	6.14009689E-1
496	6.15381669E-1
100	6.19035863E-1
387	6.19211512E-1
334	6.19434129E-1
667	6.20284783E-1
666	6.20498345E-1
25	6.21966652E-1
263	6.22456333E-1
19	6.23567869E-1
830	6.24580775E-1
716	6.26822307E-1
472	6.2833633E-1
1004	6.28424245E-1
293	6.29604686E-1
337	6.32241414E-1
134	6.34333591E-1
921	6.3508164E-1
629	6.35226496E-1
604	6.36210585E-1
822	6.37360462E-1
287	6.3880868E-1
852	6.40534662E-1
122	6.42549322E-1
986	6.4287056E-1
930	6.43171792E-1
199	6.43892246E-1
661	6.44140499E-1
44	6.44276016E-1
156	6.44373751E-1
949	6.44506077E-1
775	6.4482188E-1
974	6.45059633E-1
640	6.46156814E-1
518	6.46643743E-1
845	6.47180167E-1
916	6.47623665E-1
917	6.48790247E-1
576	6.49347336E-1
324	6.50687966E-1
520	6.50711084E-1
7	6.52182938E-1
422	6.52354312E-1
152	6.53145101E-1
698	6.53478703E-1
265	6.56930066E-1
733	6.59133085E-1
686	6.59316323E-1
456	6.59689568E-1
462	6.60874385E-1
485	6.61438861E-1
646	6.62456318E-1
404	6.63557859E-1
50	6.63696137E-1
69	6.64039063E-1
219	6.64564854E-1
509	6.67626573E-1
877	6.68800281E-1
910	6.7136612E-1
65	6.72384168E-1
364	6.72745869E-1
159	6.74180612E-1
898	6.74649984E-1
938	6.74926118E-1
32	6.76218513E-1
799	6.76581588E-1
913	6.77345568E-1
430	6.77964314E-1
498	6.78050352E-1
10	6.79485817E-1
97	6.80760651E-1
627	6.83226054E-1
305	6.83471541E-1
217	6.83910103E-1
812	6.85266381E-1
983	6.86457115E-1
90	6.86521711E-1
694	6.86929234E-1
291	6.91803577E-1
153	6.9233481E-1
550	6.94018071E-1
811	6.95997836E-1
455	6.96069615E-1
174	6.9887215E-1
547	6.99474691E-1
582	7.00011743E-1
353	7.00718514E-1
437	7.00938136E-1
969	7.03811408E-1
344	7.04125136E-1
348	7.05877076E-1
1009	7.06949202E-1
538	7.0749891E-1
29	7.07559883E-1
781	7.07577375E-1
978	7.07819658E-1
516	7.08052294E-1
585	7.11960643E-1
707	7.13018203E-1
399	7.14205521E-1
793	7.15114244E-1
843	7.15140678E-1
105	7.15383911E-1
187	7.17503947E-1
439	7.17866723E-1
299	7.18160525E-1
230	7.19812597E-1
377	7.21616615E-1
774	7.23237833E-1
336	7.24099966E-1
425	7.27921014E-1
704	7.2793742E-1
762	7.29901566E-1
936	7.30326961E-1
435	7.31628011E-1
690	7.33231614E-1
669	7.3509912E-1
688	7.35798118E-1
952	7.36434831E-1
555	7.3652637E-1
194	7.3667127E-1
599	7.3697539E-1
36	7.37966716E-1
96	7.38111736E-1
358	7.40275703E-1
971	7.43465108E-1
3	7.43475175E-1
758	7.43820035E-1
976	7.45168553E-1
1018	7.45252682E-1
395	7.46191956E-1
907	7.47601343E-1
543	7.47830159E-1
549	7.4811367E-1
653	7.48831145E-1
46	7.49152832E-1
656	7.49237085E-1
918	7.49591621E-1
378	7.50549646E-1
261	7.5058468E-1
977	7.50992683E-1
236	7.51145315E-1
186	7.52093577E-1
486	7.52271161E-1
237	7.52618929E-1
868	7.54774318E-1
487	7.55245724E-1
434	7.56185637E-1
181	7.56188632E-1
873	7.56250324E-1
933	7.56307317E-1
346	7.57650187E-1
168	7.61972687E-1
311	7.62496719E-1
58	7.63308971E-1
408	7.63370651E-1
720	7.64145774E-1
729	7.64762827E-1
929	7.65717411E-1
245	7.65725004E-1
798	7.6651546E-1
901	7.68115726E-1
862	7.69576077E-1
417	7.70118347E-1
394	7.7286594E-1
826	7.73105673E-1
270	7.73197831E-1
11	7.73851316E-1
115	7.74655784E-1
714	7.74750585E-1
382	7.77675272E-1
621	7.79563094E-1
962	7.83072072E-1
712	7.83989051E-1
214	7.84589201E-1
630	7.85076553E-1
620	7.8508841E-1
440	7.85231992E-1
985	7.87109377E-1
566	7.87286526E-1
98	7.8769601E-1
809	7.8843933E-1
368	7.89966638E-1
584	7.91706928E-1
51	7.93201376E-1
805	7.94052641E-1
116	7.94379405E-1
481	7.95143723E-1
108	7.96166168E-1
662	7.96394726E-1
529	7.97257315E-1
968	7.98016936E-1
643	7.98115014E-1
240	7.99116604E-1
300	8.00154318E-1
1014	8.00235099E-1
77	8.02212918E-1
17	8.02217238E-1
533	8.04705968E-1
52	8.05765756E-1
475	8.06093993E-1
106	8.06211758E-1
4	8.07548463E-1
824	8.09238728E-1
691	8.11105164E-1
931	8.11143701E-1
280	8.11737911E-1
23	8.12812902E-1
574	8.1338812E-1
121	8.14606037E-1
483	8.1460686E-1
227	8.15991984E-1
937	8.18218432E-1
16	8.18289302E-1
511	8.19033892E-1
411	8.19767697E-1
210	8.19946376E-1
471	8.20874836E-1
742	8.22213545E-1
578	8.2436632E-1
925	8.24774946E-1
95	8.25307399E-1
59	8.27969628E-1
942	8.28913554E-1
248	8.28959028E-1
605	8.29397459E-1
268	8.29682763E-1
755	8.29852062E-1
888	8.30708373E-1
212	8.31796816E-1
880	8.33747234E-1
552	8.34200404E-1
43	8.34848943E-1
197	8.3506241E-1
958	8.37487077E-1
527	8.40417645E-1
143	8.42426462E-1
906	8.42596232E-1
940	8.42984635E-1
645	8.43049383E-1
405	8.43797186E-1
129	8.44802603E-1
234	8.45065104E-1
347	8.46278149E-1
831	8.46714095E-1
12	8.48876177E-1
534	8.49744944E-1
372	8.50320446E-1
247	8.50848183E-1
163	8.51462982E-1
703	8.53687222E-1
615	8.55136503E-1
715	8.55839968E-1
266	8.57249382E-1
384	8.61180605E-1
895	8.61426646E-1
252	8.62919734E-1
807	8.63558061E-1
109	8.64610704E-1
797	8.64637324E-1
416	8.68480527E-1
804	8.68661301E-1
581	8.68805342E-1
737	8.69550273E-1
179	8.69760686E-1
721	8.69777506E-1
1013	8.70902369E-1
572	8.72149866E-1
79	8.72219671E-1
598	8.72866307E-1
639	8.74038457E-1
519	8.747328E-1
200	8.76406503E-1
288	8.77399939E-1
101	8.78620503E-1
789	8.78656182E-1
926	8.80533891E-1
118	8.80718093E-1
279	8.81141714E-1
391	8.82538728E-1
365	8.83842315E-1
466	8.84954993E-1
452	8.86358277E-1
753	8.87384022E-1
810	8.87758625E-1
61	8.88063999E-1
1021	8.8889582E-1
409	8.89246615E-1
972	8.89909932E-1
195	8.91235258E-1
130	8.9209452E-1
927	8.92436606E-1
401	8.93150257E-1
22	8.93307064E-1
297	8.9452433E-1
490	8.95771692E-1
301	8.95981639E-1
342	8.97808304E-1
254	8.98821602E-1
872	8.98919194E-1
312	9.01205336E-1
441	9.01332223E-1
748	9.02687489E-1
523	9.04092682E-1
785	9.05713791E-1
825	9.05855285E-1
398	9.05918168E-1
854	9.06560884E-1
493	9.07209661E-1
790	9.08725065E-1
914	9.08978628E-1
349	9.09830072E-1
424	9.11151633E-1
654	9.11894611E-1
453	9.12362415E-1
657	9.12512159E-1
183	9.12852227E-1
294	9.14525586E-1
507	9.15072392E-1
389	9.18365125E-1
814	9.21702037E-1
890	9.2768024E-1
202	9.27973138E-1
178	9.29481147E-1
155	9.29596581E-1
332	9.31885927E-1
82	9.32203908E-1
1020	9.32418674E-1
66	9.32479004E-1
717	9.35178059E-1
320	9.35894592E-1
911	9.36859379E-1
817	9.3722609E-1
231	9.38660309E-1
24	9.41791678E-1
608	9.42212295E-1
175	9.43213721E-1
28	9.4323958E-1
642	9.43355288E-1
593	9.4342492E-1
138	9.45368456E-1
172	9.45655744E-1
383	9.45994128E-1
780	9.46433048E-1
379	9.46498352E-1
563	9.48681861E-1
632	9.49381676E-1
420	9.51606768E-1
295	9.51680726E-1
528	9.52735617E-1
158	9.53380785E-1
973	9.53687262E-1
367	9.54928249E-1
286	9.55190125E-1
154	9.58251991E-1
957	9.58272939E-1
37	9.58517927E-1
128	9.58570931E-1
215	9.63189336E-1
961	9.63525805E-1
794	9.64234189E-1
184	9.65831356E-1
1006	9.66604611E-1
693	9.66648702E-1
392	9.66999047E-1
548	9.67115018E-1
166	9.67724952E-1
900	9.68393732E-1
438	9.6876131E-1
871	9.70615547E-1
419	9.71628575E-1
281	9.7199022E-1
589	9.72831325E-1
345	9.73956021E-1
47	9.7442867E-1
397	9.74442208E-1
335	9.75129693E-1
618	9.75904089E-1
874	9.76133193E-1
948	9.76212455E-1
282	9.76528726E-1
167	9.79122532E-1
421	9.80371316E-1
464	9.81143292E-1
587	9.82622453E-1
855	9.83478982E-1
701	9.84555439E-1
375	9.86028216E-1
535	9.86244082E-1
561	9.86497894E-1
151	9.86522124E-1
41	9.86882423E-1
53	9.87570268E-1
473	9.89230277E-1
941	9.89992256E-1
711	9.90029372E-1
648	9.90127583E-1
944	9.91519211E-1
126	9.92181633E-1
244	9.92414612E-1
692	9.92798909E-1
402	9.93075741E-1
536	9.93801493E-1
461	9.94658251E-1
997	9.94731844E-1
1023	9.95260616E-1
1019	9.95388595E-1
290	9.95499654E-1
1022	9.96377426E-1
216	9.9774365E-1
540	9.9800323E-1
137	9.98203937E-1
623	9.98295204E-1
85	9.99714519E-1
