Name	chi2Pvalue
474	1.35561741E-3
584	2.38449726E-3
103	2.59263631E-3
983	4.66647683E-3
122	5.64650682E-3
396	8.25230597E-3
465	8.32732379E-3
110	9.24111755E-3
591	9.97309616E-3
780	1.04414512E-2
572	1.04497773E-2
435	1.17381093E-2
777	1.24363575E-2
431	1.35133838E-2
568	1.40434366E-2
995	1.41896041E-2
113	1.48844266E-2
954	1.52501717E-2
642	1.55000045E-2
682	1.74372085E-2
699	1.84493619E-2
391	2.03137616E-2
639	2.08925337E-2
1004	2.23512557E-2
335	2.41590745E-2
750	2.4243382E-2
543	2.5623511E-2
487	2.67437642E-2
278	2.76240311E-2
876	2.85273119E-2
331	2.92640763E-2
453	2.96009804E-2
610	3.48980678E-2
142	3.51518383E-2
114	3.57217955E-2
444	3.62057455E-2
451	3.67679982E-2
731	3.69708977E-2
924	3.69926029E-2
542	3.8479966E-2
200	4.01435276E-2
106	4.04550059E-2
367	4.20409163E-2
627	4.48261162E-2
206	4.53789599E-2
163	4.55742013E-2
158	4.80289426E-2
181	5.00517063E-2
939	5.03264617E-2
879	5.08948977E-2
715	5.25778815E-2
903	5.34376144E-2
443	5.44099997E-2
705	5.79645141E-2
92	5.9054145E-2
255	5.93894506E-2
702	5.95227109E-2
84	6.00976957E-2
909	6.20542704E-2
501	6.30631052E-2
567	6.45278064E-2
343	6.50112112E-2
882	6.50529533E-2
651	6.54763548E-2
242	6.59376062E-2
552	6.66108808E-2
219	6.77006743E-2
529	7.04009939E-2
416	7.1570641E-2
520	7.29642195E-2
787	7.41550913E-2
348	7.5767428E-2
257	7.69584528E-2
545	7.71238026E-2
1007	7.93965327E-2
671	7.99231875E-2
41	8.09289078E-2
263	8.2513672E-2
931	8.75294245E-2
2	8.83865411E-2
328	8.88771718E-2
989	9.01973824E-2
685	9.23917199E-2
434	9.24223083E-2
373	9.50000454E-2
541	9.51372573E-2
549	9.51432397E-2
648	9.55030454E-2
522	9.79395783E-2
1001	9.79770999E-2
1006	9.80670404E-2
992	9.80926373E-2
413	9.97313753E-2
215	9.97563083E-2
799	1.00509517E-1
838	1.02258778E-1
300	1.02353569E-1
802	1.02707269E-1
592	1.03973941E-1
689	1.06073085E-1
78	1.06425434E-1
54	1.08129304E-1
853	1.08231464E-1
950	1.1208215E-1
538	1.135611E-1
497	1.15583705E-1
44	1.15942606E-1
883	1.17863099E-1
297	1.18225362E-1
86	1.18437319E-1
184	1.22136381E-1
378	1.22660727E-1
946	1.23531588E-1
210	1.23672204E-1
481	1.24029543E-1
678	1.24062464E-1
932	1.24876957E-1
746	1.25819372E-1
521	1.27155994E-1
667	1.27609109E-1
90	1.278411E-1
881	1.27875309E-1
261	1.29013491E-1
72	1.29145252E-1
66	1.29263687E-1
823	1.2988537E-1
7	1.30449779E-1
677	1.31802838E-1
104	1.32574974E-1
68	1.33899988E-1
388	1.34044593E-1
789	1.34621664E-1
697	1.35104453E-1
153	1.3591377E-1
637	1.37103448E-1
537	1.37388289E-1
249	1.37572176E-1
527	1.39124711E-1
71	1.3990652E-1
614	1.41118889E-1
317	1.42615381E-1
846	1.42698715E-1
441	1.44337009E-1
891	1.46155742E-1
208	1.46611181E-1
214	1.47825145E-1
482	1.49187749E-1
65	1.50443697E-1
370	1.50481987E-1
426	1.50650862E-1
19	1.5212535E-1
111	1.52758032E-1
102	1.54091232E-1
961	1.55320217E-1
724	1.57866526E-1
603	1.59825542E-1
579	1.60610972E-1
890	1.60798755E-1
887	1.61247355E-1
381	1.64630801E-1
856	1.6497038E-1
976	1.66117235E-1
782	1.66404107E-1
156	1.66521142E-1
338	1.66672487E-1
361	1.67354341E-1
706	1.67730499E-1
634	1.68786496E-1
632	1.68944157E-1
756	1.69538875E-1
728	1.69656923E-1
654	1.70299823E-1
812	1.70473111E-1
735	1.70946256E-1
395	1.73475984E-1
291	1.76169745E-1
176	1.77256074E-1
640	1.80527843E-1
725	1.83449755E-1
224	1.83858949E-1
985	1.84871065E-1
512	1.85450554E-1
638	1.85982696E-1
824	1.88605116E-1
934	1.88929101E-1
817	1.89304454E-1
650	1.90879431E-1
372	1.91131155E-1
436	1.92730323E-1
231	1.94454955E-1
952	1.97346947E-1
589	1.97574801E-1
596	1.98191644E-1
919	1.98337226E-1
119	2.01541912E-1
894	2.01770893E-1
550	2.02539593E-1
260	2.03376807E-1
733	2.04250214E-1
376	2.04866434E-1
460	2.06696113E-1
318	2.07668744E-1
379	2.0779236E-1
631	2.08453139E-1
960	2.10718908E-1
186	2.11627897E-1
5	2.11849422E-1
334	2.13587219E-1
51	2.14209268E-1
82	2.15164822E-1
834	2.15971427E-1
626	2.16063426E-1
382	2.174605E-1
450	2.18682698E-1
519	2.18711736E-1
586	2.2101794E-1
560	2.2214857E-1
875	2.2247842E-1
899	2.23254794E-1
143	2.24865833E-1
12	2.25017137E-1
120	2.25250387E-1
617	2.25636341E-1
710	2.26236654E-1
144	2.27235523E-1
832	2.27744723E-1
827	2.28100044E-1
785	2.28603142E-1
458	2.28708306E-1
975	2.29335232E-1
337	2.29502077E-1
752	2.33525497E-1
598	2.34936388E-1
530	2.37057454E-1
940	2.38513242E-1
91	2.39615893E-1
449	2.46282291E-1
700	2.49699209E-1
546	2.50027311E-1
547	2.51873876E-1
1009	2.52097203E-1
241	2.54711468E-1
256	2.5546833E-1
418	2.56121996E-1
419	2.57261829E-1
676	2.58147128E-1
833	2.58807086E-1
675	2.59017489E-1
254	2.59153824E-1
507	2.59239528E-1
197	2.59819595E-1
412	2.59932888E-1
763	2.60654081E-1
150	2.62120719E-1
160	2.62489478E-1
429	2.64603102E-1
190	2.68055948E-1
820	2.6819761E-1
199	2.68464009E-1
172	2.68518959E-1
239	2.69700506E-1
38	2.71505526E-1
329	2.71707508E-1
344	2.72629737E-1
147	2.73202959E-1
536	2.73783635E-1
818	2.74514423E-1
561	2.75732059E-1
307	2.75800687E-1
604	2.76965024E-1
809	2.7893924E-1
173	2.79380418E-1
446	2.79464759E-1
424	2.7952731E-1
440	2.79889278E-1
341	2.80523667E-1
375	2.83550373E-1
310	2.83845673E-1
821	2.84569857E-1
357	2.85381219E-1
457	2.8687652E-1
316	2.87162576E-1
766	2.87234123E-1
754	2.87424246E-1
438	2.88286883E-1
679	2.90961714E-1
499	2.91989065E-1
730	2.9360364E-1
734	2.93829666E-1
843	2.94200901E-1
1008	2.94354657E-1
9	2.95012153E-1
692	2.9528832E-1
663	2.95932372E-1
641	2.97470385E-1
518	2.98161356E-1
233	2.98920143E-1
628	2.99733141E-1
791	3.00491847E-1
588	3.02777577E-1
339	3.03010033E-1
744	3.03097952E-1
79	3.03505962E-1
933	3.03584121E-1
878	3.03981612E-1
829	3.05459774E-1
503	3.06407543E-1
564	3.06470265E-1
971	3.06725759E-1
467	3.07675097E-1
385	3.0868615E-1
427	3.10646362E-1
174	3.11885507E-1
55	3.13172084E-1
264	3.1369493E-1
485	3.14861096E-1
690	3.1611458E-1
455	3.1674758E-1
363	3.17847479E-1
271	3.18360837E-1
406	3.2032094E-1
136	3.20447431E-1
892	3.21464872E-1
1005	3.21759649E-1
411	3.25623302E-1
496	3.26904345E-1
107	3.27103432E-1
13	3.2774857E-1
383	3.2789781E-1
576	3.29543638E-1
279	3.30101386E-1
201	3.30554052E-1
908	3.32105043E-1
999	3.3333265E-1
764	3.34189713E-1
325	3.34708379E-1
925	3.35507235E-1
59	3.36092975E-1
223	3.36762171E-1
211	3.37982032E-1
558	3.38272602E-1
468	3.39226368E-1
323	3.3952315E-1
525	3.42597312E-1
508	3.43262373E-1
352	3.43741815E-1
74	3.45114771E-1
736	3.45505664E-1
516	3.4586582E-1
351	3.46834285E-1
510	3.47913352E-1
849	3.48173056E-1
47	3.48370214E-1
555	3.48586424E-1
105	3.50264181E-1
657	3.50424868E-1
974	3.51302736E-1
167	3.53559501E-1
907	3.56431277E-1
673	3.56628429E-1
340	3.56934506E-1
67	3.57157007E-1
77	3.57250213E-1
661	3.58159735E-1
139	3.58894356E-1
566	3.59077355E-1
405	3.59982668E-1
123	3.61068668E-1
11	3.61374741E-1
506	3.61559809E-1
421	3.61986605E-1
585	3.62882747E-1
813	3.63311432E-1
221	3.63954269E-1
17	3.64881003E-1
404	3.64892411E-1
420	3.66180346E-1
712	3.6809925E-1
270	3.68465585E-1
778	3.69284496E-1
69	3.71058785E-1
633	3.71229865E-1
430	3.73245253E-1
613	3.74409468E-1
85	3.74776374E-1
238	3.76097229E-1
873	3.79064847E-1
442	3.79210767E-1
1	3.79251536E-1
726	3.79445386E-1
808	3.80044709E-1
770	3.80577667E-1
127	3.82477567E-1
179	3.83421833E-1
695	3.83526222E-1
761	3.83593349E-1
612	3.84692976E-1
872	3.8512297E-1
488	3.8620817E-1
308	3.87164985E-1
502	3.88415497E-1
915	3.91352312E-1
959	3.91870253E-1
98	3.91918894E-1
157	3.93921957E-1
865	3.94038727E-1
575	3.97452319E-1
377	3.99237321E-1
559	4.01026809E-1
600	4.01521244E-1
390	4.03770688E-1
60	4.03866887E-1
57	4.04605907E-1
259	4.05308514E-1
788	4.05830018E-1
132	4.05861957E-1
526	4.07720287E-1
930	4.0825459E-1
645	4.09333623E-1
851	4.09695617E-1
250	4.10858701E-1
80	4.10931441E-1
155	4.11422625E-1
170	4.12192883E-1
656	4.12723383E-1
319	4.14367478E-1
246	4.14648386E-1
165	4.15454052E-1
31	4.16810073E-1
794	4.177614E-1
683	4.18348114E-1
709	4.20663208E-1
540	4.22575776E-1
862	4.2607572E-1
423	4.26404688E-1
828	4.2720326E-1
582	4.2810401E-1
988	4.29704962E-1
937	4.31292871E-1
998	4.31708631E-1
303	4.32050719E-1
1000	4.32481927E-1
801	4.33785156E-1
422	4.35302082E-1
652	4.36775E-1
266	4.3891374E-1
243	4.41409924E-1
296	4.43126977E-1
237	4.43608415E-1
177	4.43629804E-1
741	4.4709068E-1
133	4.47262248E-1
306	4.47970741E-1
793	4.48299934E-1
982	4.52198971E-1
927	4.5257569E-1
108	4.54083724E-1
121	4.55050446E-1
926	4.56323182E-1
454	4.57115309E-1
495	4.59380403E-1
844	4.59892579E-1
273	4.6033994E-1
276	4.60752052E-1
125	4.60991264E-1
154	4.63681551E-1
461	4.64423161E-1
986	4.65133137E-1
492	4.65142374E-1
56	4.71426394E-1
1013	4.71692956E-1
723	4.73449316E-1
235	4.73653165E-1
354	4.7390555E-1
765	4.75052184E-1
281	4.76036928E-1
1017	4.76939807E-1
711	4.7807753E-1
608	4.78665425E-1
218	4.78898318E-1
52	4.7958509E-1
356	4.79600562E-1
476	4.80722275E-1
27	4.80812857E-1
135	4.82019788E-1
228	4.83959654E-1
779	4.83966951E-1
669	4.84833805E-1
304	4.85168933E-1
554	4.8646742E-1
955	4.86490719E-1
494	4.8888505E-1
20	4.89033082E-1
152	4.90674562E-1
194	4.91078663E-1
130	4.91920654E-1
124	4.94692313E-1
810	4.96174255E-1
313	5.00267115E-1
100	5.01763448E-1
473	5.02207138E-1
75	5.03514253E-1
58	5.04020417E-1
81	5.0441641E-1
609	5.05021917E-1
852	5.05809413E-1
205	5.06426228E-1
836	5.073656E-1
583	5.08280368E-1
964	5.08321765E-1
837	5.08367798E-1
330	5.08638351E-1
248	5.09372095E-1
857	5.09902579E-1
198	5.10758884E-1
362	5.11860195E-1
230	5.1315708E-1
670	5.13433492E-1
889	5.13853374E-1
70	5.15400043E-1
187	5.15754545E-1
393	5.16128066E-1
523	5.16944847E-1
615	5.1701346E-1
850	5.1891765E-1
928	5.19282316E-1
402	5.19952895E-1
87	5.2080358E-1
858	5.21930369E-1
439	5.22285637E-1
646	5.2406377E-1
195	5.25103966E-1
740	5.27166842E-1
145	5.27373935E-1
680	5.29170075E-1
659	5.29716355E-1
602	5.30136055E-1
21	5.30248468E-1
625	5.31263933E-1
803	5.31554078E-1
580	5.32929375E-1
611	5.33007331E-1
428	5.34279377E-1
935	5.35247508E-1
900	5.35995173E-1
295	5.36328237E-1
727	5.36865803E-1
905	5.3712048E-1
922	5.37323911E-1
535	5.37348164E-1
916	5.38360911E-1
117	5.40939432E-1
109	5.4112375E-1
798	5.41360348E-1
943	5.41863158E-1
553	5.41968953E-1
309	5.44025763E-1
990	5.46787265E-1
245	5.48197017E-1
993	5.49541803E-1
234	5.49949599E-1
906	5.49987801E-1
991	5.50826898E-1
414	5.5254716E-1
847	5.53163215E-1
662	5.5428833E-1
353	5.55368775E-1
751	5.55426885E-1
94	5.56176116E-1
839	5.57528489E-1
681	5.579131E-1
804	5.59992776E-1
722	5.60514411E-1
207	5.61315946E-1
284	5.65086935E-1
288	5.66834118E-1
979	5.67711371E-1
112	5.67923478E-1
25	5.69212847E-1
619	5.69462502E-1
355	5.71089628E-1
755	5.72049869E-1
1003	5.72244904E-1
432	5.72860382E-1
212	5.7327961E-1
229	5.74668954E-1
280	5.75181983E-1
835	5.76197839E-1
981	5.76653163E-1
781	5.76755201E-1
222	5.77507464E-1
624	5.77728836E-1
287	5.80564072E-1
698	5.81393794E-1
268	5.8191629E-1
745	5.82609918E-1
137	5.82960945E-1
533	5.83337225E-1
863	5.84007483E-1
949	5.84438068E-1
216	5.85364907E-1
1018	5.87259388E-1
509	5.88541241E-1
729	5.90461266E-1
532	5.9231573E-1
840	5.93174966E-1
408	5.93175444E-1
433	5.93716677E-1
192	5.93768678E-1
209	5.94407094E-1
292	5.94722213E-1
515	5.96391056E-1
962	5.96395046E-1
1014	5.96621855E-1
947	5.96838436E-1
1016	5.9762213E-1
792	5.97872199E-1
841	5.98214336E-1
202	5.9866546E-1
912	5.98906095E-1
347	6.04396783E-1
913	6.05438906E-1
277	6.05633481E-1
1020	6.06622587E-1
30	6.12507385E-1
665	6.12899393E-1
980	6.1312686E-1
204	6.13535342E-1
772	6.13535834E-1
854	6.15758756E-1
620	6.18437877E-1
49	6.19944247E-1
910	6.23570262E-1
0	6.24178305E-1
929	6.24378761E-1
394	6.26442923E-1
1010	6.27513304E-1
346	6.28147631E-1
848	6.29331127E-1
252	6.29373175E-1
739	6.29451448E-1
360	6.31409791E-1
636	6.34039424E-1
3	6.36383968E-1
743	6.36479306E-1
861	6.36961319E-1
951	6.37153972E-1
53	6.37586643E-1
531	6.3915959E-1
42	6.40150961E-1
28	6.41239161E-1
188	6.41438463E-1
225	6.42649446E-1
548	6.43077238E-1
719	6.44008903E-1
594	6.4418051E-1
486	6.44629586E-1
311	6.45516996E-1
364	6.46051553E-1
275	6.4636112E-1
965	6.46617535E-1
539	6.47369356E-1
475	6.48130841E-1
240	6.48381837E-1
274	6.48460423E-1
22	6.49813456E-1
8	6.51376138E-1
562	6.52577511E-1
945	6.53679121E-1
784	6.54925464E-1
253	6.56755629E-1
401	6.59238536E-1
471	6.59381876E-1
860	6.59846957E-1
958	6.62500344E-1
115	6.63264838E-1
686	6.63324695E-1
299	6.63514229E-1
968	6.64743823E-1
970	6.65691242E-1
398	6.66007959E-1
265	6.66100546E-1
644	6.67218201E-1
972	6.68032165E-1
168	6.70694423E-1
83	6.71280552E-1
345	6.72690616E-1
877	6.73114466E-1
707	6.73335662E-1
232	6.73552265E-1
868	6.73829462E-1
897	6.74714552E-1
996	6.75697283E-1
513	6.7628065E-1
366	6.78319118E-1
914	6.78609504E-1
622	6.79236187E-1
193	6.80826304E-1
797	6.81551625E-1
407	6.82776334E-1
917	6.83188508E-1
73	6.83340413E-1
1021	6.83782485E-1
464	6.84026219E-1
869	6.87187294E-1
387	6.87446863E-1
326	6.88411199E-1
871	6.89416574E-1
898	6.89494884E-1
45	6.91065683E-1
601	6.9218275E-1
29	6.92782754E-1
46	6.93349228E-1
668	6.95261514E-1
544	6.96241567E-1
286	6.96275981E-1
368	6.97649269E-1
643	6.97684722E-1
384	6.97891191E-1
514	7.00412911E-1
399	7.01462994E-1
621	7.01681442E-1
159	7.03412617E-1
129	7.05635978E-1
324	7.06157845E-1
392	7.07374987E-1
605	7.0767758E-1
888	7.07856543E-1
134	7.08382881E-1
948	7.08977705E-1
904	7.09344479E-1
984	7.09738368E-1
477	7.09934495E-1
969	7.10436655E-1
489	7.11583415E-1
175	7.11992456E-1
227	7.12876709E-1
410	7.13259292E-1
606	7.13565486E-1
577	7.13850503E-1
747	7.1463408E-1
769	7.14635735E-1
358	7.22029486E-1
36	7.24459944E-1
994	7.24658116E-1
140	7.25094078E-1
581	7.26197283E-1
32	7.26646732E-1
6	7.27505204E-1
938	7.28928771E-1
842	7.29451658E-1
694	7.31913432E-1
687	7.33146848E-1
97	7.33977752E-1
771	7.35709473E-1
365	7.3578693E-1
126	7.39276168E-1
672	7.39722705E-1
551	7.40625996E-1
901	7.41116087E-1
4	7.41702141E-1
748	7.42095056E-1
244	7.43814952E-1
786	7.45507022E-1
563	7.48605421E-1
213	7.49143677E-1
463	7.4942101E-1
251	7.49979854E-1
220	7.51810149E-1
23	7.5228382E-1
452	7.52908139E-1
491	7.53579962E-1
445	7.54000249E-1
762	7.55479591E-1
498	7.55929382E-1
148	7.57420755E-1
815	7.58622251E-1
720	7.62720033E-1
870	7.63492344E-1
312	7.6544643E-1
760	7.66215973E-1
247	7.66248671E-1
936	7.6748087E-1
571	7.6758204E-1
39	7.69009668E-1
327	7.70131031E-1
178	7.70454608E-1
289	7.71214352E-1
470	7.71900642E-1
349	7.72617379E-1
149	7.7485703E-1
332	7.75127209E-1
867	7.76669885E-1
371	7.77331191E-1
616	7.79256968E-1
472	7.79386419E-1
693	7.79391869E-1
618	7.79465282E-1
141	7.79541166E-1
732	7.80850118E-1
166	7.81179567E-1
885	7.81269728E-1
623	7.8201055E-1
1012	7.83533236E-1
845	7.83749125E-1
305	7.84029579E-1
43	7.84099218E-1
737	7.8563289E-1
478	7.86229276E-1
911	7.88372243E-1
169	7.8893558E-1
880	7.89169216E-1
191	7.89770039E-1
37	7.93497332E-1
93	7.93835797E-1
593	7.93865779E-1
574	7.940028E-1
293	7.9620934E-1
185	7.98014075E-1
315	7.98460872E-1
267	7.99076053E-1
944	7.99226278E-1
716	7.99810303E-1
62	8.0133541E-1
759	8.01791687E-1
89	8.027671E-1
380	8.03585286E-1
973	8.06392702E-1
24	8.09691598E-1
171	8.09729814E-1
896	8.10504543E-1
138	8.11683427E-1
902	8.12579612E-1
282	8.12960689E-1
696	8.13293922E-1
1015	8.13363624E-1
386	8.13932343E-1
333	8.17784104E-1
484	8.20938989E-1
389	8.22430357E-1
921	8.23633665E-1
866	8.24428655E-1
161	8.24538483E-1
88	8.26457418E-1
767	8.27361561E-1
942	8.27606017E-1
565	8.27789947E-1
597	8.28920021E-1
483	8.29292472E-1
314	8.29755091E-1
290	8.29865917E-1
534	8.31347663E-1
708	8.31385843E-1
320	8.32955787E-1
76	8.34291325E-1
1002	8.34907594E-1
807	8.35292935E-1
704	8.35645366E-1
768	8.3683059E-1
517	8.3743052E-1
717	8.38776696E-1
101	8.40055616E-1
183	8.40096386E-1
895	8.40581938E-1
749	8.4232891E-1
1011	8.43335937E-1
10	8.44691886E-1
15	8.46803261E-1
400	8.5205402E-1
758	8.52693837E-1
806	8.52850381E-1
403	8.54024304E-1
447	8.54044784E-1
826	8.54821947E-1
493	8.5689919E-1
874	8.58865298E-1
578	8.59077594E-1
217	8.59174618E-1
236	8.59561134E-1
738	8.60566446E-1
203	8.60947198E-1
688	8.6169271E-1
528	8.61829332E-1
226	8.62176608E-1
599	8.62716823E-1
963	8.62772912E-1
997	8.63960789E-1
425	8.64017565E-1
569	8.64499161E-1
409	8.65755014E-1
14	8.67889132E-1
116	8.6948717E-1
987	8.69526056E-1
783	8.70209017E-1
35	8.70482867E-1
570	8.71199284E-1
180	8.72192831E-1
258	8.7336746E-1
957	8.7627996E-1
773	8.76764107E-1
479	8.78547593E-1
814	8.7883719E-1
359	8.79921346E-1
500	8.80834801E-1
647	8.81084958E-1
131	8.8383994E-1
469	8.85207261E-1
456	8.85843758E-1
684	8.86144594E-1
796	8.87252784E-1
864	8.88683649E-1
40	8.89170787E-1
816	8.89804354E-1
953	8.90132094E-1
886	8.9024031E-1
48	8.91038641E-1
607	8.91248399E-1
272	8.92082484E-1
285	8.9424692E-1
655	8.96252304E-1
774	8.97724497E-1
511	9.00081984E-1
26	9.00846166E-1
64	9.02503668E-1
417	9.03328116E-1
587	9.03408255E-1
322	9.03907973E-1
437	9.04503967E-1
504	9.04527561E-1
855	9.04934339E-1
196	9.06835109E-1
629	9.06861281E-1
164	9.07058628E-1
819	9.10029598E-1
595	9.10780162E-1
34	9.11422388E-1
713	9.11785711E-1
918	9.11961548E-1
822	9.1220248E-1
33	9.13268894E-1
977	9.13450113E-1
321	9.14592256E-1
490	9.16260236E-1
50	9.16817546E-1
800	9.17709403E-1
301	9.18844497E-1
162	9.19038121E-1
757	9.19907937E-1
658	9.20891886E-1
703	9.22240098E-1
805	9.22703063E-1
691	9.24064695E-1
96	9.24503246E-1
397	9.24590536E-1
776	9.24744047E-1
795	9.27064308E-1
811	9.27126984E-1
151	9.27409918E-1
630	9.2870953E-1
294	9.30658673E-1
16	9.31160382E-1
262	9.31999985E-1
978	9.32356829E-1
480	9.33561702E-1
718	9.33667743E-1
831	9.33698406E-1
701	9.35240155E-1
653	9.37214255E-1
146	9.37432963E-1
775	9.37981539E-1
128	9.38334071E-1
966	9.38417977E-1
298	9.38526023E-1
350	9.38942747E-1
859	9.39128495E-1
189	9.3968686E-1
18	9.4086208E-1
466	9.41556391E-1
664	9.42470451E-1
573	9.43086946E-1
99	9.43286645E-1
753	9.43423621E-1
635	9.43545989E-1
95	9.43635817E-1
674	9.43978729E-1
182	9.44319884E-1
923	9.49207474E-1
790	9.53567187E-1
742	9.60718273E-1
1023	9.62132223E-1
118	9.64344039E-1
61	9.6450902E-1
721	9.65528419E-1
666	9.67831769E-1
956	9.68452214E-1
505	9.6867105E-1
556	9.70245865E-1
415	9.7083963E-1
448	9.71142849E-1
660	9.71235078E-1
524	9.74979274E-1
1022	9.75135972E-1
557	9.78107559E-1
63	9.79901995E-1
825	9.82465017E-1
462	9.82690458E-1
884	9.82691958E-1
830	9.82999021E-1
336	9.84376848E-1
459	9.84547043E-1
893	9.863582E-1
1019	9.88646463E-1
941	9.90157647E-1
649	9.90266987E-1
374	9.96282803E-1
342	9.96735406E-1
714	9.98462023E-1
269	9.99005655E-1
302	9.99841061E-1
967	9.99931054E-1
