Name	chi2Pvalue
928	1.06084643E-4
740	7.27738428E-4
894	1.64687397E-3
75	2.73953298E-3
8	3.62799473E-3
238	4.92213722E-3
858	5.02772957E-3
374	5.17982966E-3
888	5.95733237E-3
45	5.99712251E-3
778	6.50226373E-3
456	7.87261539E-3
320	8.08775121E-3
250	9.07848817E-3
263	9.90529608E-3
433	1.00732591E-2
30	1.27207027E-2
775	1.28728325E-2
270	1.33313514E-2
3	1.77724943E-2
198	1.8358028E-2
879	1.87987257E-2
785	1.95619871E-2
377	1.98824374E-2
706	2.02081995E-2
334	2.05625446E-2
402	2.33629388E-2
542	2.51387215E-2
514	2.57377973E-2
57	2.5784037E-2
963	2.58163827E-2
1006	2.59358895E-2
829	2.972959E-2
467	2.97491332E-2
43	3.1867448E-2
305	3.29701154E-2
625	3.3792094E-2
429	3.64117293E-2
436	3.78650801E-2
698	3.88598189E-2
914	4.03797877E-2
147	4.05126462E-2
316	4.07759232E-2
227	4.21748772E-2
992	4.42585231E-2
206	4.50966615E-2
769	4.55424602E-2
285	4.60847142E-2
694	4.62782558E-2
979	4.72162706E-2
817	4.87716875E-2
902	5.01355856E-2
935	5.03520883E-2
802	5.20791994E-2
664	5.41575465E-2
688	5.44918029E-2
566	5.60650686E-2
55	5.62261412E-2
4	6.08039713E-2
814	6.08295136E-2
53	6.10411823E-2
759	6.20665123E-2
545	6.27314715E-2
718	6.30538233E-2
92	6.33182774E-2
641	6.33437588E-2
596	6.34378455E-2
703	6.35926104E-2
269	6.37733749E-2
12	6.42458571E-2
603	6.44521787E-2
676	6.53168895E-2
236	6.85459642E-2
774	6.87408952E-2
142	6.87986015E-2
87	7.02015119E-2
595	7.04449756E-2
74	7.1007158E-2
582	7.10799225E-2
399	7.1819052E-2
808	7.25419432E-2
791	7.29613325E-2
654	7.52953483E-2
777	7.53541847E-2
185	7.53811251E-2
243	7.66412571E-2
635	7.75141894E-2
922	7.81901086E-2
400	7.96604886E-2
665	8.67520493E-2
303	8.67591953E-2
714	9.09560354E-2
415	9.10366052E-2
91	9.16734973E-2
42	9.18191941E-2
828	9.18230442E-2
173	9.24444575E-2
981	9.32913099E-2
301	9.5386585E-2
119	9.58503835E-2
807	9.60097463E-2
130	9.70894442E-2
940	9.71397056E-2
878	9.74220826E-2
317	9.95922457E-2
970	1.00080595E-1
925	1.00143071E-1
766	1.01795905E-1
302	1.02225019E-1
444	1.03189626E-1
609	1.03483312E-1
652	1.06922014E-1
389	1.0791914E-1
738	1.08744564E-1
622	1.12077369E-1
610	1.14500202E-1
552	1.15529942E-1
149	1.16763305E-1
127	1.17135775E-1
348	1.17823479E-1
938	1.18516575E-1
484	1.19828136E-1
632	1.20801112E-1
794	1.21825518E-1
721	1.24397807E-1
564	1.24948315E-1
82	1.28832481E-1
266	1.29278239E-1
37	1.29565592E-1
353	1.30839733E-1
495	1.31261566E-1
953	1.33805331E-1
541	1.34329679E-1
699	1.34507882E-1
744	1.35446808E-1
715	1.40450382E-1
519	1.40691925E-1
784	1.40728193E-1
186	1.4147948E-1
254	1.41972731E-1
728	1.44034994E-1
567	1.44573418E-1
488	1.45244198E-1
522	1.45825733E-1
411	1.46244445E-1
823	1.46813753E-1
751	1.4722245E-1
125	1.49364792E-1
345	1.49579943E-1
21	1.52288914E-1
349	1.54620218E-1
385	1.55253227E-1
244	1.55323526E-1
860	1.55332094E-1
1	1.57143505E-1
344	1.58003546E-1
231	1.58517306E-1
781	1.6266066E-1
27	1.6315731E-1
93	1.63171695E-1
787	1.63354802E-1
380	1.63390248E-1
993	1.63409216E-1
1001	1.64761891E-1
221	1.64920483E-1
695	1.65462738E-1
646	1.66611295E-1
649	1.69780489E-1
919	1.7003794E-1
41	1.76387817E-1
379	1.76906849E-1
366	1.77666463E-1
134	1.79228378E-1
83	1.79949879E-1
394	1.80102752E-1
282	1.80463807E-1
479	1.81265818E-1
634	1.8911204E-1
505	1.89118679E-1
324	1.89541727E-1
388	1.91224324E-1
275	1.91376801E-1
1017	1.91970796E-1
762	1.92027469E-1
768	1.93215015E-1
727	1.9423073E-1
570	1.95506945E-1
856	1.96662698E-1
951	1.96691971E-1
51	1.99361432E-1
315	2.00948589E-1
656	2.01066312E-1
289	2.03937305E-1
745	2.03938098E-1
783	2.05734452E-1
868	2.06913322E-1
423	2.07362471E-1
123	2.07444767E-1
440	2.09467227E-1
516	2.11155778E-1
861	2.1154414E-1
136	2.12124917E-1
562	2.13574258E-1
292	2.14392543E-1
204	2.14706886E-1
553	2.16909745E-1
674	2.17737365E-1
544	2.18286718E-1
193	2.18614656E-1
499	2.20542742E-1
114	2.21970663E-1
627	2.22012595E-1
494	2.25466399E-1
29	2.25892221E-1
1000	2.26642552E-1
931	2.27147136E-1
548	2.2861802E-1
14	2.28741953E-1
616	2.29043799E-1
572	2.30336691E-1
962	2.30601353E-1
246	2.33236238E-1
338	2.33459719E-1
262	2.33965549E-1
638	2.34989634E-1
268	2.37202318E-1
362	2.38481697E-1
333	2.3888796E-1
760	2.39129077E-1
690	2.40698104E-1
104	2.42244588E-1
653	2.42391951E-1
508	2.42528026E-1
530	2.42846966E-1
36	2.43150967E-1
17	2.43784606E-1
988	2.45781018E-1
100	2.46293283E-1
129	2.46918227E-1
854	2.46976716E-1
460	2.47992215E-1
702	2.49719923E-1
571	2.50212268E-1
619	2.50642006E-1
39	2.51142598E-1
586	2.51189659E-1
924	2.54294776E-1
624	2.54608192E-1
864	2.55661045E-1
937	2.56232275E-1
13	2.56560843E-1
459	2.56760487E-1
220	2.57035801E-1
843	2.57745461E-1
157	2.57910368E-1
15	2.58874095E-1
887	2.59004989E-1
25	2.59495414E-1
704	2.61522348E-1
773	2.61810469E-1
300	2.61995016E-1
407	2.62121599E-1
418	2.62853185E-1
122	2.62877663E-1
347	2.63131371E-1
190	2.63349759E-1
639	2.63600527E-1
606	2.67200974E-1
247	2.67380957E-1
792	2.67502829E-1
276	2.68014097E-1
669	2.68861824E-1
731	2.69417818E-1
612	2.7001141E-1
475	2.70520552E-1
226	2.70725209E-1
139	2.71315264E-1
904	2.71653169E-1
997	2.71835821E-1
239	2.73196504E-1
637	2.73636301E-1
307	2.7429963E-1
202	2.77625366E-1
965	2.77649023E-1
473	2.79483464E-1
137	2.81897401E-1
659	2.82865666E-1
187	2.83048548E-1
686	2.84449158E-1
33	2.85888159E-1
547	2.86053492E-1
378	2.86632554E-1
733	2.87231755E-1
833	2.88009268E-1
260	2.88076046E-1
189	2.90039775E-1
295	2.9178115E-1
955	2.92316606E-1
577	2.93936268E-1
9	2.96676802E-1
188	2.97447487E-1
342	3.0086061E-1
607	3.018878E-1
917	3.02167953E-1
103	3.02178596E-1
442	3.0350229E-1
286	3.03946836E-1
329	3.04771238E-1
235	3.05361384E-1
48	3.07109274E-1
527	3.07210219E-1
306	3.08152608E-1
958	3.08401122E-1
812	3.12516446E-1
899	3.14218461E-1
252	3.15851282E-1
215	3.15998161E-1
408	3.16659417E-1
881	3.1671019E-1
580	3.18034E-1
205	3.18626008E-1
539	3.19094802E-1
853	3.19399063E-1
683	3.19624156E-1
756	3.23272343E-1
790	3.24108673E-1
865	3.27058221E-1
72	3.3140041E-1
835	3.32170292E-1
870	3.32318815E-1
434	3.32724368E-1
148	3.3317353E-1
120	3.35715689E-1
166	3.3616909E-1
842	3.36339774E-1
448	3.38436063E-1
661	3.39577273E-1
517	3.39916572E-1
763	3.39973088E-1
461	3.40955527E-1
964	3.41526142E-1
384	3.41549457E-1
449	3.42810383E-1
960	3.44980244E-1
428	3.45439832E-1
278	3.46287107E-1
531	3.46935157E-1
233	3.48181008E-1
1008	3.51030712E-1
691	3.51342385E-1
968	3.51792972E-1
49	3.518496E-1
748	3.52861084E-1
675	3.53732533E-1
207	3.54370735E-1
795	3.54783666E-1
961	3.55034364E-1
257	3.58402498E-1
655	3.59578648E-1
438	3.5990981E-1
463	3.63377241E-1
867	3.63938625E-1
248	3.64200597E-1
840	3.66723165E-1
223	3.69359628E-1
758	3.69505426E-1
450	3.69914524E-1
538	3.70477665E-1
1010	3.70657649E-1
291	3.71639232E-1
425	3.71840004E-1
737	3.72137933E-1
259	3.72880187E-1
393	3.75197446E-1
747	3.75329003E-1
782	3.75903863E-1
381	3.76409399E-1
225	3.82919066E-1
328	3.8374438E-1
258	3.84020372E-1
175	3.84560392E-1
163	3.85302957E-1
600	3.87997458E-1
351	3.89256169E-1
465	3.90051323E-1
140	3.92239975E-1
999	3.93016106E-1
764	3.93441606E-1
980	3.94455658E-1
370	3.96397299E-1
540	3.97235507E-1
414	3.97859098E-1
242	3.99740971E-1
556	3.99906648E-1
996	4.00524774E-1
59	4.00617034E-1
367	4.01680827E-1
520	4.04425043E-1
892	4.04705908E-1
813	4.07999803E-1
705	4.10743886E-1
599	4.11804328E-1
593	4.12367152E-1
121	4.12655585E-1
1007	4.12955448E-1
667	4.1369305E-1
753	4.14477514E-1
954	4.14769039E-1
217	4.14814224E-1
355	4.1757475E-1
346	4.17769933E-1
559	4.18249629E-1
497	4.18452131E-1
679	4.20015379E-1
772	4.21039184E-1
492	4.2148049E-1
339	4.22050637E-1
468	4.23445213E-1
947	4.23621087E-1
841	4.24499334E-1
422	4.2562764E-1
810	4.2897845E-1
689	4.29424063E-1
99	4.29698664E-1
482	4.29755736E-1
397	4.2988893E-1
420	4.32084311E-1
73	4.33858011E-1
191	4.37652825E-1
352	4.39586549E-1
40	4.39642212E-1
131	4.39937781E-1
182	4.40541562E-1
446	4.40795431E-1
160	4.41054623E-1
491	4.41257665E-1
1021	4.4169527E-1
391	4.42590796E-1
594	4.43992145E-1
946	4.44174583E-1
153	4.44666151E-1
115	4.45094422E-1
241	4.46773622E-1
631	4.46844403E-1
579	4.46917679E-1
183	4.47004763E-1
356	4.49385574E-1
212	4.49562135E-1
406	4.51504178E-1
749	4.51575635E-1
816	4.5226121E-1
7	4.53197213E-1
271	4.53594958E-1
837	4.58345123E-1
510	4.58757611E-1
651	4.59941939E-1
583	4.60281674E-1
327	4.60819735E-1
358	4.61340576E-1
895	4.61468058E-1
563	4.61971375E-1
200	4.63210313E-1
581	4.63298719E-1
613	4.64201171E-1
1016	4.65996129E-1
735	4.66450008E-1
219	4.66494452E-1
811	4.67873033E-1
765	4.68542301E-1
932	4.68766776E-1
431	4.70460463E-1
54	4.70787708E-1
859	4.70975974E-1
88	4.72872776E-1
533	4.73213271E-1
796	4.74009503E-1
712	4.75898153E-1
877	4.77461919E-1
848	4.7764793E-1
296	4.77973766E-1
237	4.78541255E-1
273	4.78582582E-1
682	4.80358822E-1
195	4.8039712E-1
419	4.8108652E-1
304	4.82502539E-1
290	4.82720627E-1
757	4.83512112E-1
658	4.8563648E-1
805	4.85694699E-1
569	4.85935159E-1
424	4.86261951E-1
452	4.88758691E-1
117	4.89006909E-1
989	4.90325092E-1
284	4.90550913E-1
850	4.91220025E-1
987	4.93784628E-1
56	4.9487603E-1
873	4.94889866E-1
481	4.95364911E-1
767	4.95405248E-1
135	4.97274839E-1
67	4.98985633E-1
976	4.99613773E-1
229	5.00286962E-1
451	5.00319329E-1
905	5.0044474E-1
197	5.01211591E-1
515	5.01544873E-1
325	5.02626358E-1
109	5.0344685E-1
742	5.0365387E-1
184	5.06500945E-1
432	5.10222299E-1
800	5.10326368E-1
618	5.1051639E-1
642	5.11155271E-1
633	5.12710947E-1
554	5.13127653E-1
330	5.14179337E-1
666	5.15682682E-1
211	5.1580975E-1
108	5.15896052E-1
171	5.16692423E-1
63	5.18826153E-1
557	5.19060546E-1
79	5.19219058E-1
797	5.21363066E-1
604	5.22681074E-1
975	5.23290917E-1
912	5.24550926E-1
20	5.24781327E-1
106	5.25617397E-1
844	5.26337754E-1
281	5.27010655E-1
297	5.2712378E-1
944	5.27359042E-1
313	5.27537007E-1
838	5.28399897E-1
89	5.2960824E-1
404	5.30873627E-1
921	5.30985395E-1
614	5.31332542E-1
640	5.32269062E-1
435	5.32408891E-1
550	5.3244528E-1
177	5.34942658E-1
876	5.35657864E-1
179	5.35926079E-1
621	5.36261485E-1
58	5.37139526E-1
309	5.37845911E-1
726	5.39677958E-1
6	5.4036691E-1
662	5.41071984E-1
447	5.42272985E-1
936	5.46341131E-1
885	5.47479466E-1
847	5.47684965E-1
413	5.47791565E-1
426	5.48224636E-1
717	5.48287547E-1
623	5.4897832E-1
722	5.49459604E-1
224	5.49762142E-1
401	5.50167163E-1
806	5.50287901E-1
299	5.51712124E-1
308	5.52647792E-1
743	5.52833591E-1
587	5.53061673E-1
403	5.54449487E-1
602	5.54795146E-1
696	5.56201965E-1
834	5.56715292E-1
693	5.56859636E-1
898	5.60555813E-1
483	5.61833997E-1
620	5.62054991E-1
713	5.63186768E-1
809	5.63641593E-1
825	5.64880304E-1
512	5.65687776E-1
253	5.66756077E-1
983	5.68014669E-1
44	5.68560063E-1
588	5.6899117E-1
314	5.69601048E-1
882	5.70929795E-1
228	5.72882166E-1
896	5.7337141E-1
180	5.73632834E-1
982	5.75837279E-1
98	5.75986264E-1
5	5.76561398E-1
650	5.76598761E-1
277	5.77252711E-1
578	5.77506079E-1
815	5.77613582E-1
46	5.78498568E-1
280	5.78554861E-1
350	5.79390795E-1
673	5.81658346E-1
929	5.81741099E-1
489	5.81949695E-1
146	5.8314709E-1
16	5.83851673E-1
933	5.84195023E-1
708	5.84424806E-1
827	5.86184173E-1
398	5.89502456E-1
750	5.90264264E-1
61	5.91699584E-1
687	5.93029684E-1
168	5.96157279E-1
907	5.96188211E-1
741	5.99545888E-1
710	5.99617419E-1
208	5.99752044E-1
949	5.99801384E-1
528	6.00814267E-1
950	6.01256982E-1
310	6.01666211E-1
707	6.02348698E-1
50	6.03036102E-1
19	6.04132074E-1
504	6.05620868E-1
234	6.06183332E-1
723	6.07484473E-1
361	6.07815911E-1
288	6.08042062E-1
839	6.08520569E-1
543	6.09223872E-1
471	6.09792269E-1
959	6.14563088E-1
918	6.17124347E-1
1011	6.17594991E-1
392	6.19848599E-1
216	6.20063172E-1
274	6.22219731E-1
62	6.23142243E-1
181	6.23535089E-1
457	6.2404057E-1
472	6.24293396E-1
293	6.24379869E-1
416	6.26361877E-1
952	6.26502423E-1
969	6.27249952E-1
537	6.31396426E-1
697	6.33292833E-1
68	6.333013E-1
493	6.33434009E-1
597	6.3451385E-1
684	6.36047423E-1
729	6.37152923E-1
934	6.37364583E-1
265	6.37405136E-1
222	6.40322574E-1
138	6.40787451E-1
789	6.41330765E-1
909	6.43146438E-1
678	6.45264304E-1
395	6.48157746E-1
503	6.49924572E-1
154	6.50633356E-1
513	6.52197973E-1
736	6.52486593E-1
469	6.53319123E-1
357	6.53359719E-1
680	6.53692742E-1
901	6.54381407E-1
911	6.55795534E-1
574	6.56740983E-1
38	6.57030001E-1
561	6.58493608E-1
28	6.58904568E-1
957	6.59198718E-1
990	6.62685635E-1
910	6.63342873E-1
890	6.64006701E-1
605	6.64553962E-1
908	6.65187181E-1
645	6.65198408E-1
133	6.65229537E-1
942	6.66190349E-1
90	6.68734913E-1
480	6.69839036E-1
681	6.7105805E-1
644	6.71101613E-1
470	6.71385557E-1
521	6.71716306E-1
746	6.71935123E-1
536	6.74112392E-1
501	6.74504245E-1
161	6.7458028E-1
660	6.75200027E-1
331	6.7792831E-1
692	6.78362016E-1
319	6.79780072E-1
855	6.80298843E-1
734	6.82148379E-1
831	6.82390598E-1
373	6.82567403E-1
906	6.82572023E-1
312	6.85846735E-1
820	6.87080016E-1
948	6.90199731E-1
445	6.90478462E-1
525	6.92871388E-1
240	6.93409523E-1
267	6.93946498E-1
101	6.94176348E-1
255	6.95352422E-1
340	6.96551787E-1
372	6.98236373E-1
76	6.98639981E-1
251	6.99056183E-1
818	7.01485981E-1
261	7.01723069E-1
1003	7.03973905E-1
210	7.05016562E-1
26	7.0821688E-1
573	7.08492836E-1
668	7.10577381E-1
568	7.10812229E-1
409	7.11303762E-1
546	7.12295094E-1
359	7.13815083E-1
232	7.13971458E-1
478	7.15214055E-1
11	7.16805193E-1
410	7.17862392E-1
803	7.18061859E-1
1013	7.18911483E-1
170	7.19008502E-1
52	7.19599521E-1
502	7.19901052E-1
69	7.20003577E-1
793	7.20561488E-1
830	7.20714629E-1
754	7.23076084E-1
311	7.23292214E-1
998	7.23619576E-1
412	7.2404071E-1
575	7.24812636E-1
626	7.27009514E-1
417	7.27438115E-1
770	7.2889633E-1
719	7.2922749E-1
874	7.29650476E-1
485	7.29805512E-1
984	7.31311365E-1
326	7.31988634E-1
801	7.32767954E-1
162	7.36560872E-1
822	7.37087486E-1
872	7.37223611E-1
730	7.37627202E-1
322	7.37861213E-1
629	7.38253439E-1
500	7.40986735E-1
913	7.41212452E-1
245	7.41934282E-1
851	7.45417913E-1
507	7.47041525E-1
158	7.47394146E-1
294	7.47400365E-1
677	7.47962946E-1
80	7.48012896E-1
167	7.51865832E-1
164	7.52270867E-1
107	7.53562729E-1
903	7.53909048E-1
832	7.54130306E-1
337	7.54334741E-1
1012	7.55703229E-1
203	7.55909311E-1
845	7.56408866E-1
956	7.57796658E-1
889	7.58713994E-1
165	7.62956776E-1
486	7.67139904E-1
159	7.67406591E-1
110	7.69153187E-1
477	7.70333917E-1
617	7.71194944E-1
725	7.71893572E-1
994	7.72422305E-1
518	7.72666105E-1
199	7.72680943E-1
821	7.73704015E-1
973	7.7391979E-1
977	7.75435967E-1
752	7.75572309E-1
939	7.75600753E-1
298	7.76958476E-1
474	7.77984562E-1
32	7.78361722E-1
128	7.79832493E-1
945	7.81669058E-1
318	7.82081438E-1
884	7.83080909E-1
96	7.8353498E-1
458	7.86676773E-1
430	7.86728275E-1
849	7.87650299E-1
194	7.87768051E-1
724	7.88573128E-1
900	7.88583219E-1
671	7.89024473E-1
786	7.89080161E-1
264	7.89567397E-1
145	7.9206848E-1
549	7.93039724E-1
150	7.937523E-1
178	7.96022241E-1
923	7.96891919E-1
628	7.97459956E-1
343	7.99359365E-1
174	8.00255742E-1
144	8.00899644E-1
201	8.0104343E-1
1002	8.0455568E-1
386	8.04958764E-1
648	8.05701739E-1
709	8.06221766E-1
799	8.07543197E-1
155	8.08658359E-1
22	8.11273153E-1
24	8.12660286E-1
1005	8.14934536E-1
529	8.15293988E-1
455	8.15701628E-1
71	8.16590962E-1
716	8.16985965E-1
700	8.1708627E-1
826	8.19902988E-1
1015	8.20300441E-1
464	8.20806049E-1
511	8.21832651E-1
382	8.22748674E-1
496	8.22753144E-1
926	8.23922514E-1
354	8.24072797E-1
321	8.25628955E-1
995	8.29187224E-1
720	8.29430498E-1
116	8.31184843E-1
376	8.31906856E-1
985	8.32221899E-1
1020	8.34341948E-1
643	8.34930825E-1
636	8.35911404E-1
558	8.38347477E-1
897	8.38699488E-1
883	8.41461013E-1
124	8.42009261E-1
732	8.42133921E-1
78	8.44416966E-1
34	8.44444233E-1
523	8.47196972E-1
836	8.47847752E-1
601	8.48779176E-1
986	8.49440955E-1
927	8.49672361E-1
209	8.50281857E-1
132	8.51147041E-1
112	8.51769425E-1
565	8.53073277E-1
863	8.53485506E-1
891	8.54300235E-1
615	8.54617017E-1
396	8.55195115E-1
172	8.55599406E-1
871	8.57807149E-1
453	8.58460168E-1
657	8.59294426E-1
454	8.60580498E-1
846	8.60599154E-1
647	8.61241967E-1
371	8.61624052E-1
971	8.62475933E-1
866	8.63000245E-1
336	8.64799698E-1
532	8.67258771E-1
966	8.71701574E-1
272	8.72033844E-1
875	8.72993703E-1
711	8.7359844E-1
943	8.73880979E-1
439	8.7695329E-1
534	8.78330799E-1
755	8.78593566E-1
1009	8.78845064E-1
535	8.81589454E-1
978	8.81635686E-1
94	8.81925578E-1
10	8.84101447E-1
113	8.84227434E-1
230	8.84637934E-1
218	8.8481369E-1
498	8.85320376E-1
77	8.85810633E-1
869	8.87031514E-1
249	8.87187919E-1
592	8.88559495E-1
64	8.9066365E-1
169	8.91335066E-1
60	8.92867821E-1
421	8.94644862E-1
287	8.9502097E-1
857	8.95057569E-1
441	8.96833046E-1
598	8.97022525E-1
443	8.98410971E-1
427	8.98632329E-1
576	8.9966588E-1
852	8.99789865E-1
608	9.00741732E-1
105	9.01107339E-1
1014	9.02247346E-1
126	9.03053854E-1
363	9.03381116E-1
893	9.04144582E-1
196	9.0560688E-1
84	9.06726944E-1
0	9.07498315E-1
974	9.07583529E-1
70	9.0947717E-1
591	9.10492125E-1
487	9.10861966E-1
804	9.11116205E-1
555	9.11287512E-1
111	9.12424488E-1
323	9.13486364E-1
47	9.13516034E-1
2	9.13807247E-1
476	9.18261992E-1
360	9.18270694E-1
991	9.18556556E-1
31	9.19166179E-1
152	9.20859729E-1
466	9.21805014E-1
761	9.22363243E-1
390	9.23363401E-1
930	9.24236082E-1
192	9.24557207E-1
915	9.27824412E-1
506	9.30023589E-1
862	9.31284012E-1
176	9.3148152E-1
364	9.32249784E-1
387	9.33119828E-1
560	9.33822853E-1
941	9.35171687E-1
916	9.3570026E-1
589	9.3592057E-1
102	9.37213761E-1
670	9.38527083E-1
584	9.40854284E-1
85	9.4201948E-1
880	9.42338259E-1
611	9.43207414E-1
65	9.4588447E-1
824	9.45981327E-1
798	9.46284231E-1
214	9.4688637E-1
151	9.49383701E-1
663	9.50082767E-1
779	9.50981217E-1
551	9.51114614E-1
86	9.51331933E-1
341	9.51392137E-1
368	9.53433716E-1
524	9.54266804E-1
156	9.58712721E-1
788	9.5910589E-1
375	9.61087704E-1
1004	9.65766144E-1
141	9.69167836E-1
118	9.69292843E-1
66	9.69894161E-1
526	9.69896011E-1
972	9.70824392E-1
95	9.72292897E-1
490	9.73339121E-1
739	9.73917151E-1
405	9.74133072E-1
437	9.75025674E-1
672	9.75528469E-1
35	9.76019315E-1
18	9.76748103E-1
1018	9.7685739E-1
97	9.78320992E-1
462	9.79158846E-1
143	9.79835491E-1
585	9.79933707E-1
365	9.80568373E-1
81	9.81054005E-1
213	9.81174371E-1
256	9.81379868E-1
335	9.82169061E-1
509	9.82172534E-1
819	9.82302298E-1
776	9.82510672E-1
23	9.83161259E-1
886	9.86830576E-1
1023	9.871074E-1
1022	9.8728108E-1
383	9.87426819E-1
780	9.88064845E-1
771	9.88488266E-1
685	9.88537336E-1
332	9.90332439E-1
279	9.91291457E-1
1019	9.98665424E-1
630	9.99859159E-1
967	9.99931058E-1
701	9.99941322E-1
