Name	chi2Pvalue
176	1.5697633E-5
802	1.73337663E-5
103	7.81828376E-5
111	2.1625179E-4
68	2.63333635E-4
467	2.51463702E-3
957	2.71342891E-3
664	3.26091022E-3
576	3.6243082E-3
169	3.88101398E-3
750	4.12124994E-3
189	4.5222303E-3
917	5.90571249E-3
235	6.09162E-3
787	8.61594804E-3
517	8.68351091E-3
782	9.96465579E-3
405	1.24464664E-2
186	1.63923764E-2
658	1.65081025E-2
161	1.74590812E-2
20	1.94514448E-2
901	1.97940298E-2
303	2.09564193E-2
579	2.24842483E-2
273	2.35899849E-2
757	2.53038481E-2
818	2.53569046E-2
520	2.6101037E-2
35	2.70345047E-2
397	2.76560876E-2
109	3.04835804E-2
269	3.28809738E-2
912	3.30571674E-2
201	3.56382525E-2
62	3.63957861E-2
413	3.79612038E-2
248	3.84349837E-2
114	4.10057614E-2
691	4.49914217E-2
239	4.51659364E-2
528	4.58612116E-2
953	4.61254344E-2
946	4.64832207E-2
893	4.88168697E-2
474	4.98807868E-2
817	4.98873527E-2
706	5.00208718E-2
10	5.10179702E-2
370	5.16637751E-2
830	5.37545633E-2
824	5.39719033E-2
393	5.46842464E-2
327	5.47130312E-2
94	5.5940123E-2
603	5.6254837E-2
760	5.74782578E-2
744	5.98664376E-2
411	6.24980174E-2
705	6.34117431E-2
267	6.50637472E-2
314	6.60875874E-2
775	6.71367716E-2
947	6.73940156E-2
919	6.79583914E-2
75	6.91052141E-2
666	6.93686442E-2
535	6.96774482E-2
743	7.05344337E-2
578	7.18868027E-2
567	7.42611776E-2
707	7.53665124E-2
347	7.64294917E-2
618	7.74591476E-2
122	8.04937891E-2
104	8.07122073E-2
496	8.14870863E-2
558	8.15754039E-2
266	8.27618334E-2
726	8.43378008E-2
600	8.53876253E-2
768	8.54546701E-2
425	8.55979401E-2
643	8.62433457E-2
801	8.6516008E-2
651	8.69433288E-2
792	8.93113034E-2
187	8.9756237E-2
860	8.99033186E-2
208	9.05329272E-2
840	9.10019126E-2
977	9.12112134E-2
482	9.16053823E-2
625	9.2799613E-2
476	9.36200458E-2
335	9.39577244E-2
874	9.49536579E-2
970	9.6363566E-2
284	9.7480038E-2
261	9.85371636E-2
678	9.99688527E-2
674	1.00472564E-1
616	1.01306554E-1
55	1.01443637E-1
892	1.01696216E-1
849	1.04099877E-1
661	1.05167894E-1
315	1.05512219E-1
682	1.05803878E-1
671	1.07207766E-1
385	1.13683847E-1
883	1.16181283E-1
583	1.19147638E-1
115	1.19616581E-1
932	1.20090781E-1
612	1.20711149E-1
793	1.22181979E-1
926	1.22591489E-1
873	1.22808167E-1
429	1.23060931E-1
765	1.23764914E-1
168	1.23774972E-1
722	1.25092871E-1
71	1.27838833E-1
418	1.28506694E-1
218	1.30893748E-1
778	1.31363444E-1
93	1.31836017E-1
341	1.3210398E-1
31	1.32595886E-1
838	1.33911935E-1
92	1.35437913E-1
891	1.36940157E-1
231	1.39050376E-1
316	1.4172103E-1
428	1.41914046E-1
223	1.42270321E-1
404	1.44214514E-1
431	1.48757286E-1
646	1.49820943E-1
635	1.52635769E-1
72	1.53844419E-1
203	1.56164866E-1
299	1.59846631E-1
450	1.60038584E-1
472	1.61216572E-1
740	1.61402984E-1
214	1.61680312E-1
485	1.61861489E-1
763	1.62464074E-1
621	1.6537104E-1
452	1.67549099E-1
878	1.67860978E-1
59	1.67888848E-1
596	1.68497896E-1
195	1.68831267E-1
786	1.69045977E-1
908	1.69215111E-1
27	1.69677463E-1
739	1.70493452E-1
130	1.71421854E-1
955	1.71530481E-1
591	1.72044352E-1
737	1.72247078E-1
728	1.72530463E-1
585	1.72679248E-1
436	1.73717747E-1
309	1.7445188E-1
677	1.75198144E-1
150	1.75676733E-1
899	1.78239391E-1
387	1.79213956E-1
146	1.82702542E-1
117	1.83440046E-1
32	1.841834E-1
285	1.85967476E-1
453	1.86179996E-1
343	1.87020236E-1
188	1.87894426E-1
396	1.89417693E-1
1001	1.90305995E-1
326	1.95630224E-1
14	1.95959072E-1
241	1.9607813E-1
5	1.9690932E-1
683	1.97241652E-1
668	1.97580441E-1
177	1.97861616E-1
589	1.98729426E-1
407	1.98775108E-1
811	2.01654861E-1
197	2.02809705E-1
403	2.04639363E-1
510	2.04848452E-1
531	2.06254085E-1
624	2.09433169E-1
729	2.10544548E-1
98	2.10735344E-1
271	2.11125216E-1
136	2.13121008E-1
810	2.14391077E-1
550	2.14499476E-1
262	2.1456165E-1
846	2.16621438E-1
790	2.18661272E-1
506	2.18918849E-1
151	2.21139302E-1
79	2.22129609E-1
320	2.24977328E-1
386	2.250472E-1
823	2.26890222E-1
588	2.27139271E-1
952	2.29301147E-1
41	2.29699321E-1
864	2.29793909E-1
852	2.30174145E-1
981	2.32514923E-1
302	2.32550194E-1
989	2.35639059E-1
532	2.35786642E-1
64	2.3589927E-1
1010	2.36327362E-1
419	2.37003988E-1
96	2.38081783E-1
392	2.38529732E-1
416	2.39217738E-1
670	2.39271622E-1
538	2.39508694E-1
913	2.41506377E-1
1016	2.42601237E-1
986	2.43862639E-1
938	2.44078937E-1
360	2.47440059E-1
777	2.47664481E-1
469	2.50416661E-1
128	2.51153501E-1
498	2.5135592E-1
11	2.52500966E-1
427	2.53109975E-1
505	2.53326645E-1
979	2.55834857E-1
745	2.56240414E-1
183	2.57211852E-1
149	2.57740333E-1
67	2.58251601E-1
143	2.58980409E-1
501	2.59306366E-1
613	2.59766304E-1
954	2.60233282E-1
301	2.6098818E-1
545	2.61734386E-1
447	2.61831803E-1
907	2.61860449E-1
734	2.63405519E-1
945	2.64788768E-1
119	2.6545879E-1
2	2.66417534E-1
448	2.66710091E-1
108	2.67090917E-1
880	2.6710226E-1
232	2.67422474E-1
584	2.67612453E-1
348	2.68233165E-1
238	2.68527705E-1
868	2.68745175E-1
139	2.69239341E-1
352	2.6952712E-1
788	2.69987448E-1
434	2.70060977E-1
719	2.70541368E-1
178	2.72582055E-1
384	2.73523534E-1
433	2.74379788E-1
741	2.74626788E-1
659	2.75135203E-1
738	2.7550964E-1
342	2.76525441E-1
389	2.76554581E-1
15	2.77609966E-1
24	2.79979227E-1
611	2.82185025E-1
713	2.8223456E-1
960	2.82597278E-1
676	2.83092695E-1
904	2.86043855E-1
236	2.87382509E-1
759	2.88617976E-1
1013	2.88749558E-1
377	2.91741734E-1
991	2.93757019E-1
821	2.94059198E-1
184	2.95812332E-1
310	2.97922558E-1
493	2.99514084E-1
964	3.0018971E-1
159	3.03103783E-1
461	3.07347325E-1
879	3.08954713E-1
49	3.09976408E-1
120	3.10235088E-1
958	3.1071238E-1
735	3.11180745E-1
308	3.11375166E-1
362	3.13615743E-1
206	3.1483703E-1
110	3.15738293E-1
410	3.18669481E-1
268	3.19154765E-1
865	3.20225256E-1
872	3.21788761E-1
572	3.22078451E-1
244	3.22106936E-1
23	3.2546997E-1
53	3.263605E-1
365	3.27189553E-1
240	3.27667351E-1
131	3.27720938E-1
456	3.2904208E-1
937	3.29768238E-1
959	3.32630995E-1
464	3.33516245E-1
845	3.34047024E-1
966	3.34280152E-1
280	3.35801472E-1
224	3.38038076E-1
764	3.38793838E-1
894	3.4008837E-1
336	3.40987864E-1
76	3.41356935E-1
155	3.41611847E-1
29	3.43390817E-1
996	3.44248051E-1
976	3.44938213E-1
556	3.45733575E-1
400	3.46404914E-1
164	3.48312955E-1
934	3.48809345E-1
807	3.48902172E-1
16	3.50018786E-1
170	3.50439345E-1
982	3.50889148E-1
70	3.52896358E-1
137	3.5294009E-1
351	3.52976961E-1
371	3.53435889E-1
580	3.54698785E-1
265	3.55289162E-1
939	3.5554096E-1
813	3.5725373E-1
559	3.57542344E-1
228	3.61672804E-1
881	3.61881001E-1
586	3.6192273E-1
911	3.63995559E-1
998	3.64766705E-1
1005	3.64879078E-1
1003	3.66561339E-1
13	3.68990286E-1
755	3.70572875E-1
229	3.70872663E-1
288	3.73023328E-1
57	3.74715961E-1
368	3.74769713E-1
736	3.74772344E-1
961	3.75956782E-1
858	3.76209961E-1
969	3.76689747E-1
86	3.78263342E-1
780	3.7993074E-1
102	3.80261179E-1
829	3.80380879E-1
862	3.81994127E-1
294	3.8244379E-1
841	3.82547751E-1
711	3.84140671E-1
65	3.84256663E-1
716	3.84594321E-1
408	3.85142003E-1
219	3.8574048E-1
789	3.87265556E-1
742	3.89259632E-1
354	3.89635583E-1
855	3.89732811E-1
761	3.90026901E-1
1006	3.92768392E-1
978	3.95219424E-1
832	3.95302528E-1
83	3.96068303E-1
688	3.9611164E-1
200	3.96727287E-1
340	3.97432192E-1
388	3.97472143E-1
684	3.99311191E-1
557	3.99888703E-1
806	4.01588429E-1
633	4.01864456E-1
526	4.03856101E-1
848	4.03972127E-1
211	4.04911537E-1
597	4.0523315E-1
803	4.05395938E-1
73	4.05509246E-1
727	4.05595542E-1
554	4.06619408E-1
179	4.06999307E-1
99	4.11647199E-1
769	4.12633527E-1
877	4.12809771E-1
714	4.13014075E-1
51	4.14135035E-1
95	4.14172339E-1
931	4.152115E-1
38	4.15343116E-1
816	4.16806077E-1
770	4.181058E-1
856	4.18371073E-1
569	4.20059265E-1
570	4.22016613E-1
555	4.2314946E-1
896	4.25396461E-1
324	4.25843059E-1
655	4.27016976E-1
906	4.28130884E-1
298	4.28291343E-1
359	4.28292023E-1
134	4.28988754E-1
809	4.29414716E-1
129	4.29520353E-1
311	4.29569113E-1
127	4.30107623E-1
107	4.30873551E-1
640	4.32622653E-1
198	4.33288625E-1
477	4.3575648E-1
88	4.3970945E-1
153	4.40514852E-1
160	4.4097892E-1
34	4.42498047E-1
412	4.43976348E-1
696	4.45346886E-1
781	4.47532363E-1
154	4.48046702E-1
317	4.48083424E-1
609	4.4825508E-1
101	4.48504335E-1
484	4.48914705E-1
90	4.49593843E-1
594	4.51151177E-1
367	4.51212764E-1
897	4.52891311E-1
598	4.53590648E-1
701	4.5480482E-1
30	4.55464476E-1
660	4.56625978E-1
138	4.56671005E-1
521	4.56855321E-1
390	4.58405032E-1
4	4.58461463E-1
552	4.58485383E-1
956	4.61186406E-1
409	4.61575148E-1
536	4.61820257E-1
663	4.64016293E-1
709	4.65240522E-1
1015	4.66485889E-1
19	4.68355319E-1
270	4.68923879E-1
420	4.69829606E-1
45	4.71724201E-1
480	4.72773797E-1
174	4.7355379E-1
694	4.75838672E-1
91	4.76547472E-1
785	4.77955504E-1
468	4.78556036E-1
60	4.80203264E-1
833	4.81029849E-1
282	4.8256772E-1
927	4.8308947E-1
857	4.83983905E-1
819	4.84818725E-1
871	4.84869316E-1
867	4.84971253E-1
58	4.85154735E-1
772	4.85467133E-1
252	4.87508873E-1
1008	4.87672849E-1
260	4.88771803E-1
639	4.88921656E-1
353	4.8943379E-1
560	4.89492756E-1
563	4.89916994E-1
323	4.92269094E-1
221	4.92291518E-1
258	4.94337818E-1
421	4.94835586E-1
190	4.96178537E-1
338	4.97334203E-1
685	4.97892135E-1
551	4.97914437E-1
900	4.98895025E-1
319	4.99625196E-1
78	4.99998008E-1
28	5.00108989E-1
767	5.01463737E-1
69	5.01524634E-1
230	5.02478118E-1
629	5.03879411E-1
383	5.03947778E-1
680	5.04754378E-1
518	5.06333573E-1
194	5.07774672E-1
504	5.08093147E-1
395	5.08169007E-1
863	5.08605351E-1
562	5.08973705E-1
152	5.11067001E-1
47	5.12028483E-1
364	5.15258326E-1
42	5.15406822E-1
672	5.17543855E-1
914	5.17615534E-1
695	5.17693985E-1
156	5.17750182E-1
928	5.18626571E-1
732	5.18870242E-1
278	5.18973377E-1
499	5.19848141E-1
417	5.20758703E-1
182	5.21236345E-1
373	5.21440875E-1
12	5.21681498E-1
968	5.21691358E-1
1018	5.23829208E-1
325	5.24760669E-1
106	5.25084861E-1
449	5.25431809E-1
318	5.25653021E-1
975	5.26033313E-1
344	5.28125299E-1
733	5.28435222E-1
839	5.2860634E-1
470	5.29827348E-1
441	5.30655613E-1
903	5.31664349E-1
334	5.33451292E-1
489	5.33488022E-1
783	5.33975809E-1
444	5.3488671E-1
574	5.35326688E-1
349	5.3553234E-1
494	5.36152336E-1
40	5.37403481E-1
870	5.37436282E-1
141	5.3802903E-1
192	5.380643E-1
1	5.38218377E-1
948	5.38979349E-1
548	5.41227944E-1
606	5.41294937E-1
337	5.41916824E-1
581	5.41924041E-1
525	5.42085526E-1
375	5.42869909E-1
812	5.46118307E-1
3	5.46265517E-1
74	5.46808134E-1
277	5.48125243E-1
652	5.48579113E-1
212	5.5164461E-1
286	5.5265966E-1
1019	5.52671993E-1
774	5.52995547E-1
636	5.53639148E-1
617	5.54539401E-1
330	5.59318684E-1
245	5.63899375E-1
77	5.64216666E-1
193	5.6481355E-1
166	5.64861529E-1
508	5.65123979E-1
751	5.66972282E-1
721	5.69074741E-1
435	5.69278105E-1
673	5.70008824E-1
113	5.70189522E-1
749	5.70992616E-1
329	5.71954394E-1
805	5.72084789E-1
910	5.72701782E-1
123	5.75035206E-1
210	5.75142351E-1
799	5.75535768E-1
445	5.76326913E-1
614	5.76394594E-1
990	5.76544748E-1
887	5.76610055E-1
796	5.77079706E-1
250	5.77220285E-1
607	5.77822918E-1
747	5.8104949E-1
226	5.83711282E-1
884	5.86263118E-1
422	5.86916298E-1
657	5.8793137E-1
391	5.89650915E-1
414	5.90288047E-1
876	5.92041749E-1
89	5.92115559E-1
225	5.93770014E-1
222	5.94409199E-1
437	5.94416401E-1
328	5.95326128E-1
641	5.95748167E-1
835	5.96265435E-1
630	5.96614992E-1
575	5.97184375E-1
885	5.9906376E-1
39	5.99119631E-1
632	6.00204568E-1
915	6.00412704E-1
492	6.00946799E-1
815	6.02309332E-1
233	6.04024597E-1
503	6.06597496E-1
798	6.07086691E-1
163	6.08509661E-1
886	6.12939995E-1
202	6.1754274E-1
462	6.18640962E-1
199	6.18964939E-1
708	6.19673167E-1
253	6.2090529E-1
234	6.21404867E-1
566	6.22507496E-1
889	6.23267174E-1
784	6.25795806E-1
63	6.25910209E-1
699	6.27217003E-1
753	6.28829459E-1
426	6.29513872E-1
381	6.3123182E-1
519	6.31618577E-1
124	6.32175208E-1
475	6.33590303E-1
361	6.33890126E-1
246	6.34426073E-1
22	6.35017674E-1
944	6.35968521E-1
866	6.36289105E-1
180	6.37006925E-1
608	6.37667295E-1
292	6.3925958E-1
502	6.4020732E-1
853	6.41445312E-1
831	6.42088179E-1
776	6.42396282E-1
500	6.42771654E-1
346	6.43863411E-1
333	6.44103223E-1
26	6.4629504E-1
398	6.46589471E-1
995	6.47606769E-1
66	6.48481943E-1
700	6.48802997E-1
905	6.51098156E-1
209	6.51468412E-1
438	6.530079E-1
667	6.5345211E-1
637	6.53822164E-1
424	6.55029363E-1
718	6.55431605E-1
999	6.57591014E-1
564	6.57863047E-1
173	6.5880691E-1
251	6.60376604E-1
861	6.62810924E-1
54	6.65287959E-1
81	6.6565469E-1
242	6.66460165E-1
972	6.66841171E-1
439	6.67555308E-1
537	6.68236948E-1
215	6.68580251E-1
394	6.68937178E-1
145	6.73562153E-1
133	6.73793345E-1
619	6.74126689E-1
836	6.75157285E-1
994	6.75418705E-1
649	6.76832238E-1
305	6.77056618E-1
321	6.77322132E-1
307	6.7834712E-1
628	6.80760825E-1
402	6.80841802E-1
509	6.81612233E-1
980	6.8165311E-1
859	6.82480297E-1
527	6.82707012E-1
272	6.85606828E-1
553	6.86043996E-1
339	6.865623E-1
642	6.86956612E-1
754	6.87996483E-1
837	6.88191171E-1
698	6.90527874E-1
312	6.90869105E-1
935	6.91138797E-1
715	6.91154763E-1
631	6.91478597E-1
541	6.91667963E-1
382	6.91752751E-1
363	6.91844062E-1
723	6.92909338E-1
254	6.93697356E-1
304	6.94112465E-1
276	6.95437587E-1
446	6.96232394E-1
46	6.96593021E-1
513	6.97033369E-1
571	7.01290846E-1
162	7.01849175E-1
925	7.02423119E-1
80	7.03724653E-1
687	7.03889219E-1
710	7.04473122E-1
923	7.05612443E-1
963	7.05617919E-1
295	7.06156962E-1
825	7.10710408E-1
918	7.11402914E-1
118	7.12239687E-1
290	7.12341256E-1
983	7.1467333E-1
638	7.15468985E-1
459	7.16042549E-1
592	7.16095511E-1
48	7.17559988E-1
922	7.18132751E-1
181	7.19135375E-1
599	7.20082109E-1
33	7.21175145E-1
924	7.2214056E-1
730	7.22687446E-1
356	7.24304153E-1
463	7.24399871E-1
481	7.24982511E-1
645	7.25175326E-1
720	7.25200524E-1
486	7.25640831E-1
43	7.27911304E-1
704	7.29943689E-1
828	7.30470406E-1
263	7.33112269E-1
746	7.34051608E-1
529	7.3478927E-1
281	7.36748953E-1
844	7.37075519E-1
264	7.41877526E-1
82	7.42577466E-1
542	7.43100495E-1
898	7.43498758E-1
731	7.43693812E-1
140	7.44618848E-1
465	7.46506387E-1
293	7.4719367E-1
530	7.48386985E-1
1007	7.50579709E-1
533	7.50780894E-1
358	7.51586535E-1
406	7.51731241E-1
237	7.52326551E-1
44	7.5294925E-1
895	7.5341303E-1
457	7.53863716E-1
1021	7.54527543E-1
610	7.55903279E-1
669	7.64091218E-1
851	7.64301189E-1
473	7.64617083E-1
213	7.67734661E-1
921	7.68572133E-1
543	7.68786957E-1
943	7.70349364E-1
366	7.70534008E-1
804	7.71056258E-1
147	7.71119019E-1
471	7.71462693E-1
430	7.72755674E-1
332	7.73292821E-1
18	7.76068467E-1
175	7.76198921E-1
207	7.77044324E-1
423	7.77192739E-1
157	7.78295624E-1
220	7.79097514E-1
615	7.82663189E-1
112	7.84641988E-1
227	7.85372345E-1
547	7.85575993E-1
247	7.86371499E-1
401	7.86621004E-1
191	7.87249097E-1
132	7.87888304E-1
300	7.89168868E-1
216	7.89171574E-1
988	7.89459023E-1
854	7.89876596E-1
451	7.9022354E-1
758	7.93432656E-1
762	7.93442807E-1
604	7.93564977E-1
126	7.93935519E-1
888	7.9913679E-1
21	8.00526703E-1
794	8.02611692E-1
297	8.03526953E-1
511	8.04093861E-1
454	8.05600217E-1
962	8.05928445E-1
380	8.07039672E-1
460	8.0821969E-1
9	8.09482521E-1
623	8.11074547E-1
712	8.11810611E-1
702	8.12424642E-1
916	8.13201875E-1
936	8.15369678E-1
984	8.16907438E-1
565	8.18427007E-1
100	8.19129204E-1
259	8.19315505E-1
950	8.19603346E-1
800	8.20373147E-1
929	8.2266726E-1
515	8.22838162E-1
255	8.23106668E-1
345	8.27097637E-1
544	8.27216187E-1
379	8.28942626E-1
1012	8.30297089E-1
717	8.31021083E-1
490	8.33013949E-1
171	8.33421391E-1
766	8.3385997E-1
791	8.34163731E-1
291	8.34397936E-1
243	8.36042528E-1
656	8.3607965E-1
653	8.36333645E-1
675	8.36349041E-1
662	8.36752431E-1
875	8.40952388E-1
25	8.43321675E-1
479	8.43788107E-1
577	8.4394069E-1
826	8.44983936E-1
847	8.45038897E-1
144	8.45140172E-1
466	8.4521832E-1
56	8.46360987E-1
249	8.47308382E-1
622	8.48749519E-1
779	8.50167822E-1
797	8.52088709E-1
279	8.52138611E-1
372	8.53709602E-1
648	8.53959278E-1
135	8.56042173E-1
523	8.58071176E-1
357	8.58827801E-1
827	8.59905612E-1
679	8.60325916E-1
842	8.61275025E-1
355	8.61578809E-1
539	8.65071614E-1
752	8.65748575E-1
296	8.66168168E-1
725	8.66536313E-1
487	8.66547086E-1
483	8.66617562E-1
491	8.6748669E-1
196	8.68011576E-1
601	8.69071566E-1
52	8.69090345E-1
834	8.69771341E-1
992	8.70384135E-1
850	8.73837556E-1
205	8.73993286E-1
951	8.73995086E-1
8	8.76005865E-1
322	8.7689447E-1
882	8.77429893E-1
374	8.77736308E-1
626	8.78619925E-1
121	8.79461943E-1
97	8.8040518E-1
313	8.80691114E-1
703	8.81714058E-1
399	8.86371164E-1
495	8.86845123E-1
697	8.87851875E-1
287	8.88913859E-1
257	8.89013569E-1
808	8.89098825E-1
455	8.89229628E-1
993	8.89550714E-1
724	8.91396382E-1
909	8.91551876E-1
1011	8.92108812E-1
771	8.92226663E-1
689	8.92632429E-1
593	8.93747057E-1
217	8.94585972E-1
50	8.95788845E-1
869	8.97485753E-1
148	8.97722192E-1
890	8.9815805E-1
275	8.98887613E-1
820	9.03078816E-1
61	9.04853843E-1
1000	9.06245324E-1
971	9.07217521E-1
692	9.07511556E-1
602	9.07559915E-1
516	9.08872116E-1
985	9.10401743E-1
693	9.12259022E-1
644	9.13121796E-1
306	9.14304476E-1
902	9.16201854E-1
514	9.16611636E-1
690	9.18442828E-1
274	9.19237697E-1
478	9.20361157E-1
376	9.21220967E-1
949	9.21633984E-1
331	9.22174325E-1
930	9.22622822E-1
116	9.22813168E-1
432	9.23238384E-1
534	9.23503576E-1
442	9.25892575E-1
105	9.26465511E-1
573	9.27607112E-1
940	9.28272244E-1
561	9.28842766E-1
605	9.29312163E-1
942	9.29442498E-1
84	9.30580978E-1
773	9.30735094E-1
582	9.31932615E-1
85	9.33186449E-1
125	9.37125135E-1
587	9.38773882E-1
378	9.39848942E-1
627	9.41825407E-1
488	9.4401928E-1
458	9.44595299E-1
686	9.45027874E-1
87	9.45442002E-1
843	9.45572239E-1
974	9.4596454E-1
1014	9.46099487E-1
17	9.46200644E-1
185	9.46407473E-1
748	9.46502991E-1
822	9.47477563E-1
1002	9.48189409E-1
167	9.49038243E-1
620	9.50134654E-1
256	9.52189835E-1
973	9.55616477E-1
37	9.5735838E-1
540	9.58314381E-1
443	9.58690969E-1
512	9.60332596E-1
507	9.62244292E-1
158	9.62888801E-1
650	9.63888646E-1
965	9.67620619E-1
595	9.67626392E-1
289	9.68121552E-1
568	9.68198176E-1
1017	9.69153739E-1
36	9.70578108E-1
967	9.70969306E-1
142	9.71607863E-1
933	9.71671608E-1
440	9.72577229E-1
350	9.72585066E-1
795	9.72801486E-1
1004	9.73480549E-1
1009	9.75220142E-1
997	9.78956479E-1
524	9.79876404E-1
654	9.8032037E-1
165	9.80557616E-1
204	9.80715125E-1
681	9.81145145E-1
987	9.81627499E-1
1023	9.83362743E-1
756	9.83484232E-1
647	9.86386716E-1
814	9.88395492E-1
941	9.88536309E-1
172	9.900643E-1
7	9.90086655E-1
665	9.90136951E-1
415	9.9220088E-1
6	9.93512643E-1
634	9.93746517E-1
549	9.95036177E-1
1022	9.95492651E-1
1020	9.95619648E-1
546	9.96869829E-1
497	9.97032234E-1
0	9.98079704E-1
522	9.98203252E-1
