Name	chi2Pvalue
584	2.34564397E-4
878	9.39455337E-4
552	2.25046968E-3
562	2.34936826E-3
41	2.49478334E-3
396	2.87774389E-3
882	3.38641846E-3
410	5.57602507E-3
54	5.98439286E-3
474	6.10266125E-3
540	9.51679427E-3
245	1.13449187E-2
981	1.14207153E-2
852	1.16344768E-2
983	1.29227117E-2
897	1.37205376E-2
731	1.57955362E-2
951	1.58992892E-2
962	1.69795719E-2
953	1.78662906E-2
676	1.96980791E-2
999	2.03487345E-2
144	2.2158829E-2
60	2.27159822E-2
74	2.47836366E-2
361	2.49173121E-2
238	2.59878695E-2
43	2.64776214E-2
460	2.73530984E-2
332	2.88505264E-2
974	2.88811596E-2
525	3.12651938E-2
735	3.18220246E-2
995	3.18546934E-2
591	3.22140247E-2
465	3.24017608E-2
992	3.25932768E-2
94	3.27755749E-2
671	3.59556499E-2
476	3.59706774E-2
407	3.68528795E-2
186	3.70995382E-2
221	3.9089777E-2
83	3.9667322E-2
946	4.10591561E-2
592	4.12073976E-2
467	4.15902575E-2
787	4.18028833E-2
146	4.29819992E-2
413	4.40335809E-2
747	4.40916721E-2
976	4.47520672E-2
677	4.51785494E-2
520	4.53895946E-2
855	4.76180629E-2
698	5.07803929E-2
44	5.08311152E-2
29	5.13959445E-2
847	5.40009949E-2
20	5.41142636E-2
954	5.48301349E-2
764	5.48319667E-2
891	5.61909964E-2
894	5.87684545E-2
119	5.98686005E-2
488	6.07223723E-2
260	6.15263984E-2
73	6.16082176E-2
13	6.1828092E-2
308	6.47735804E-2
237	6.48083016E-2
727	6.49879464E-2
530	6.74356687E-2
380	6.78107989E-2
371	6.82386903E-2
1000	6.83423661E-2
839	6.86965959E-2
314	6.97994643E-2
680	7.04749017E-2
529	7.06277285E-2
415	7.14133924E-2
642	7.14781657E-2
51	7.14861432E-2
605	7.32229555E-2
923	7.39313639E-2
791	7.39778857E-2
782	7.50342165E-2
339	7.70950225E-2
513	7.85375995E-2
247	7.87673325E-2
55	8.05093457E-2
567	8.24250154E-2
45	8.25822413E-2
433	8.27177604E-2
259	8.30737279E-2
274	8.41855253E-2
750	8.56818414E-2
925	8.63632533E-2
960	8.69341799E-2
389	8.75549111E-2
300	8.88944709E-2
190	8.90455377E-2
826	9.02180964E-2
57	9.07526744E-2
269	9.09853604E-2
4	9.1309948E-2
783	9.16802575E-2
751	9.25145175E-2
463	9.25485828E-2
638	9.35769246E-2
203	9.39844695E-2
778	9.43838152E-2
296	9.66641218E-2
522	9.87893198E-2
496	9.96424959E-2
104	1.01973001E-1
538	1.02222156E-1
150	1.0258869E-1
219	1.03957619E-1
184	1.04900026E-1
949	1.06004458E-1
729	1.06334372E-1
479	1.0640781E-1
909	1.06573612E-1
856	1.08019731E-1
971	1.08681618E-1
945	1.09800712E-1
922	1.11144425E-1
917	1.1227371E-1
252	1.14104655E-1
461	1.14818701E-1
224	1.15470011E-1
823	1.17716005E-1
776	1.18149683E-1
114	1.18917748E-1
205	1.21643342E-1
728	1.21724005E-1
745	1.22069892E-1
911	1.2273122E-1
604	1.2401691E-1
780	1.24079642E-1
227	1.24281434E-1
243	1.26329874E-1
166	1.26627848E-1
181	1.27518172E-1
383	1.27868989E-1
348	1.28110399E-1
594	1.28154179E-1
719	1.28588774E-1
890	1.28600439E-1
744	1.28913499E-1
651	1.29899893E-1
1004	1.31459082E-1
996	1.31885815E-1
832	1.32670815E-1
318	1.36111184E-1
812	1.36339262E-1
91	1.36392199E-1
526	1.38317452E-1
372	1.39025693E-1
558	1.39287131E-1
814	1.4016472E-1
115	1.4201068E-1
312	1.42775702E-1
802	1.43138314E-1
147	1.43319082E-1
196	1.44173175E-1
270	1.44190902E-1
586	1.45251321E-1
667	1.46747462E-1
939	1.47244764E-1
726	1.48121221E-1
575	1.48367917E-1
541	1.49267228E-1
22	1.49789988E-1
15	1.51652473E-1
240	1.51668994E-1
343	1.51800344E-1
67	1.52101018E-1
71	1.5257148E-1
798	1.54213828E-1
672	1.54274593E-1
1011	1.55015408E-1
501	1.55584637E-1
519	1.55643352E-1
1013	1.60029123E-1
368	1.61109219E-1
424	1.62472442E-1
381	1.62945804E-1
466	1.63184939E-1
805	1.63586679E-1
1001	1.63649227E-1
229	1.67397381E-1
75	1.69825261E-1
354	1.70578055E-1
989	1.70843264E-1
808	1.70863919E-1
112	1.71810386E-1
583	1.73674323E-1
103	1.73754018E-1
212	1.73970715E-1
916	1.74489057E-1
887	1.75694892E-1
888	1.7573446E-1
311	1.77148051E-1
414	1.77270404E-1
310	1.78129172E-1
169	1.78321458E-1
295	1.78978592E-1
235	1.7921946E-1
740	1.79350213E-1
850	1.79460755E-1
220	1.80643825E-1
902	1.81405E-1
327	1.82222905E-1
551	1.82648989E-1
301	1.84592404E-1
443	1.8515311E-1
610	1.85668064E-1
373	1.8581893E-1
262	1.8883846E-1
363	1.88980172E-1
707	1.90025951E-1
199	1.90133217E-1
579	1.92744621E-1
416	1.95579279E-1
777	1.96544795E-1
493	1.96827825E-1
431	1.97369826E-1
623	1.98139217E-1
512	1.98588174E-1
762	2.00673009E-1
393	2.02666402E-1
892	2.02808659E-1
673	2.03634052E-1
152	2.04087029E-1
803	2.04645955E-1
769	2.08011476E-1
980	2.08767812E-1
527	2.09043113E-1
685	2.09418815E-1
328	2.09831275E-1
418	2.10289644E-1
560	2.11447265E-1
825	2.11868641E-1
145	2.12758071E-1
840	2.14698033E-1
991	2.15629004E-1
500	2.16980308E-1
965	2.18307223E-1
200	2.18331432E-1
38	2.18435972E-1
615	2.20200966E-1
770	2.21027643E-1
30	2.2123374E-1
304	2.24323117E-1
863	2.26884999E-1
37	2.29184965E-1
208	2.29486513E-1
800	2.30405474E-1
89	2.30690917E-1
886	2.31694229E-1
286	2.32190495E-1
271	2.32297724E-1
426	2.32497476E-1
669	2.34528579E-1
442	2.35341218E-1
49	2.38653379E-1
417	2.4088729E-1
107	2.41615526E-1
305	2.42167792E-1
612	2.44681542E-1
132	2.46566428E-1
754	2.47586472E-1
495	2.48721731E-1
853	2.49712718E-1
796	2.49793838E-1
84	2.52125122E-1
807	2.53127159E-1
98	2.53812039E-1
820	2.56001521E-1
430	2.5745684E-1
470	2.57765733E-1
964	2.60305017E-1
346	2.60654467E-1
788	2.60717876E-1
155	2.62108698E-1
510	2.63033131E-1
141	2.63902617E-1
836	2.64610081E-1
79	2.65849053E-1
611	2.66172942E-1
837	2.67384587E-1
161	2.67598505E-1
640	2.67649493E-1
955	2.67815318E-1
234	2.71393583E-1
427	2.7232334E-1
690	2.72515771E-1
794	2.72697961E-1
534	2.78266155E-1
666	2.79380481E-1
921	2.80811293E-1
874	2.83565475E-1
869	2.86218651E-1
97	2.87174433E-1
732	2.8847745E-1
717	2.8931533E-1
406	2.90519715E-1
279	2.90922614E-1
451	2.93089309E-1
468	2.93304025E-1
810	2.94289032E-1
187	2.95188761E-1
593	2.95448253E-1
432	2.9556379E-1
113	2.9565358E-1
192	2.96573124E-1
580	2.97253838E-1
736	2.97921861E-1
297	2.98532544E-1
555	2.98535713E-1
42	2.9880972E-1
14	2.99610623E-1
193	2.99862139E-1
189	3.00870014E-1
711	3.01479859E-1
272	3.03704967E-1
517	3.0487833E-1
440	3.05499682E-1
625	3.06750107E-1
559	3.07921825E-1
549	3.10739679E-1
366	3.10977848E-1
331	3.12368956E-1
307	3.12819659E-1
578	3.13333551E-1
554	3.13545081E-1
652	3.1550925E-1
40	3.15861984E-1
603	3.16654479E-1
159	3.17480097E-1
1002	3.17979824E-1
130	3.19109908E-1
587	3.19346173E-1
931	3.19656058E-1
914	3.20754395E-1
523	3.23916087E-1
9	3.25353474E-1
195	3.25399199E-1
503	3.25731164E-1
694	3.26666428E-1
912	3.28920273E-1
848	3.29896016E-1
759	3.29931546E-1
437	3.31872799E-1
351	3.32072192E-1
843	3.32156019E-1
705	3.32843112E-1
568	3.33302496E-1
773	3.35210111E-1
975	3.35257775E-1
18	3.36316139E-1
326	3.37393053E-1
453	3.37582427E-1
255	3.38094569E-1
177	3.39053955E-1
683	3.39813921E-1
543	3.42310918E-1
845	3.43075959E-1
478	3.44096056E-1
631	3.44809155E-1
402	3.47928798E-1
167	3.4802816E-1
646	3.48299821E-1
699	3.48866116E-1
285	3.49585281E-1
353	3.51815557E-1
248	3.5217185E-1
319	3.52380975E-1
781	3.55327265E-1
725	3.57549344E-1
979	3.57801474E-1
455	3.59251802E-1
217	3.6071775E-1
865	3.60757248E-1
254	3.6269277E-1
570	3.64635277E-1
905	3.64712868E-1
900	3.66394977E-1
459	3.67755264E-1
215	3.67812969E-1
58	3.67927765E-1
121	3.71154293E-1
749	3.7228991E-1
69	3.72348156E-1
484	3.72396293E-1
482	3.74471607E-1
634	3.74560662E-1
80	3.7490252E-1
831	3.74965207E-1
16	3.77212422E-1
134	3.77808072E-1
505	3.78446224E-1
139	3.79515449E-1
635	3.80028795E-1
446	3.80110183E-1
382	3.80249141E-1
532	3.80412506E-1
658	3.8290414E-1
231	3.8412149E-1
449	3.85228244E-1
352	3.85716978E-1
689	3.86163116E-1
3	3.86759043E-1
739	3.86822516E-1
556	3.88432793E-1
799	3.90156852E-1
600	3.90837054E-1
613	3.90955761E-1
294	3.9102605E-1
349	3.91028579E-1
129	3.92211941E-1
330	3.92224576E-1
818	3.92443153E-1
860	3.93727558E-1
1007	3.94041768E-1
239	3.94978295E-1
548	3.96113232E-1
786	3.96235714E-1
507	3.9726012E-1
387	3.9963641E-1
90	4.00842322E-1
514	4.08271423E-1
454	4.08911404E-1
19	4.08947137E-1
27	4.09273717E-1
21	4.14649611E-1
546	4.15308301E-1
428	4.15490345E-1
64	4.16344528E-1
458	4.16588293E-1
421	4.16759357E-1
173	4.17172214E-1
935	4.17965692E-1
915	4.20302861E-1
342	4.21250046E-1
624	4.23069558E-1
338	4.24506769E-1
12	4.24872376E-1
903	4.25136571E-1
553	4.25896396E-1
833	4.29618823E-1
391	4.29799652E-1
360	4.31406542E-1
601	4.33382785E-1
674	4.33656688E-1
633	4.34096908E-1
53	4.34400174E-1
828	4.34765697E-1
713	4.34998676E-1
375	4.36297509E-1
489	4.36785251E-1
714	4.37437865E-1
191	4.37614357E-1
644	4.40290758E-1
988	4.43525423E-1
218	4.43664245E-1
299	4.4366821E-1
81	4.43880437E-1
927	4.44282789E-1
792	4.443779E-1
697	4.44401883E-1
547	4.44510601E-1
222	4.46559963E-1
928	4.47351251E-1
464	4.47941161E-1
973	4.48310498E-1
653	4.50807755E-1
573	4.53142011E-1
608	4.53317673E-1
716	4.53615865E-1
125	4.563506E-1
70	4.57242735E-1
108	4.58081563E-1
730	4.59859905E-1
441	4.60025538E-1
204	4.62773012E-1
993	4.63418718E-1
256	4.63830077E-1
329	4.65519443E-1
390	4.65520783E-1
746	4.67532209E-1
370	4.68187314E-1
168	4.68554089E-1
320	4.68971717E-1
795	4.71249048E-1
374	4.71754122E-1
873	4.72629725E-1
663	4.73573214E-1
563	4.76533979E-1
748	4.77143529E-1
910	4.81379811E-1
932	4.81878068E-1
322	4.83058866E-1
435	4.83093921E-1
1008	4.83101779E-1
288	4.83676479E-1
340	4.85773237E-1
498	4.86342051E-1
994	4.86397539E-1
39	4.86607602E-1
760	4.87318367E-1
871	4.87776299E-1
101	4.87852654E-1
619	4.88070936E-1
392	4.88170942E-1
908	4.89496235E-1
292	4.91221705E-1
893	4.91542551E-1
829	4.92313832E-1
216	4.92552958E-1
490	4.93029155E-1
811	4.95128037E-1
545	4.97077369E-1
282	4.9719944E-1
806	4.97618336E-1
404	4.98150034E-1
879	4.9832818E-1
687	4.98571279E-1
291	4.98909714E-1
32	4.99328815E-1
357	4.99870444E-1
557	5.00370709E-1
614	5.03307179E-1
412	5.03369253E-1
267	5.03427266E-1
242	5.04348245E-1
5	5.05288414E-1
821	5.07621851E-1
846	5.07703094E-1
684	5.09247548E-1
149	5.11217172E-1
317	5.12450962E-1
511	5.17755959E-1
469	5.17982748E-1
34	5.18329066E-1
6	5.18636088E-1
1012	5.19515908E-1
620	5.22958391E-1
127	5.23085971E-1
969	5.23684872E-1
174	5.26485457E-1
775	5.26996567E-1
303	5.27227367E-1
165	5.29865602E-1
645	5.30776749E-1
397	5.31808752E-1
445	5.32010747E-1
572	5.35914587E-1
128	5.36263276E-1
718	5.3760789E-1
913	5.37686529E-1
213	5.38224946E-1
263	5.39539392E-1
757	5.41469555E-1
929	5.42195885E-1
936	5.43689436E-1
659	5.453369E-1
266	5.4747403E-1
284	5.47692825E-1
261	5.48195941E-1
163	5.51942259E-1
987	5.5204268E-1
277	5.52918219E-1
100	5.53637952E-1
918	5.54950942E-1
77	5.55020648E-1
515	5.55167857E-1
756	5.56992653E-1
86	5.59839888E-1
87	5.60030458E-1
36	5.60513535E-1
710	5.61128914E-1
607	5.61499459E-1
17	5.6188689E-1
385	5.62362193E-1
118	5.63514609E-1
597	5.64232969E-1
765	5.64531321E-1
65	5.64614246E-1
281	5.65615786E-1
617	5.65745444E-1
516	5.66046467E-1
472	5.66147456E-1
695	5.66906537E-1
761	5.67487143E-1
93	5.67905456E-1
82	5.688966E-1
668	5.69653461E-1
521	5.69865132E-1
471	5.70085841E-1
367	5.73522087E-1
561	5.77235961E-1
867	5.78588982E-1
138	5.79595999E-1
700	5.80251828E-1
487	5.80765884E-1
315	5.82084254E-1
182	5.85008261E-1
755	5.85109248E-1
662	5.85838532E-1
596	5.86415681E-1
696	5.87743931E-1
906	5.87800164E-1
140	5.88335407E-1
868	5.88594084E-1
901	5.89698397E-1
188	5.93182429E-1
896	5.93900164E-1
648	5.95953961E-1
956	5.95960326E-1
481	5.96379445E-1
880	5.96707766E-1
934	5.96747361E-1
405	5.97089875E-1
335	5.97880888E-1
232	5.97938878E-1
767	5.98125461E-1
386	5.98981232E-1
649	5.99314848E-1
106	6.03703052E-1
734	6.03928714E-1
411	6.04598481E-1
779	6.05227829E-1
172	6.05664456E-1
425	6.06624452E-1
325	6.0720459E-1
664	6.08101076E-1
376	6.08237979E-1
175	6.08416405E-1
1009	6.09320389E-1
420	6.10537105E-1
1006	6.10543146E-1
246	6.1343995E-1
400	6.14152221E-1
7	6.15752286E-1
180	6.16638968E-1
409	6.17411347E-1
62	6.17759561E-1
11	6.20290241E-1
160	6.20566498E-1
497	6.21067296E-1
131	6.21217794E-1
486	6.21306804E-1
48	6.21795984E-1
933	6.2256085E-1
378	6.22880058E-1
858	6.2399617E-1
456	6.2527667E-1
709	6.26839048E-1
117	6.27946516E-1
250	6.28189717E-1
483	6.28427319E-1
524	6.2864356E-1
919	6.2912637E-1
276	6.29494953E-1
958	6.30972089E-1
494	6.31018921E-1
967	6.31611742E-1
480	6.33162034E-1
722	6.3439971E-1
198	6.35162014E-1
429	6.37212064E-1
105	6.37606829E-1
564	6.40113649E-1
66	6.40612953E-1
85	6.43460068E-1
627	6.43866029E-1
439	6.44501721E-1
394	6.45547423E-1
341	6.46289671E-1
618	6.4651398E-1
35	6.46747777E-1
733	6.47014907E-1
170	6.47456402E-1
990	6.51040838E-1
830	6.53178042E-1
50	6.5389962E-1
309	6.54512813E-1
598	6.54524152E-1
703	6.55646949E-1
859	6.5574382E-1
822	6.56453093E-1
302	6.574139E-1
206	6.57846011E-1
120	6.58863145E-1
183	6.58989673E-1
72	6.59099099E-1
870	6.61792462E-1
784	6.63298098E-1
164	6.63632781E-1
706	6.63863748E-1
364	6.63941782E-1
930	6.65225358E-1
643	6.6573389E-1
350	6.66947414E-1
691	6.6755845E-1
306	6.67991987E-1
595	6.71910568E-1
111	6.71958718E-1
365	6.72146024E-1
477	6.72191285E-1
209	6.72427015E-1
210	6.74606139E-1
940	6.75564019E-1
201	6.77722534E-1
504	6.78629912E-1
377	6.79191046E-1
724	6.80771585E-1
771	6.83125287E-1
842	6.8314918E-1
866	6.8588994E-1
628	6.86054245E-1
151	6.88858155E-1
236	6.90283509E-1
26	6.92387034E-1
957	6.92542213E-1
864	6.93272593E-1
264	6.94753359E-1
854	6.97091101E-1
179	6.97250883E-1
574	6.99254185E-1
1003	7.00218386E-1
157	7.00534584E-1
31	7.0089562E-1
571	7.01781107E-1
533	7.02670111E-1
876	7.03250345E-1
528	7.06895935E-1
148	7.07488311E-1
569	7.08465437E-1
851	7.0970353E-1
241	7.09878885E-1
637	7.09972299E-1
797	7.11189384E-1
641	7.12035459E-1
889	7.12380687E-1
258	7.12702313E-1
774	7.14905018E-1
116	7.14923359E-1
656	7.14960734E-1
502	7.18021982E-1
772	7.18195828E-1
403	7.19009584E-1
109	7.19418484E-1
704	7.21007596E-1
422	7.21260568E-1
885	7.21861805E-1
835	7.22256658E-1
171	7.22344465E-1
388	7.23208501E-1
536	7.23337069E-1
207	7.23375537E-1
290	7.2669988E-1
233	7.29967899E-1
639	7.31047034E-1
657	7.31731848E-1
872	7.31764301E-1
225	7.34156611E-1
721	7.34713847E-1
924	7.35057551E-1
63	7.36690379E-1
907	7.37820375E-1
78	7.37843206E-1
92	7.40858111E-1
963	7.41624175E-1
998	7.43208289E-1
136	7.44429566E-1
566	7.44719878E-1
142	7.44811847E-1
162	7.46788243E-1
661	7.47284698E-1
849	7.47400418E-1
273	7.51143216E-1
679	7.5150864E-1
1010	7.5283574E-1
379	7.5413573E-1
577	7.54662418E-1
883	7.57869454E-1
682	7.58812466E-1
491	7.58963646E-1
813	7.5987637E-1
817	7.60618131E-1
670	7.61026205E-1
452	7.62008756E-1
997	7.62398263E-1
968	7.63359003E-1
602	7.64826603E-1
298	7.6611593E-1
841	7.68046749E-1
176	7.69713887E-1
790	7.70103373E-1
438	7.70313512E-1
948	7.70321029E-1
0	7.70872547E-1
1014	7.73001039E-1
257	7.73837587E-1
333	7.80394983E-1
447	7.81308905E-1
251	7.82833813E-1
509	7.83182576E-1
702	7.83378524E-1
972	7.83509522E-1
758	7.84015499E-1
678	7.86435052E-1
265	7.86507862E-1
401	7.90539555E-1
550	7.90887095E-1
827	7.91037736E-1
395	7.92077477E-1
838	7.92763284E-1
701	7.94093505E-1
819	7.95349643E-1
961	7.96422664E-1
609	7.97831073E-1
275	7.97937842E-1
99	7.9893333E-1
582	7.99514607E-1
419	7.99551772E-1
23	7.99799922E-1
986	8.00334235E-1
984	8.01221342E-1
56	8.01519349E-1
720	8.02799238E-1
585	8.04379678E-1
356	8.04530754E-1
629	8.05214767E-1
96	8.06197328E-1
223	8.06449344E-1
355	8.0647451E-1
508	8.10100854E-1
450	8.12066717E-1
801	8.17038365E-1
535	8.1733016E-1
268	8.19260402E-1
122	8.2062532E-1
544	8.22164858E-1
153	8.24122992E-1
966	8.26639416E-1
926	8.26975665E-1
135	8.2743629E-1
875	8.2824976E-1
423	8.30944964E-1
158	8.31339218E-1
506	8.32477431E-1
46	8.34643256E-1
650	8.36110203E-1
197	8.37070478E-1
752	8.37281115E-1
1015	8.37290782E-1
475	8.40569666E-1
938	8.43756258E-1
1	8.44706547E-1
742	8.45692541E-1
630	8.45925632E-1
599	8.46317855E-1
937	8.48379088E-1
59	8.48563599E-1
313	8.49081732E-1
137	8.50952822E-1
76	8.5196726E-1
970	8.52973611E-1
768	8.56241944E-1
688	8.58274214E-1
978	8.59911594E-1
25	8.59941268E-1
904	8.60194697E-1
539	8.60847324E-1
959	8.62158E-1
622	8.62500189E-1
857	8.62784068E-1
124	8.63470244E-1
881	8.64513897E-1
253	8.68260833E-1
824	8.69037656E-1
33	8.73179919E-1
809	8.75212038E-1
741	8.75266548E-1
581	8.76049098E-1
473	8.77757229E-1
861	8.80962315E-1
68	8.81797815E-1
408	8.83633208E-1
606	8.84385498E-1
743	8.86014276E-1
647	8.86440164E-1
337	8.87723392E-1
715	8.87735402E-1
723	8.90427887E-1
133	8.90548758E-1
448	8.90702281E-1
982	8.90929443E-1
942	8.91285066E-1
398	8.92495609E-1
228	8.93686197E-1
531	8.93826645E-1
499	8.95889053E-1
316	8.96891518E-1
862	8.98493385E-1
950	8.98792289E-1
899	8.99197604E-1
877	9.00499667E-1
154	9.02343347E-1
626	9.02526826E-1
24	9.03627602E-1
61	9.04531514E-1
834	9.04587985E-1
202	9.05853642E-1
884	9.07480007E-1
708	9.08547311E-1
816	9.10444043E-1
712	9.11045265E-1
123	9.11314744E-1
789	9.11730728E-1
655	9.12660356E-1
28	9.12685987E-1
763	9.18461284E-1
444	9.19594716E-1
660	9.22175901E-1
8	9.23067346E-1
1016	9.24161154E-1
344	9.24422001E-1
156	9.2485227E-1
95	9.24980407E-1
462	9.25854125E-1
542	9.2732819E-1
1020	9.29096076E-1
518	9.34955438E-1
126	9.3531506E-1
110	9.35940413E-1
686	9.36359954E-1
589	9.3642236E-1
944	9.36913204E-1
492	9.38362959E-1
230	9.38995446E-1
898	9.41062057E-1
52	9.41507006E-1
576	9.41941683E-1
738	9.43097528E-1
334	9.4341065E-1
321	9.4350828E-1
804	9.4356827E-1
793	9.44019505E-1
359	9.44612509E-1
952	9.4462349E-1
10	9.45506951E-1
785	9.46322263E-1
249	9.48028666E-1
194	9.48200971E-1
88	9.52701516E-1
214	9.53594692E-1
636	9.54727611E-1
384	9.55100239E-1
753	9.55397622E-1
537	9.56912622E-1
943	9.58624497E-1
692	9.60347602E-1
766	9.60937841E-1
947	9.61974409E-1
2	9.62447318E-1
588	9.63172933E-1
616	9.64840025E-1
1005	9.6526164E-1
47	9.65357128E-1
621	9.65887426E-1
362	9.65971638E-1
977	9.66243905E-1
434	9.6769971E-1
675	9.6982537E-1
358	9.70149847E-1
280	9.7024756E-1
226	9.71082278E-1
244	9.71138367E-1
102	9.72498914E-1
185	9.74165244E-1
1017	9.74410988E-1
323	9.76036784E-1
565	9.7604646E-1
632	9.760546E-1
985	9.77382128E-1
143	9.77906101E-1
347	9.7816437E-1
665	9.79890566E-1
289	9.80283741E-1
211	9.80332104E-1
941	9.80960997E-1
293	9.81631293E-1
485	9.82003112E-1
681	9.83701996E-1
399	9.83843561E-1
345	9.85698806E-1
844	9.86012811E-1
278	9.87139126E-1
178	9.87290648E-1
324	9.9033618E-1
287	9.9099742E-1
654	9.92043423E-1
815	9.92544904E-1
737	9.92556405E-1
1021	9.93773444E-1
436	9.97193516E-1
457	9.97229252E-1
336	9.97297862E-1
1022	9.97633871E-1
1018	9.98095305E-1
693	9.99037665E-1
1023	9.99462687E-1
895	9.99681278E-1
1019	9.99999721E-1
