Name	chi2Pvalue
111	5.71846429E-4
176	9.29741513E-4
705	2.17462838E-3
309	3.88055174E-3
664	3.90195089E-3
49	4.12582385E-3
740	4.56477261E-3
443	4.95226452E-3
235	5.48348482E-3
390	5.67639148E-3
83	6.07542035E-3
317	6.29931152E-3
457	7.4765309E-3
432	7.68059604E-3
808	8.53307336E-3
559	8.67127479E-3
500	1.00449715E-2
690	1.11451088E-2
68	1.54408498E-2
512	1.57899496E-2
984	2.0107863E-2
196	2.06007187E-2
776	2.09273415E-2
575	2.11515823E-2
982	2.17605474E-2
276	2.18766303E-2
150	2.50016833E-2
545	2.56664421E-2
67	2.66121724E-2
202	2.68104007E-2
1	2.73565988E-2
681	2.76549399E-2
331	2.9375657E-2
731	3.04749105E-2
994	3.05914682E-2
275	3.32123613E-2
651	3.34462361E-2
774	3.38374757E-2
363	3.5835915E-2
990	3.72983068E-2
114	4.23024879E-2
205	4.31421324E-2
831	4.38234248E-2
262	4.58982033E-2
728	4.62661022E-2
609	4.62912835E-2
946	4.71150812E-2
71	4.79229451E-2
388	5.15437878E-2
286	5.51692733E-2
325	5.54545739E-2
606	5.64081489E-2
206	5.6616215E-2
687	5.67134655E-2
860	5.84758514E-2
161	5.92342507E-2
893	5.96365372E-2
965	6.11590987E-2
655	6.67544668E-2
451	6.72154649E-2
579	6.77196789E-2
223	6.78242398E-2
488	6.78399605E-2
39	7.00269357E-2
764	7.00799764E-2
160	7.02326243E-2
58	7.02360002E-2
327	7.11052845E-2
166	7.2340019E-2
996	7.25191459E-2
102	7.32002939E-2
902	7.44412781E-2
2	7.44818189E-2
341	7.5135058E-2
591	7.71769194E-2
792	7.79289778E-2
603	7.81189969E-2
750	7.82318952E-2
324	8.0108207E-2
32	8.0592147E-2
861	8.13982418E-2
86	8.21401625E-2
469	8.3497087E-2
992	8.57778229E-2
362	8.66906788E-2
360	8.74235746E-2
837	8.7645741E-2
962	8.79878484E-2
226	8.86751005E-2
97	8.96214434E-2
642	9.11585374E-2
541	9.16519668E-2
189	9.57800455E-2
672	9.90297873E-2
5	9.92817001E-2
269	1.00697142E-1
351	1.00789529E-1
833	1.01724154E-1
467	1.02501991E-1
515	1.0266082E-1
887	1.04916815E-1
719	1.05769408E-1
782	1.06540797E-1
48	1.08241907E-1
622	1.09315111E-1
883	1.09488272E-1
292	1.10500169E-1
588	1.10780812E-1
865	1.11511923E-1
472	1.12168218E-1
449	1.12574149E-1
742	1.13546801E-1
393	1.13953303E-1
503	1.14366051E-1
554	1.14635311E-1
125	1.15011256E-1
72	1.15769713E-1
498	1.16157032E-1
827	1.17426556E-1
431	1.17576201E-1
418	1.17638094E-1
218	1.18921443E-1
122	1.18938264E-1
820	1.19197615E-1
682	1.19517317E-1
273	1.19862788E-1
564	1.20172782E-1
81	1.20396737E-1
905	1.21508275E-1
434	1.2249083E-1
689	1.22802864E-1
52	1.23321974E-1
959	1.23450964E-1
73	1.24503349E-1
396	1.25213573E-1
724	1.25919139E-1
460	1.27946485E-1
34	1.28629491E-1
398	1.29708648E-1
765	1.29741925E-1
753	1.31308462E-1
35	1.3159921E-1
891	1.32587676E-1
899	1.32895569E-1
16	1.33094437E-1
100	1.33459543E-1
658	1.34580231E-1
953	1.35348554E-1
385	1.36060414E-1
93	1.37130042E-1
907	1.37574583E-1
366	1.37794317E-1
257	1.39024098E-1
285	1.40903441E-1
636	1.40916795E-1
778	1.41726765E-1
487	1.42178397E-1
848	1.42250298E-1
11	1.43405001E-1
354	1.43743537E-1
793	1.46011636E-1
966	1.46673955E-1
818	1.47812552E-1
141	1.49136913E-1
744	1.50349879E-1
343	1.50518928E-1
866	1.51910795E-1
55	1.52229866E-1
222	1.53859563E-1
569	1.57418419E-1
791	1.59565411E-1
832	1.60315918E-1
520	1.61224863E-1
314	1.61358169E-1
119	1.61935544E-1
76	1.62482168E-1
826	1.63358354E-1
757	1.63606635E-1
552	1.64052894E-1
112	1.64513785E-1
155	1.64888614E-1
856	1.65345617E-1
919	1.65382015E-1
323	1.66247242E-1
572	1.67259414E-1
749	1.69768188E-1
713	1.70793962E-1
200	1.71341078E-1
646	1.71418779E-1
594	1.71470256E-1
142	1.71500212E-1
886	1.71630609E-1
823	1.71909097E-1
903	1.73542463E-1
427	1.73570263E-1
87	1.74900127E-1
876	1.75977385E-1
476	1.76159902E-1
538	1.76456852E-1
755	1.80393762E-1
673	1.82136452E-1
733	1.82910348E-1
801	1.85358157E-1
828	1.86004492E-1
952	1.86231256E-1
15	1.89741727E-1
481	1.92226937E-1
525	1.93228413E-1
768	1.9324235E-1
721	1.95568111E-1
468	1.97585695E-1
581	1.98433912E-1
183	1.98781335E-1
3	1.98837345E-1
726	1.98942158E-1
136	1.99088703E-1
885	1.99190393E-1
403	2.00212021E-1
781	2.00379007E-1
33	2.0329925E-1
743	2.06164827E-1
835	2.06390897E-1
450	2.06740337E-1
583	2.07694991E-1
147	2.08498098E-1
301	2.10645075E-1
302	2.11103168E-1
220	2.11297793E-1
313	2.11360091E-1
446	2.12193938E-1
763	2.14249345E-1
896	2.15752728E-1
291	2.16873372E-1
116	2.17247022E-1
704	2.17577757E-1
652	2.17932536E-1
600	2.20700862E-1
884	2.21042119E-1
836	2.24114304E-1
9	2.24587094E-1
280	2.25622852E-1
373	2.25809432E-1
772	2.26269191E-1
694	2.26556016E-1
322	2.26615651E-1
491	2.26989836E-1
951	2.28455957E-1
730	2.31893092E-1
580	2.31893815E-1
619	2.34374142E-1
813	2.34741468E-1
988	2.36152779E-1
42	2.36660989E-1
522	2.37684312E-1
153	2.40278369E-1
895	2.43424842E-1
928	2.44975131E-1
822	2.46832155E-1
863	2.47706996E-1
115	2.48582449E-1
18	2.50028593E-1
326	2.50115654E-1
1007	2.51753515E-1
851	2.52731003E-1
193	2.52891928E-1
698	2.53347902E-1
530	2.55862567E-1
91	2.56409595E-1
892	2.57464565E-1
537	2.58142857E-1
465	2.59764675E-1
806	2.6005155E-1
25	2.60431482E-1
798	2.62982098E-1
853	2.63214904E-1
555	2.63415993E-1
78	2.63519248E-1
614	2.63632463E-1
838	2.6389116E-1
75	2.65307603E-1
1001	2.65374123E-1
352	2.6622086E-1
303	2.68869094E-1
787	2.70145186E-1
679	2.70888542E-1
625	2.71462259E-1
319	2.72020157E-1
849	2.72072412E-1
970	2.74659999E-1
40	2.748335E-1
261	2.75503656E-1
532	2.78166216E-1
788	2.80840026E-1
706	2.82459393E-1
456	2.82627715E-1
148	2.84364043E-1
253	2.84427682E-1
330	2.85554871E-1
92	2.8620584E-1
732	2.86429977E-1
671	2.87049254E-1
448	2.87163527E-1
23	2.87666511E-1
741	2.87681083E-1
497	2.87778198E-1
840	2.89048551E-1
271	2.89195346E-1
310	2.89888487E-1
64	2.9023929E-1
293	2.90344192E-1
61	2.92810235E-1
674	2.93376247E-1
243	2.96923397E-1
1012	2.97182407E-1
556	2.9749594E-1
1016	3.00650785E-1
219	3.01037951E-1
585	3.0315775E-1
727	3.03990685E-1
340	3.04860992E-1
916	3.05778074E-1
707	3.05946431E-1
958	3.06148608E-1
770	3.10459517E-1
88	3.1089459E-1
411	3.12343998E-1
27	3.12400971E-1
106	3.1484569E-1
956	3.15296285E-1
874	3.16071876E-1
103	3.16665293E-1
802	3.18120897E-1
229	3.18291609E-1
1000	3.18621929E-1
54	3.22098161E-1
175	3.22956089E-1
353	3.2311662E-1
423	3.23198897E-1
56	3.23427905E-1
124	3.25059722E-1
338	3.25260042E-1
870	3.27438909E-1
228	3.28466311E-1
505	3.2956631E-1
380	3.32232929E-1
710	3.35506675E-1
923	3.3556646E-1
6	3.3569116E-1
180	3.3796458E-1
410	3.39826238E-1
922	3.39841326E-1
696	3.40943199E-1
356	3.43838331E-1
20	3.47048967E-1
439	3.4742099E-1
1004	3.47708977E-1
882	3.47857837E-1
722	3.48095299E-1
595	3.48399531E-1
720	3.49538029E-1
508	3.50295158E-1
519	3.51120981E-1
769	3.52611533E-1
746	3.54409808E-1
409	3.54623139E-1
960	3.55894756E-1
676	3.56685722E-1
238	3.57415879E-1
550	3.58004563E-1
685	3.59700124E-1
635	3.60635261E-1
433	3.62983661E-1
30	3.63466595E-1
321	3.64504756E-1
474	3.66164746E-1
745	3.6682984E-1
627	3.67337875E-1
974	3.6737379E-1
145	3.68612601E-1
631	3.70267189E-1
531	3.70823331E-1
650	3.73202482E-1
864	3.73856553E-1
819	3.73938541E-1
586	3.74402392E-1
773	3.74485069E-1
195	3.76858762E-1
543	3.77020022E-1
871	3.77641057E-1
28	3.81454611E-1
371	3.81654661E-1
963	3.83049232E-1
517	3.83354113E-1
1010	3.87468469E-1
249	3.91803476E-1
364	3.92862068E-1
514	3.94471372E-1
99	3.94823136E-1
637	3.94827586E-1
811	3.94950421E-1
267	3.95366476E-1
709	3.95648449E-1
259	3.96070321E-1
346	3.96143445E-1
981	3.98881028E-1
521	4.00525231E-1
670	4.02347872E-1
104	4.02412961E-1
435	4.03578924E-1
190	4.03900743E-1
480	4.04883578E-1
640	4.0742027E-1
1020	4.09044374E-1
425	4.10582069E-1
179	4.11971588E-1
483	4.12255703E-1
429	4.14487849E-1
858	4.15751354E-1
288	4.15792451E-1
839	4.1749863E-1
767	4.18996597E-1
777	4.19422729E-1
108	4.21165992E-1
761	4.23478182E-1
484	4.2455269E-1
349	4.24566043E-1
815	4.28179666E-1
334	4.28559997E-1
542	4.31273878E-1
607	4.31500592E-1
611	4.33442503E-1
592	4.34526795E-1
867	4.35159528E-1
312	4.35572166E-1
143	4.3602232E-1
413	4.37579252E-1
170	4.37725566E-1
192	4.39504812E-1
686	4.39513936E-1
57	4.40951995E-1
211	4.41241974E-1
437	4.42597229E-1
146	4.46922139E-1
46	4.4745045E-1
412	4.47656614E-1
560	4.47771262E-1
287	4.48111457E-1
638	4.48945195E-1
256	4.5167358E-1
775	4.52234333E-1
184	4.52348596E-1
610	4.52739728E-1
800	4.53325279E-1
65	4.54409696E-1
553	4.56406168E-1
909	4.57663134E-1
736	4.58327039E-1
620	4.58548657E-1
258	4.5898475E-1
751	4.59697469E-1
415	4.60581544E-1
177	4.60871795E-1
506	4.61471775E-1
568	4.61665375E-1
370	4.61974451E-1
653	4.62617482E-1
440	4.62768086E-1
368	4.62938078E-1
926	4.63985419E-1
660	4.65021437E-1
628	4.65122364E-1
204	4.67007931E-1
436	4.6761916E-1
624	4.69426896E-1
597	4.69462978E-1
546	4.69823267E-1
915	4.70610119E-1
263	4.73740861E-1
649	4.76344011E-1
165	4.76519821E-1
213	4.78214627E-1
241	4.78438814E-1
999	4.82064396E-1
830	4.82970102E-1
695	4.83527451E-1
8	4.84208701E-1
969	4.85148407E-1
598	4.86124017E-1
880	4.87533163E-1
758	4.88079842E-1
557	4.89344831E-1
4	4.89927269E-1
131	4.90322933E-1
475	4.90943932E-1
539	4.91214297E-1
921	4.91635707E-1
626	4.91830403E-1
941	4.92540408E-1
140	4.94797577E-1
715	4.9514651E-1
677	4.95388511E-1
181	4.97276801E-1
612	4.97680389E-1
297	5.00631368E-1
414	5.00886379E-1
703	5.01437898E-1
604	5.01663596E-1
187	5.02092279E-1
328	5.02385474E-1
207	5.03276146E-1
780	5.04106186E-1
279	5.05364803E-1
573	5.06435399E-1
298	5.06493735E-1
496	5.076772E-1
37	5.08475428E-1
868	5.09360352E-1
284	5.10117604E-1
997	5.12940082E-1
406	5.13186524E-1
702	5.13965244E-1
748	5.15779621E-1
654	5.16364557E-1
217	5.19355835E-1
738	5.1997009E-1
873	5.20098705E-1
44	5.20726791E-1
117	5.22051953E-1
816	5.22248147E-1
825	5.23397779E-1
859	5.23645477E-1
21	5.23847599E-1
417	5.25925521E-1
971	5.25947106E-1
812	5.26439466E-1
374	5.28211413E-1
96	5.28456214E-1
194	5.28545548E-1
172	5.29900419E-1
985	5.31169766E-1
447	5.31388119E-1
601	5.31982912E-1
421	5.32523734E-1
445	5.32733544E-1
855	5.3411396E-1
998	5.34563857E-1
567	5.34870877E-1
38	5.36695737E-1
875	5.37475327E-1
209	5.37772706E-1
167	5.40926287E-1
735	5.41550807E-1
897	5.43210455E-1
898	5.45292577E-1
198	5.45391812E-1
444	5.47115756E-1
663	5.47286867E-1
237	5.47765775E-1
1003	5.48158283E-1
129	5.48655553E-1
847	5.48870463E-1
872	5.49527155E-1
442	5.51478991E-1
912	5.51494736E-1
961	5.52570702E-1
272	5.5325364E-1
879	5.53281828E-1
1009	5.54417041E-1
420	5.54849043E-1
495	5.55232881E-1
940	5.55683508E-1
562	5.55872941E-1
576	5.56358249E-1
265	5.56472511E-1
478	5.57552823E-1
163	5.58504758E-1
395	5.58917236E-1
913	5.59698533E-1
274	5.61086629E-1
384	5.61632057E-1
233	5.62285393E-1
917	5.62389714E-1
639	5.63168991E-1
355	5.63804961E-1
157	5.64890509E-1
975	5.65855729E-1
1021	5.65916573E-1
94	5.67203132E-1
991	5.6870836E-1
565	5.68931062E-1
878	5.69290781E-1
22	5.715994E-1
708	5.72454174E-1
783	5.73649529E-1
51	5.74619247E-1
608	5.75027617E-1
700	5.75863816E-1
144	5.76170886E-1
350	5.76509833E-1
659	5.77187048E-1
518	5.78033304E-1
973	5.7894444E-1
599	5.78960779E-1
294	5.80894578E-1
528	5.8241663E-1
995	5.82425386E-1
479	5.84123412E-1
453	5.84692858E-1
979	5.86014639E-1
264	5.87447601E-1
318	5.87633936E-1
939	5.88581131E-1
844	5.9057956E-1
852	5.90721729E-1
485	5.92586505E-1
684	5.95332198E-1
795	5.95837562E-1
987	5.97729729E-1
428	5.98290371E-1
662	5.98350498E-1
544	5.98636917E-1
633	5.99725516E-1
232	6.01965099E-1
252	6.02783202E-1
462	6.03384601E-1
1002	6.03415388E-1
210	6.03692424E-1
173	6.03800775E-1
945	6.04401827E-1
754	6.04739261E-1
666	6.06509227E-1
245	6.08319029E-1
164	6.08764457E-1
908	6.08987248E-1
756	6.09230756E-1
957	6.10428853E-1
134	6.11749446E-1
785	6.11976041E-1
929	6.13017894E-1
107	6.13052415E-1
246	6.1449722E-1
36	6.14699921E-1
561	6.15287654E-1
947	6.18323856E-1
1015	6.19648194E-1
809	6.20699843E-1
248	6.22329414E-1
683	6.22632467E-1
647	6.23171862E-1
661	6.23933595E-1
950	6.24443257E-1
424	6.24509199E-1
1006	6.24640674E-1
593	6.26578982E-1
665	6.26795791E-1
571	6.29043034E-1
169	6.30041226E-1
191	6.34057363E-1
527	6.36701601E-1
533	6.3670727E-1
344	6.36846895E-1
182	6.37449362E-1
843	6.37637337E-1
53	6.38277494E-1
247	6.38541973E-1
79	6.38962602E-1
526	6.40387482E-1
60	6.41695585E-1
422	6.42051448E-1
335	6.42854383E-1
400	6.42969786E-1
174	6.44405187E-1
278	6.44626897E-1
918	6.44833508E-1
377	6.45354818E-1
737	6.46251193E-1
7	6.46523179E-1
168	6.47233118E-1
943	6.47307515E-1
942	6.48907224E-1
841	6.49900611E-1
602	6.54197885E-1
397	6.545324E-1
185	6.54803216E-1
725	6.57420175E-1
31	6.59579303E-1
90	6.60476322E-1
1017	6.64119696E-1
152	6.64282879E-1
255	6.66355952E-1
70	6.67476295E-1
616	6.68045353E-1
613	6.68140449E-1
10	6.68373558E-1
17	6.68422323E-1
266	6.69986974E-1
149	6.70556965E-1
260	6.71427846E-1
162	6.71840416E-1
477	6.72843253E-1
121	6.73106149E-1
378	6.74245264E-1
504	6.74445638E-1
904	6.76652633E-1
786	6.77204962E-1
221	6.78123187E-1
657	6.79868867E-1
332	6.80390922E-1
386	6.82118368E-1
850	6.84438992E-1
846	6.84795172E-1
688	6.85376108E-1
1019	6.87480924E-1
680	6.88514495E-1
208	6.92284826E-1
454	6.92350386E-1
50	6.93272421E-1
596	6.95372328E-1
199	6.97774863E-1
986	6.98727628E-1
784	6.98966755E-1
63	7.01175286E-1
320	7.01838375E-1
699	7.02762504E-1
869	7.02848124E-1
937	7.03907616E-1
693	7.04814094E-1
938	7.04959375E-1
964	7.05600164E-1
82	7.07077354E-1
84	7.07413597E-1
834	7.08458823E-1
829	7.1005985E-1
582	7.11587216E-1
691	7.11724953E-1
718	7.13559257E-1
268	7.14371839E-1
201	7.1439688E-1
934	7.14585619E-1
799	7.17917692E-1
339	7.18855447E-1
511	7.18921265E-1
381	7.19558872E-1
630	7.20806119E-1
389	7.2344934E-1
1014	7.23474664E-1
507	7.23566625E-1
135	7.23724863E-1
29	7.24802859E-1
889	7.28313687E-1
584	7.29739599E-1
980	7.37754692E-1
375	7.38055112E-1
151	7.38924337E-1
857	7.39096647E-1
216	7.3919737E-1
345	7.41509999E-1
1013	7.41917386E-1
747	7.42359854E-1
188	7.44182614E-1
26	7.45769828E-1
789	7.45964482E-1
458	7.46111523E-1
716	7.47618533E-1
251	7.50883134E-1
669	7.52674977E-1
215	7.54193924E-1
289	7.55475714E-1
250	7.55612728E-1
656	7.57943942E-1
925	7.61202372E-1
668	7.61849412E-1
130	7.65117345E-1
692	7.6777732E-1
387	7.68613931E-1
644	7.69320924E-1
817	7.69829568E-1
1008	7.71946951E-1
944	7.7291896E-1
729	7.72955668E-1
739	7.73139766E-1
459	7.74140506E-1
771	7.74844293E-1
127	7.7646985E-1
1011	7.79460398E-1
337	7.79905323E-1
308	7.81293113E-1
120	7.83137037E-1
927	7.84012647E-1
158	7.84128614E-1
128	7.85043858E-1
697	7.85751325E-1
566	7.85765427E-1
629	7.85771602E-1
299	7.85802508E-1
499	7.86001083E-1
80	7.87020659E-1
549	7.89363757E-1
894	7.90676219E-1
641	7.90689739E-1
888	7.91195053E-1
224	7.91462306E-1
821	7.92996441E-1
277	7.93494516E-1
372	7.93615347E-1
348	7.94848313E-1
43	7.96470626E-1
1023	7.96692865E-1
759	7.97490245E-1
1018	7.97659079E-1
171	7.98596073E-1
890	7.98785696E-1
933	7.98949831E-1
214	7.99369674E-1
510	8.00000432E-1
367	8.01705853E-1
281	8.02306809E-1
779	8.02826921E-1
804	8.03830737E-1
404	8.03936342E-1
955	8.04601739E-1
935	8.04725676E-1
239	8.04904569E-1
881	8.06206465E-1
359	8.069268E-1
230	8.07956543E-1
675	8.08811593E-1
797	8.09487837E-1
405	8.09643334E-1
712	8.1106649E-1
989	8.11860367E-1
632	8.13007868E-1
441	8.13551652E-1
290	8.14511103E-1
159	8.15374009E-1
524	8.15594622E-1
473	8.16251957E-1
254	8.16615842E-1
617	8.18139673E-1
242	8.18922707E-1
316	8.2281304E-1
24	8.24169385E-1
197	8.25358049E-1
98	8.26770414E-1
570	8.27756458E-1
516	8.30654942E-1
766	8.32424275E-1
762	8.33914075E-1
376	8.34049323E-1
408	8.36171493E-1
14	8.37755905E-1
315	8.38007828E-1
618	8.38096944E-1
621	8.40257103E-1
227	8.40404505E-1
563	8.40715929E-1
807	8.40835619E-1
587	8.41980929E-1
854	8.42475098E-1
489	8.42489108E-1
493	8.42975002E-1
794	8.48118624E-1
77	8.48504385E-1
461	8.48600522E-1
113	8.51894051E-1
978	8.52858564E-1
19	8.53554282E-1
910	8.53738851E-1
12	8.53883166E-1
723	8.53928721E-1
501	8.53940456E-1
89	8.54284464E-1
648	8.54500343E-1
240	8.56013268E-1
306	8.57663166E-1
1005	8.58788631E-1
976	8.59369389E-1
535	8.59443069E-1
634	8.6110895E-1
643	8.61415279E-1
69	8.63375359E-1
426	8.64494132E-1
954	8.64537524E-1
615	8.64849773E-1
407	8.66524811E-1
924	8.67038042E-1
296	8.67358292E-1
914	8.6751347E-1
711	8.70089614E-1
931	8.7099912E-1
803	8.71328662E-1
678	8.71678054E-1
438	8.71850585E-1
282	8.71872145E-1
347	8.72971065E-1
178	8.74402911E-1
547	8.74780643E-1
430	8.76996083E-1
361	8.77244755E-1
911	8.78037104E-1
342	8.78203351E-1
365	8.78218515E-1
993	8.79101959E-1
138	8.79380962E-1
236	8.79401357E-1
466	8.81776241E-1
329	8.81791175E-1
932	8.83776497E-1
231	8.85263133E-1
714	8.86726967E-1
234	8.8906671E-1
391	8.89675566E-1
203	8.90790104E-1
667	8.91271625E-1
534	8.91581634E-1
578	8.95414737E-1
358	8.96405894E-1
482	8.97167427E-1
930	8.97351671E-1
949	8.98388352E-1
548	8.98808544E-1
523	9.01286863E-1
734	9.01442563E-1
156	9.03660244E-1
494	9.05786703E-1
558	9.09514962E-1
392	9.101811E-1
357	9.1070622E-1
464	9.12037507E-1
845	9.13429827E-1
790	9.17471801E-1
336	9.18131111E-1
307	9.18756474E-1
760	9.19172752E-1
225	9.22015907E-1
59	9.23134479E-1
311	9.24867937E-1
701	9.26786145E-1
972	9.27447843E-1
513	9.27781589E-1
824	9.27993518E-1
752	9.28015904E-1
66	9.28137314E-1
529	9.2815702E-1
382	9.28683226E-1
105	9.29054507E-1
463	9.3458405E-1
577	9.34910505E-1
492	9.35804959E-1
399	9.36543693E-1
154	9.37127502E-1
983	9.38214489E-1
45	9.38589273E-1
605	9.3976404E-1
901	9.4017189E-1
95	9.43312729E-1
814	9.4385264E-1
810	9.45618257E-1
394	9.4587317E-1
0	9.46534378E-1
948	9.46758546E-1
383	9.47459033E-1
623	9.4803314E-1
645	9.4916395E-1
1022	9.5090171E-1
490	9.50974372E-1
419	9.51368357E-1
452	9.51540761E-1
842	9.52146782E-1
540	9.53844755E-1
13	9.53900421E-1
47	9.56323199E-1
139	9.56330387E-1
109	9.56359876E-1
471	9.5872958E-1
123	9.60192462E-1
968	9.60622848E-1
101	9.61059077E-1
717	9.62175087E-1
862	9.64427651E-1
305	9.64798771E-1
589	9.67551188E-1
62	9.67657019E-1
574	9.6776854E-1
900	9.70123115E-1
126	9.70660381E-1
110	9.71074645E-1
74	9.71435949E-1
486	9.73782688E-1
85	9.76159702E-1
132	9.77292453E-1
186	9.79099947E-1
304	9.79174167E-1
936	9.79483106E-1
333	9.79917292E-1
455	9.83334501E-1
470	9.83375833E-1
212	9.83517084E-1
244	9.84626114E-1
977	9.8607644E-1
41	9.87335679E-1
877	9.87482281E-1
416	9.87570354E-1
402	9.88700128E-1
133	9.89111627E-1
118	9.90024586E-1
379	9.91392636E-1
509	9.91433376E-1
536	9.92291958E-1
805	9.93696204E-1
906	9.94841519E-1
295	9.9635465E-1
270	9.97134315E-1
401	9.98095339E-1
137	9.98132594E-1
300	9.98689415E-1
551	9.99068705E-1
502	9.99422573E-1
796	9.99797603E-1
967	9.99931054E-1
