Name	chi2Pvalue
971	2.13629318E-4
684	2.98240593E-4
734	2.07661759E-3
702	2.24602259E-3
145	2.68301424E-3
881	3.99965357E-3
353	4.48152808E-3
181	5.51419906E-3
208	5.73033873E-3
211	6.74615959E-3
250	7.82904348E-3
313	7.89589399E-3
212	8.00191958E-3
674	9.08002209E-3
973	9.08271122E-3
262	9.70030108E-3
912	1.05825455E-2
172	1.07716342E-2
696	1.20023441E-2
128	1.23984656E-2
444	1.33066007E-2
104	1.41301351E-2
247	1.46581751E-2
743	1.48333475E-2
506	1.49943393E-2
681	1.6367036E-2
537	1.94157548E-2
719	1.99850659E-2
119	2.01697152E-2
507	2.13047864E-2
584	2.23205181E-2
135	2.35104739E-2
343	2.35156977E-2
183	2.46763187E-2
117	2.57697854E-2
239	2.59623334E-2
105	3.04367752E-2
963	3.15969197E-2
270	3.17148737E-2
709	3.24273148E-2
689	3.27108314E-2
440	3.37751239E-2
668	3.44429321E-2
218	3.61975849E-2
452	3.65678227E-2
938	3.65689086E-2
39	3.79046892E-2
970	3.81261572E-2
393	3.89215648E-2
279	3.92152588E-2
624	4.3895631E-2
38	4.4412646E-2
182	4.53842627E-2
164	4.58212791E-2
643	4.68434065E-2
186	4.73546634E-2
978	4.74507806E-2
457	4.76093284E-2
227	4.93249292E-2
727	5.03025751E-2
193	5.06348186E-2
780	5.07752373E-2
793	5.14910755E-2
706	5.19310928E-2
747	5.3550452E-2
223	5.82408538E-2
493	5.83908108E-2
509	5.86440067E-2
413	5.88223834E-2
160	6.07422341E-2
508	6.08517398E-2
312	6.08601237E-2
245	6.1300411E-2
12	6.46554224E-2
126	6.47883988E-2
1011	6.57562841E-2
679	6.65784629E-2
878	6.66457707E-2
146	6.66663148E-2
699	6.77944097E-2
30	6.82135953E-2
767	6.86073507E-2
608	7.07681914E-2
636	7.17151806E-2
431	7.52307588E-2
451	7.57524817E-2
180	7.65615133E-2
622	7.70690454E-2
421	7.83886611E-2
395	7.8777741E-2
644	7.88530466E-2
667	8.19661021E-2
354	8.26440585E-2
80	8.28683101E-2
332	8.323887E-2
238	8.37915116E-2
586	8.51083543E-2
402	8.54280476E-2
93	8.67535007E-2
560	8.70857599E-2
1006	8.80865133E-2
660	8.90353145E-2
609	9.07832195E-2
765	9.22813397E-2
619	9.31268893E-2
792	9.37850969E-2
342	9.50462489E-2
101	9.68247762E-2
688	9.74026805E-2
811	9.78207947E-2
836	9.80087147E-2
708	9.85521454E-2
189	9.92606303E-2
845	1.00799894E-1
465	1.01823074E-1
401	1.04565341E-1
648	1.05240678E-1
815	1.05451355E-1
606	1.05477473E-1
652	1.05653614E-1
501	1.07810401E-1
748	1.08420239E-1
51	1.08614135E-1
3	1.10742016E-1
91	1.12093145E-1
770	1.12587867E-1
481	1.17315275E-1
512	1.17641661E-1
149	1.18839937E-1
882	1.19390316E-1
834	1.2200788E-1
73	1.23219947E-1
771	1.23848144E-1
923	1.25302028E-1
848	1.2569244E-1
865	1.25722659E-1
77	1.27177662E-1
324	1.27492992E-1
144	1.2756939E-1
409	1.29637841E-1
112	1.31111023E-1
41	1.31162591E-1
740	1.3168924E-1
710	1.32235555E-1
496	1.32867616E-1
692	1.33093926E-1
516	1.33151007E-1
427	1.33313399E-1
664	1.33714138E-1
246	1.355421E-1
8	1.36158067E-1
798	1.36350715E-1
228	1.36478144E-1
683	1.37346342E-1
543	1.38456208E-1
551	1.38578067E-1
784	1.39775881E-1
336	1.40757832E-1
236	1.41260527E-1
188	1.42890489E-1
916	1.44553322E-1
196	1.44730795E-1
231	1.45100489E-1
45	1.45135724E-1
993	1.48148941E-1
530	1.50865585E-1
514	1.51452051E-1
349	1.54565411E-1
152	1.55072048E-1
914	1.56748623E-1
36	1.57109008E-1
417	1.5727717E-1
567	1.57912916E-1
497	1.58613439E-1
810	1.59437418E-1
633	1.62903963E-1
326	1.64151461E-1
98	1.64203207E-1
697	1.646162E-1
762	1.66069516E-1
111	1.66349113E-1
138	1.68697245E-1
884	1.68815472E-1
491	1.68965501E-1
645	1.70688577E-1
420	1.71321543E-1
750	1.7317058E-1
392	1.75984855E-1
190	1.76078341E-1
288	1.7610807E-1
816	1.77724589E-1
498	1.77740666E-1
651	1.77803941E-1
883	1.8000794E-1
843	1.80581659E-1
948	1.82541728E-1
301	1.82908663E-1
177	1.82959257E-1
903	1.83886925E-1
954	1.85334215E-1
741	1.85505206E-1
536	1.85840543E-1
564	1.86007731E-1
776	1.90281921E-1
482	1.91113311E-1
132	1.91543062E-1
1001	1.9366549E-1
230	1.94311296E-1
396	1.95761448E-1
891	1.95919334E-1
89	1.97311951E-1
131	1.97406132E-1
785	1.98113811E-1
656	1.99757426E-1
484	1.99938328E-1
858	2.01169813E-1
171	2.02554454E-1
415	2.02630544E-1
55	2.04290184E-1
106	2.04397062E-1
1008	2.05673587E-1
505	2.06215398E-1
905	2.06752617E-1
752	2.0761189E-1
730	2.07944997E-1
47	2.07946868E-1
759	2.08997143E-1
979	2.13078614E-1
429	2.13537156E-1
299	2.14044521E-1
28	2.14255379E-1
965	2.15342063E-1
956	2.16151234E-1
519	2.16676846E-1
749	2.16842701E-1
552	2.17422509E-1
604	2.18130708E-1
450	2.18166314E-1
744	2.18311126E-1
549	2.18844039E-1
259	2.19051558E-1
917	2.2077576E-1
346	2.23774417E-1
906	2.23829224E-1
824	2.24423026E-1
202	2.25148618E-1
874	2.2875978E-1
625	2.33679459E-1
742	2.33998467E-1
778	2.34431557E-1
857	2.37030784E-1
957	2.38843932E-1
571	2.40095469E-1
1023	2.40336388E-1
983	2.41769788E-1
726	2.41782888E-1
46	2.41836063E-1
969	2.42950603E-1
318	2.4306648E-1
623	2.44771292E-1
156	2.45893669E-1
76	2.46260781E-1
583	2.474435E-1
197	2.47512119E-1
773	2.48119709E-1
476	2.49369213E-1
547	2.51000851E-1
66	2.53130341E-1
90	2.54402319E-1
463	2.56555125E-1
602	2.5683807E-1
937	2.5753096E-1
380	2.59020728E-1
0	2.60567204E-1
102	2.61824538E-1
441	2.62448194E-1
114	2.63445294E-1
345	2.64173757E-1
889	2.65283788E-1
568	2.67205026E-1
296	2.72139041E-1
823	2.72164427E-1
841	2.7248362E-1
913	2.72523962E-1
226	2.73198486E-1
779	2.73214128E-1
323	2.76119336E-1
264	2.76406162E-1
403	2.77505609E-1
716	2.78941253E-1
774	2.81331944E-1
532	2.81639147E-1
630	2.81640613E-1
654	2.81772576E-1
477	2.81790273E-1
647	2.82285513E-1
241	2.82439156E-1
191	2.86356603E-1
461	2.90122794E-1
925	2.90154903E-1
964	2.90624118E-1
871	2.91672867E-1
370	2.9285005E-1
613	2.93169684E-1
167	2.94227686E-1
472	2.95216432E-1
317	2.95985877E-1
725	2.96176753E-1
904	2.97429137E-1
64	3.00902403E-1
110	3.01012877E-1
868	3.0170123E-1
483	3.02632477E-1
474	3.02641073E-1
95	3.03393476E-1
136	3.04452455E-1
672	3.04962493E-1
339	3.06183588E-1
661	3.07961189E-1
944	3.08057588E-1
460	3.08585401E-1
572	3.08729591E-1
538	3.09261341E-1
849	3.10155434E-1
866	3.1069877E-1
968	3.11423059E-1
975	3.12532976E-1
1	3.12666542E-1
828	3.13747765E-1
92	3.16637481E-1
278	3.17102037E-1
761	3.18917844E-1
517	3.19051364E-1
291	3.19514838E-1
867	3.21004288E-1
685	3.2100767E-1
397	3.22299352E-1
271	3.2245131E-1
316	3.22923232E-1
453	3.23396577E-1
663	3.27214734E-1
377	3.27985473E-1
394	3.29036654E-1
756	3.29205964E-1
88	3.30252584E-1
930	3.30772332E-1
60	3.31547186E-1
909	3.31674857E-1
268	3.34422693E-1
534	3.3520983E-1
952	3.3622138E-1
480	3.36795058E-1
469	3.37783742E-1
721	3.38319949E-1
732	3.39778855E-1
139	3.41446526E-1
980	3.4177382E-1
56	3.46980387E-1
265	3.49115999E-1
575	3.50199626E-1
248	3.50504125E-1
284	3.50887134E-1
524	3.5146753E-1
437	3.51896622E-1
852	3.53407555E-1
58	3.54456725E-1
838	3.54501318E-1
777	3.5458033E-1
384	3.54590685E-1
591	3.54887138E-1
892	3.55387573E-1
693	3.56313802E-1
455	3.56875636E-1
665	3.57520533E-1
195	3.58465148E-1
829	3.58829034E-1
635	3.60360755E-1
819	3.60584872E-1
703	3.62449635E-1
500	3.63031391E-1
435	3.63570442E-1
541	3.63776495E-1
204	3.63882246E-1
995	3.64937957E-1
7	3.65059659E-1
334	3.66094354E-1
612	3.66532057E-1
873	3.67825903E-1
539	3.70347994E-1
715	3.70610531E-1
331	3.72278168E-1
669	3.72504945E-1
879	3.75045437E-1
1007	3.75377936E-1
277	3.76003228E-1
704	3.78065295E-1
737	3.78250205E-1
835	3.78519104E-1
1017	3.80029971E-1
229	3.80734584E-1
657	3.80816838E-1
423	3.80824373E-1
243	3.80999094E-1
550	3.82671034E-1
198	3.84157489E-1
745	3.84781897E-1
548	3.85975979E-1
390	3.88190036E-1
998	3.8828076E-1
489	3.88498389E-1
108	3.88561843E-1
87	3.90929289E-1
473	3.9124265E-1
242	3.91396377E-1
350	3.92118222E-1
733	3.94033684E-1
1013	3.96272899E-1
194	4.00345202E-1
662	4.03905319E-1
1016	4.05685669E-1
711	4.06664817E-1
54	4.11131818E-1
120	4.11835133E-1
844	4.14183169E-1
400	4.15189212E-1
26	4.15333787E-1
201	4.15810948E-1
359	4.17317694E-1
627	4.17372981E-1
617	4.18976558E-1
595	4.2184339E-1
267	4.22032262E-1
646	4.22210571E-1
808	4.22544158E-1
385	4.23755792E-1
445	4.24164576E-1
691	4.25915585E-1
695	4.27235436E-1
44	4.27830618E-1
176	4.28012996E-1
528	4.29348877E-1
921	4.29515367E-1
351	4.29997944E-1
826	4.30982232E-1
466	4.3144596E-1
158	4.31825889E-1
738	4.32412773E-1
203	4.33384277E-1
458	4.33697864E-1
32	4.34315918E-1
68	4.3540342E-1
133	4.35430988E-1
611	4.37042074E-1
924	4.3747965E-1
157	4.38143551E-1
405	4.38578522E-1
303	4.39133639E-1
599	4.39824973E-1
596	4.41063502E-1
240	4.41506639E-1
554	4.41721865E-1
781	4.42118491E-1
658	4.42324565E-1
341	4.43184341E-1
216	4.43696582E-1
576	4.44513568E-1
123	4.45412246E-1
936	4.47843677E-1
911	4.48579102E-1
533	4.48584746E-1
580	4.48948166E-1
330	4.50367459E-1
59	4.5057975E-1
632	4.51177989E-1
61	4.51207705E-1
999	4.51659091E-1
577	4.52078128E-1
42	4.52168434E-1
13	4.53085122E-1
814	4.53834365E-1
850	4.54187432E-1
81	4.54332723E-1
597	4.55219917E-1
673	4.55882484E-1
961	4.56472123E-1
791	4.57026133E-1
86	4.58051425E-1
221	4.58603072E-1
515	4.59159931E-1
2	4.606239E-1
896	4.61573596E-1
769	4.61937425E-1
800	4.61977929E-1
63	4.62176174E-1
261	4.62393536E-1
728	4.64123213E-1
562	4.64701349E-1
832	4.65861868E-1
566	4.67236857E-1
1000	4.67659499E-1
416	4.68001862E-1
570	4.68727139E-1
308	4.70823918E-1
424	4.72357956E-1
192	4.72889177E-1
520	4.73209774E-1
109	4.73325062E-1
371	4.75289455E-1
555	4.76577383E-1
367	4.76839834E-1
83	4.79072929E-1
521	4.80426516E-1
894	4.81316236E-1
79	4.81733711E-1
70	4.81753757E-1
84	4.8232338E-1
976	4.82587265E-1
486	4.83477735E-1
731	4.85276987E-1
31	4.89165229E-1
805	4.90534566E-1
910	4.91403893E-1
827	4.91964666E-1
9	4.92818416E-1
616	4.94544438E-1
11	4.95460501E-1
723	4.96077701E-1
430	4.96742596E-1
154	4.96770784E-1
987	4.98626193E-1
285	4.99140505E-1
890	5.00220556E-1
526	5.01753121E-1
52	5.02467943E-1
753	5.04181664E-1
947	5.04483066E-1
790	5.05548105E-1
411	5.06650048E-1
926	5.08156824E-1
319	5.08628492E-1
107	5.09331976E-1
487	5.09581131E-1
321	5.09748531E-1
185	5.0989137E-1
75	5.16842458E-1
272	5.16967049E-1
628	5.17156277E-1
839	5.18949207E-1
713	5.1995929E-1
601	5.20442044E-1
372	5.20472466E-1
934	5.23357053E-1
801	5.26318708E-1
529	5.27158377E-1
885	5.28483945E-1
877	5.29100752E-1
618	5.30725109E-1
931	5.30899705E-1
994	5.33541015E-1
518	5.33765221E-1
766	5.341588E-1
266	5.34792501E-1
129	5.36780557E-1
795	5.37422074E-1
425	5.37818145E-1
302	5.45841767E-1
863	5.47160786E-1
439	5.49428103E-1
598	5.54844562E-1
603	5.55503784E-1
807	5.55825014E-1
898	5.56195922E-1
210	5.56849133E-1
383	5.57387709E-1
130	5.57876158E-1
50	5.58291165E-1
786	5.59907259E-1
125	5.60668548E-1
600	5.62714632E-1
958	5.63578629E-1
700	5.63591197E-1
587	5.64463847E-1
888	5.64718514E-1
705	5.68512955E-1
1021	5.68679852E-1
870	5.69313656E-1
991	5.70806819E-1
558	5.72026418E-1
864	5.72995141E-1
449	5.73954209E-1
525	5.74348746E-1
831	5.74793555E-1
352	5.74847561E-1
5	5.74912873E-1
14	5.75369596E-1
758	5.75703744E-1
982	5.75706915E-1
433	5.75898701E-1
578	5.7596139E-1
74	5.77771806E-1
620	5.77897514E-1
842	5.78209181E-1
252	5.80468259E-1
927	5.82627121E-1
929	5.82754836E-1
244	5.83711456E-1
478	5.86194608E-1
365	5.89747077E-1
459	5.90857941E-1
10	5.9313589E-1
966	5.93807208E-1
945	5.94692783E-1
988	5.95820341E-1
670	5.98758828E-1
802	5.99818175E-1
592	6.00325501E-1
165	6.00680263E-1
653	6.02609018E-1
915	6.03708937E-1
960	6.03897357E-1
408	6.0460473E-1
1002	6.05676421E-1
893	6.05771593E-1
789	6.05846714E-1
360	6.06414475E-1
631	6.06620038E-1
886	6.06709819E-1
650	6.07387817E-1
1014	6.07802592E-1
686	6.10237416E-1
932	6.1123879E-1
399	6.11773741E-1
298	6.15174543E-1
492	6.16916317E-1
542	6.17280497E-1
166	6.19863066E-1
556	6.21060996E-1
78	6.21358178E-1
682	6.21694687E-1
707	6.21935837E-1
1012	6.22142743E-1
387	6.227447E-1
464	6.24345954E-1
20	6.24780176E-1
1010	6.26284468E-1
148	6.28239539E-1
22	6.30755251E-1
290	6.31242578E-1
134	6.32283023E-1
100	6.33343245E-1
179	6.33963045E-1
438	6.34328288E-1
33	6.35180207E-1
34	6.36429582E-1
504	6.36707533E-1
214	6.3761E-1
637	6.37661174E-1
419	6.38142657E-1
122	6.38719827E-1
755	6.40818866E-1
605	6.42855016E-1
35	6.43140283E-1
173	6.4436399E-1
940	6.45492788E-1
775	6.46080087E-1
232	6.46486115E-1
822	6.46808311E-1
300	6.47150389E-1
151	6.47986777E-1
376	6.51292872E-1
959	6.53265298E-1
147	6.57167328E-1
626	6.57912876E-1
391	6.58452358E-1
426	6.59437891E-1
943	6.59672915E-1
992	6.60295067E-1
806	6.61442377E-1
985	6.6405731E-1
981	6.64157179E-1
545	6.64225041E-1
140	6.6455329E-1
488	6.66179658E-1
255	6.66578322E-1
846	6.67303699E-1
6	6.68934295E-1
448	6.69204581E-1
687	6.69645572E-1
215	6.69680498E-1
479	6.70202704E-1
434	6.72170538E-1
454	6.72582329E-1
21	6.72590058E-1
27	6.76032631E-1
311	6.7845357E-1
897	6.79582318E-1
314	6.7975055E-1
315	6.80340184E-1
103	6.8167396E-1
593	6.81788516E-1
675	6.82409277E-1
337	6.83133488E-1
1005	6.84402894E-1
373	6.84989672E-1
951	6.86246884E-1
410	6.87218646E-1
67	6.89884078E-1
281	6.91697959E-1
137	6.92104908E-1
327	6.98652447E-1
502	6.9996815E-1
559	7.00148007E-1
233	7.00194419E-1
527	7.01098625E-1
447	7.03067646E-1
142	7.04352249E-1
939	7.04782028E-1
113	7.07802967E-1
887	7.0809133E-1
869	7.08477266E-1
94	7.08614959E-1
364	7.09325108E-1
933	7.09666875E-1
18	7.10783876E-1
224	7.10850354E-1
962	7.11878946E-1
309	7.12955094E-1
817	7.1472683E-1
168	7.15187898E-1
69	7.15263641E-1
263	7.15407064E-1
553	7.17523879E-1
720	7.17862165E-1
374	7.18254304E-1
918	7.18529473E-1
499	7.18892768E-1
856	7.1932609E-1
638	7.19591708E-1
329	7.20891538E-1
1003	7.21404358E-1
522	7.21659926E-1
799	7.22964999E-1
475	7.23126826E-1
946	7.24877759E-1
280	7.25178187E-1
996	7.26620667E-1
676	7.26845328E-1
722	7.27151781E-1
96	7.27153394E-1
574	7.28888461E-1
162	7.28922912E-1
143	7.29044512E-1
872	7.29321732E-1
219	7.30034423E-1
328	7.3091816E-1
614	7.31807892E-1
404	7.32166411E-1
851	7.32328558E-1
610	7.3266484E-1
295	7.33996011E-1
718	7.36254579E-1
724	7.3713055E-1
760	7.39800925E-1
124	7.39987315E-1
178	7.41097925E-1
634	7.42807314E-1
494	7.4343667E-1
443	7.44326546E-1
901	7.4496567E-1
589	7.4571696E-1
768	7.49729799E-1
535	7.5025144E-1
503	7.50537166E-1
412	7.50837103E-1
788	7.5203477E-1
935	7.52401933E-1
990	7.52769965E-1
671	7.53028855E-1
701	7.53899104E-1
217	7.55974581E-1
37	7.56080471E-1
490	7.5631665E-1
955	7.56693304E-1
764	7.5732013E-1
200	7.58414308E-1
690	7.59274029E-1
414	7.60384134E-1
175	7.60733967E-1
854	7.62109692E-1
347	7.62688793E-1
97	7.63984829E-1
495	7.65541446E-1
837	7.66949199E-1
579	7.67264184E-1
531	7.69322991E-1
941	7.69927742E-1
53	7.70267289E-1
333	7.7050843E-1
928	7.7154829E-1
471	7.7256935E-1
258	7.7317E-1
972	7.7376799E-1
820	7.75652105E-1
170	7.75905242E-1
289	7.77178846E-1
694	7.77583874E-1
569	7.77878697E-1
249	7.78694084E-1
840	7.80401117E-1
919	7.80542001E-1
225	7.8206918E-1
907	7.8315113E-1
862	7.8571704E-1
340	7.862597E-1
378	7.86694649E-1
783	7.87475055E-1
467	7.88187222E-1
581	7.890225E-1
222	7.90839185E-1
1015	7.93277763E-1
782	7.93550593E-1
456	7.94120056E-1
1020	7.9553383E-1
594	7.9694551E-1
127	7.97497691E-1
984	7.99652029E-1
209	7.99866674E-1
582	8.00589901E-1
680	8.01297644E-1
830	8.01310123E-1
787	8.01543377E-1
986	8.04061055E-1
470	8.06181864E-1
322	8.07393081E-1
639	8.08293531E-1
902	8.09555054E-1
368	8.09879666E-1
861	8.10940703E-1
875	8.1210067E-1
922	8.13100394E-1
833	8.13776455E-1
25	8.1383952E-1
82	8.15113546E-1
40	8.15803376E-1
366	8.16308301E-1
292	8.16704414E-1
48	8.18391306E-1
4	8.18966741E-1
282	8.1909738E-1
974	8.20531486E-1
379	8.20640189E-1
381	8.21159532E-1
880	8.21802995E-1
293	8.22417926E-1
735	8.24779284E-1
511	8.25067949E-1
362	8.25365658E-1
65	8.25458688E-1
294	8.26546932E-1
386	8.2909328E-1
43	8.29286395E-1
736	8.29931169E-1
1019	8.30883202E-1
348	8.3380012E-1
213	8.35453672E-1
141	8.3709398E-1
949	8.41280958E-1
714	8.41526356E-1
953	8.41627625E-1
860	8.41790484E-1
121	8.4249407E-1
895	8.43620108E-1
510	8.445295E-1
115	8.44740926E-1
876	8.4479099E-1
997	8.4523169E-1
977	8.45951911E-1
235	8.4677954E-1
717	8.46848349E-1
71	8.48071071E-1
251	8.48206607E-1
256	8.51144573E-1
338	8.51652832E-1
655	8.52332626E-1
118	8.54141228E-1
344	8.54600498E-1
757	8.56876849E-1
19	8.5756537E-1
432	8.5877033E-1
557	8.59308645E-1
563	8.6026232E-1
29	8.60903599E-1
304	8.62002927E-1
174	8.62944438E-1
237	8.64248368E-1
389	8.64637799E-1
1004	8.6610793E-1
585	8.68417342E-1
950	8.68457035E-1
772	8.69853277E-1
99	8.70967752E-1
796	8.73898577E-1
565	8.74119964E-1
406	8.75352356E-1
751	8.77284622E-1
809	8.79799728E-1
49	8.84094375E-1
355	8.84436712E-1
677	8.84628333E-1
853	8.84639233E-1
161	8.8705515E-1
855	8.88011145E-1
561	8.90274798E-1
678	8.9102019E-1
659	8.91474767E-1
257	8.93439452E-1
859	8.93919671E-1
169	8.94037454E-1
1009	8.94522491E-1
269	8.94862297E-1
388	8.95287877E-1
1022	8.95567284E-1
942	8.96318414E-1
540	8.97512119E-1
641	8.97644341E-1
422	9.00590285E-1
649	9.00800678E-1
320	9.021441E-1
621	9.02189024E-1
310	9.02246392E-1
666	9.03348518E-1
847	9.0450601E-1
116	9.05864492E-1
220	9.06887631E-1
24	9.07258888E-1
442	9.07676618E-1
206	9.08273985E-1
607	9.10704135E-1
746	9.11297758E-1
286	9.11504146E-1
615	9.1240858E-1
804	9.12691412E-1
1018	9.14098234E-1
803	9.20239271E-1
205	9.23217788E-1
305	9.23363444E-1
234	9.23423958E-1
274	9.27816324E-1
335	9.28044834E-1
276	9.28785183E-1
588	9.3073138E-1
253	9.31030274E-1
797	9.32466514E-1
382	9.34058211E-1
813	9.34801383E-1
763	9.35101906E-1
357	9.35798006E-1
356	9.37146828E-1
325	9.3806929E-1
155	9.3867227E-1
153	9.40087569E-1
485	9.40208606E-1
468	9.41403526E-1
418	9.42779142E-1
546	9.43561079E-1
297	9.45369781E-1
640	9.45726352E-1
900	9.45819614E-1
187	9.46030987E-1
184	9.46803942E-1
739	9.46926438E-1
825	9.46951693E-1
375	9.484144E-1
436	9.48650486E-1
523	9.52343351E-1
159	9.52371107E-1
428	9.54736221E-1
199	9.55766657E-1
908	9.58836332E-1
358	9.59197101E-1
23	9.60215135E-1
398	9.60924959E-1
821	9.6320163E-1
275	9.63959617E-1
17	9.64567495E-1
754	9.65758774E-1
15	9.67254604E-1
812	9.68824895E-1
573	9.68924097E-1
363	9.69424042E-1
361	9.69762492E-1
72	9.71003314E-1
163	9.71606246E-1
629	9.72443647E-1
62	9.76693914E-1
287	9.77120951E-1
273	9.81151932E-1
307	9.81876286E-1
85	9.83722595E-1
16	9.83823225E-1
446	9.85002355E-1
57	9.8557035E-1
260	9.86234439E-1
794	9.87139001E-1
407	9.88035426E-1
899	9.88148611E-1
513	9.88268638E-1
544	9.89764036E-1
462	9.90728864E-1
729	9.92029671E-1
989	9.93795568E-1
712	9.93841214E-1
207	9.94341086E-1
698	9.95812618E-1
150	9.95839643E-1
818	9.95964316E-1
306	9.96629097E-1
254	9.99259458E-1
642	9.9966017E-1
967	9.99931068E-1
