Name	chi2Pvalue
946	2.51563773E-4
552	1.57553771E-3
474	1.61153108E-3
983	2.35353048E-3
396	2.61929386E-3
591	4.5023644E-3
257	4.67770632E-3
878	4.9748659E-3
104	6.8065009E-3
584	7.90759122E-3
453	7.95731127E-3
540	8.15006182E-3
41	1.18928054E-2
373	1.22010631E-2
802	1.27485242E-2
86	1.2934037E-2
799	1.53288437E-2
416	1.65285683E-2
57	1.73828346E-2
777	1.847398E-2
939	2.09122998E-2
13	2.19754768E-2
682	2.32194971E-2
705	2.34605626E-2
55	2.40387438E-2
671	2.61371315E-2
429	2.86076713E-2
103	3.03253782E-2
995	3.05134598E-2
260	3.09689463E-2
360	3.22545989E-2
882	3.24030005E-2
114	3.36666631E-2
449	3.4983414E-2
572	3.50255689E-2
538	3.64428344E-2
985	3.72247027E-2
667	3.84622036E-2
812	4.05877836E-2
909	4.23212894E-2
431	4.28217727E-2
56	4.28559735E-2
823	4.33836936E-2
186	4.40912876E-2
335	4.51976422E-2
413	4.64343139E-2
706	4.72057485E-2
246	4.73034352E-2
639	4.95070406E-2
1001	4.98066088E-2
142	5.06867207E-2
519	5.09909451E-2
59	5.22479485E-2
450	5.34621513E-2
603	5.38511843E-2
78	5.48599831E-2
65	5.48992983E-2
676	5.67410619E-2
625	5.84831859E-2
367	5.89908234E-2
1007	5.97204322E-2
255	6.04659931E-2
627	6.29128253E-2
193	6.40910721E-2
697	6.46810536E-2
577	6.53138378E-2
512	6.55244832E-2
960	6.60366086E-2
613	6.64278922E-2
778	6.6788326E-2
107	6.73067564E-2
12	6.73146222E-2
163	6.78773538E-2
741	6.82643787E-2
685	6.91744005E-2
764	7.18695097E-2
735	7.22547245E-2
468	7.31375239E-2
1006	7.46264184E-2
891	7.57051432E-2
376	7.58776278E-2
295	7.60351667E-2
224	7.65674597E-2
586	7.8321482E-2
170	7.93497027E-2
84	7.93584838E-2
890	8.03252253E-2
782	8.10898748E-2
465	8.35857782E-2
331	8.60465954E-2
740	8.63984369E-2
212	8.79434203E-2
391	8.86145912E-2
457	9.09692798E-2
924	9.15108784E-2
473	9.24449366E-2
222	9.4654496E-2
328	9.59500881E-2
598	9.66927285E-2
559	1.01692517E-1
640	1.01787681E-1
542	1.05557202E-1
999	1.05989613E-1
547	1.06003101E-1
895	1.06115217E-1
294	1.06775921E-1
787	1.07811904E-1
254	1.08129859E-1
961	1.08170869E-1
641	1.08181201E-1
172	1.08492371E-1
436	1.0878764E-1
2	1.09715645E-1
317	1.10667154E-1
631	1.11365992E-1
497	1.11385303E-1
980	1.12030982E-1
996	1.12423039E-1
820	1.12529223E-1
300	1.12886958E-1
221	1.151397E-1
181	1.15154883E-1
604	1.15610504E-1
607	1.17025987E-1
699	1.21323916E-1
106	1.24111074E-1
838	1.24769141E-1
319	1.24943681E-1
845	1.25467457E-1
385	1.26237704E-1
117	1.30567803E-1
919	1.30935038E-1
434	1.32244374E-1
508	1.32434964E-1
426	1.37242539E-1
158	1.3739919E-1
43	1.39358405E-1
525	1.4000817E-1
692	1.41061256E-1
974	1.41535203E-1
119	1.42220032E-1
861	1.42785682E-1
153	1.47615632E-1
876	1.47804569E-1
443	1.48740898E-1
610	1.4920114E-1
651	1.50307527E-1
638	1.51255406E-1
35	1.52289269E-1
968	1.5327666E-1
143	1.54507742E-1
645	1.55099311E-1
206	1.55889982E-1
0	1.56142498E-1
849	1.56149363E-1
71	1.58321084E-1
687	1.58676228E-1
668	1.59716265E-1
579	1.61018935E-1
730	1.61102657E-1
622	1.6186828E-1
481	1.64522724E-1
628	1.64620358E-1
879	1.65568515E-1
44	1.71653113E-1
455	1.72596717E-1
121	1.72758636E-1
601	1.75267497E-1
592	1.75606993E-1
233	1.7620495E-1
940	1.76887452E-1
614	1.76999221E-1
232	1.8059442E-1
728	1.80882117E-1
313	1.81037185E-1
533	1.82621935E-1
541	1.82953815E-1
160	1.83235542E-1
809	1.83459481E-1
219	1.83788417E-1
637	1.83908845E-1
912	1.84082796E-1
30	1.85215006E-1
734	1.86261632E-1
17	1.87577962E-1
79	1.88412984E-1
51	1.88608661E-1
749	1.89834247E-1
527	1.90169324E-1
357	1.92318355E-1
338	1.93315139E-1
962	1.93533909E-1
829	1.96109083E-1
689	1.96711104E-1
585	1.9767812E-1
113	1.98992888E-1
883	1.99617151E-1
110	2.00112515E-1
7	2.00361387E-1
291	2.00804952E-1
191	2.00917942E-1
92	2.0162601E-1
377	2.01822428E-1
235	2.0395475E-1
731	2.05196294E-1
11	2.05228949E-1
197	2.05744152E-1
913	2.06383933E-1
755	2.08396551E-1
752	2.11877528E-1
441	2.12116241E-1
642	2.13077596E-1
95	2.15027503E-1
566	2.15903255E-1
656	2.16040503E-1
725	2.16123768E-1
1	2.16151794E-1
378	2.16220807E-1
964	2.1631945E-1
273	2.17482235E-1
54	2.17853739E-1
242	2.2044413E-1
583	2.20478434E-1
972	2.2115704E-1
750	2.219217E-1
445	2.22819388E-1
761	2.23150559E-1
976	2.23334438E-1
207	2.23999096E-1
981	2.26345826E-1
267	2.26382328E-1
439	2.28731578E-1
855	2.28909614E-1
575	2.30544807E-1
5	2.30992414E-1
484	2.3281572E-1
307	2.34959125E-1
529	2.35011499E-1
555	2.36764424E-1
905	2.36994143E-1
240	2.37470068E-1
917	2.3798998E-1
831	2.40477338E-1
832	2.4090937E-1
1017	2.42010956E-1
230	2.45079025E-1
395	2.46347347E-1
543	2.46538005E-1
747	2.47413191E-1
475	2.47500693E-1
134	2.49114707E-1
560	2.52005125E-1
746	2.55363943E-1
248	2.55706704E-1
152	2.55961611E-1
715	2.5712439E-1
334	2.58143694E-1
292	2.59515645E-1
808	2.60283971E-1
259	2.62397555E-1
833	2.63248198E-1
256	2.64006764E-1
992	2.6581859E-1
643	2.66123508E-1
80	2.66170604E-1
461	2.67058301E-1
712	2.67574995E-1
935	2.70788118E-1
887	2.71219259E-1
546	2.73103183E-1
336	2.73658468E-1
67	2.73821728E-1
902	2.75807933E-1
922	2.76408091E-1
208	2.78039028E-1
858	2.7849301E-1
522	2.78667284E-1
151	2.78903528E-1
200	2.80633443E-1
657	2.82071197E-1
739	2.82268084E-1
63	2.82427382E-1
245	2.83023244E-1
677	2.83263818E-1
424	2.83796459E-1
853	2.84880569E-1
340	2.86335919E-1
393	2.88330507E-1
644	2.89276288E-1
521	2.89672834E-1
565	2.90224218E-1
719	2.90432872E-1
339	2.91260118E-1
446	2.91860664E-1
875	2.91962951E-1
435	2.92327497E-1
296	2.92776934E-1
780	2.94161046E-1
647	2.96680604E-1
440	2.9781278E-1
1008	2.98443272E-1
372	2.98684421E-1
471	2.99025522E-1
451	2.99552496E-1
726	3.02123075E-1
355	3.03497679E-1
959	3.0458126E-1
781	3.06113898E-1
495	3.07179238E-1
329	3.09043858E-1
612	3.09251031E-1
994	3.10350415E-1
408	3.10469916E-1
420	3.1058235E-1
827	3.10623406E-1
472	3.10737602E-1
476	3.1085788E-1
127	3.11030182E-1
513	3.1316687E-1
75	3.13711717E-1
177	3.14174586E-1
813	3.14618815E-1
841	3.14859774E-1
658	3.17563186E-1
215	3.20285534E-1
952	3.20419241E-1
648	3.20551759E-1
277	3.21218967E-1
37	3.21255148E-1
872	3.21474256E-1
286	3.23270918E-1
174	3.23906253E-1
663	3.24896893E-1
322	3.25757042E-1
768	3.26088532E-1
931	3.26731149E-1
263	3.27315264E-1
745	3.28735142E-1
14	3.30438037E-1
351	3.31621338E-1
352	3.31868259E-1
499	3.32061617E-1
828	3.32325034E-1
698	3.3266964E-1
10	3.34998376E-1
650	3.36076819E-1
289	3.36578867E-1
218	3.37128521E-1
700	3.37933298E-1
421	3.38030344E-1
1005	3.41835044E-1
405	3.41896127E-1
509	3.42871959E-1
238	3.43402355E-1
192	3.43430334E-1
733	3.43860099E-1
596	3.44295639E-1
261	3.44386247E-1
619	3.44744086E-1
487	3.45391809E-1
418	3.45742045E-1
839	3.48678406E-1
210	3.4896462E-1
89	3.49633199E-1
363	3.50772665E-1
371	3.51112133E-1
485	3.52013938E-1
767	3.52751835E-1
309	3.52762421E-1
958	3.53187911E-1
558	3.53198586E-1
673	3.54811252E-1
576	3.55792383E-1
800	3.56623258E-1
168	3.57421265E-1
353	3.5772702E-1
467	3.57852181E-1
765	3.58062346E-1
624	3.58101606E-1
695	3.58559582E-1
77	3.58953405E-1
932	3.59285168E-1
70	3.5936401E-1
520	3.59977687E-1
854	3.60101848E-1
129	3.63245541E-1
423	3.64078344E-1
868	3.65289617E-1
49	3.67338943E-1
216	3.69395814E-1
785	3.70840565E-1
634	3.73235821E-1
150	3.74984018E-1
581	3.75146906E-1
15	3.75461204E-1
907	3.76214955E-1
528	3.76334409E-1
234	3.79537975E-1
407	3.80029375E-1
716	3.82199727E-1
284	3.8296559E-1
688	3.86636243E-1
626	3.8692874E-1
653	3.89624927E-1
9	3.91837988E-1
669	3.92248517E-1
341	3.94100918E-1
214	3.96041474E-1
886	3.96213155E-1
297	3.96543852E-1
228	3.97553277E-1
567	3.97881399E-1
362	3.98104996E-1
510	3.98644753E-1
616	3.99074045E-1
548	3.99628028E-1
144	3.99867121E-1
249	4.0353634E-1
29	4.04117973E-1
568	4.05665622E-1
1021	4.07101939E-1
318	4.07508422E-1
535	4.0926754E-1
852	4.11063006E-1
526	4.11496244E-1
343	4.11799222E-1
27	4.11996107E-1
209	4.13355158E-1
678	4.14979016E-1
308	4.15373694E-1
175	4.1703951E-1
482	4.18434671E-1
82	4.19406695E-1
724	4.19981339E-1
442	4.20264998E-1
157	4.24547507E-1
908	4.25893715E-1
359	4.2813424E-1
463	4.29014658E-1
784	4.29027398E-1
797	4.29096188E-1
900	4.29788663E-1
793	4.3301566E-1
921	4.33564237E-1
748	4.33988673E-1
965	4.34611808E-1
702	4.34821485E-1
36	4.34958266E-1
161	4.35392416E-1
789	4.38004648E-1
539	4.38269087E-1
344	4.38408201E-1
537	4.39348811E-1
399	4.40513201E-1
934	4.41001472E-1
303	4.41576724E-1
404	4.41855362E-1
1020	4.42659468E-1
458	4.43988697E-1
665	4.45118962E-1
304	4.45174912E-1
897	4.4667596E-1
122	4.48531691E-1
333	4.49035304E-1
864	4.51782738E-1
432	4.5187144E-1
48	4.52999337E-1
788	4.56106925E-1
239	4.57700067E-1
990	4.59218133E-1
1004	4.59992475E-1
401	4.60480403E-1
278	4.60789255E-1
388	4.63728494E-1
608	4.64071837E-1
91	4.65523085E-1
772	4.66852673E-1
865	4.68615042E-1
554	4.71300344E-1
517	4.73826028E-1
938	4.73837148E-1
414	4.77839079E-1
452	4.78174267E-1
241	4.81133758E-1
165	4.81946218E-1
74	4.82750416E-1
826	4.83840741E-1
96	4.83917753E-1
402	4.84304237E-1
701	4.84418267E-1
132	4.84584476E-1
871	4.84692008E-1
971	4.85753243E-1
324	4.86363738E-1
226	4.87528359E-1
53	4.87778591E-1
683	4.89594978E-1
582	4.89829474E-1
316	4.89947851E-1
929	4.89986034E-1
285	4.90922563E-1
710	4.91380495E-1
21	4.91538257E-1
609	4.92444636E-1
866	4.92798281E-1
904	4.94448353E-1
159	4.94513127E-1
743	4.96499217E-1
381	4.97359363E-1
398	5.00373357E-1
834	5.00819629E-1
680	5.01361642E-1
530	5.01807253E-1
112	5.01927846E-1
156	5.044512E-1
850	5.04559956E-1
503	5.04991812E-1
1014	5.05834144E-1
25	5.06030491E-1
123	5.06039497E-1
366	5.07333411E-1
133	5.07867706E-1
903	5.0980105E-1
301	5.09834045E-1
243	5.10679561E-1
332	5.11500988E-1
66	5.13416592E-1
288	5.16047644E-1
320	5.17151473E-1
916	5.17275781E-1
906	5.18515139E-1
76	5.18734148E-1
798	5.18991878E-1
184	5.19939098E-1
361	5.20144388E-1
312	5.21886214E-1
754	5.22299312E-1
545	5.23158807E-1
954	5.23268148E-1
425	5.2370487E-1
588	5.27463407E-1
507	5.29268258E-1
39	5.33012725E-1
348	5.33153187E-1
762	5.354303E-1
198	5.36143377E-1
881	5.36974529E-1
766	5.37275579E-1
986	5.38417749E-1
711	5.38451017E-1
290	5.39096273E-1
204	5.39765526E-1
460	5.40044842E-1
885	5.41006857E-1
860	5.41488254E-1
199	5.41497944E-1
326	5.4180251E-1
205	5.42083866E-1
87	5.423594E-1
910	5.43420761E-1
926	5.43441482E-1
779	5.44226466E-1
611	5.47579737E-1
325	5.48220882E-1
694	5.49165724E-1
337	5.50032493E-1
840	5.50067861E-1
327	5.50786451E-1
551	5.50796184E-1
227	5.51036772E-1
464	5.51340324E-1
617	5.51459722E-1
330	5.51520233E-1
686	5.52205896E-1
231	5.52854092E-1
744	5.54226005E-1
272	5.57598488E-1
1011	5.58077914E-1
759	5.59299035E-1
514	5.59446874E-1
390	5.5984701E-1
403	5.60176023E-1
62	5.60262676E-1
28	5.62894531E-1
47	5.62936676E-1
672	5.64859623E-1
810	5.6660071E-1
580	5.67195912E-1
950	5.69115226E-1
258	5.70619656E-1
600	5.70690672E-1
6	5.73256147E-1
518	5.73559704E-1
447	5.73689171E-1
264	5.73799422E-1
293	5.74064362E-1
83	5.74097395E-1
20	5.74191886E-1
211	5.75355999E-1
109	5.76607862E-1
819	5.77335305E-1
100	5.77875271E-1
305	5.78628907E-1
22	5.78970548E-1
72	5.79229674E-1
646	5.79261062E-1
867	5.79680977E-1
704	5.80136826E-1
599	5.81107171E-1
247	5.83033806E-1
382	5.83253318E-1
202	5.83678541E-1
479	5.84868469E-1
115	5.8629736E-1
896	5.87462996E-1
358	5.87882825E-1
815	5.88475732E-1
31	5.89035415E-1
989	5.90494413E-1
516	5.91517871E-1
417	5.9201107E-1
550	5.93492133E-1
945	5.94276983E-1
412	5.95634629E-1
427	5.96037292E-1
988	5.96864796E-1
993	5.97345368E-1
459	6.00546638E-1
101	6.01376726E-1
444	6.0448456E-1
821	6.05036127E-1
178	6.06357776E-1
279	6.06435077E-1
480	6.06942363E-1
597	6.07087719E-1
380	6.07423283E-1
179	6.09212172E-1
477	6.09452598E-1
589	6.09610297E-1
1009	6.10064369E-1
433	6.10085189E-1
825	6.10718833E-1
1012	6.11230619E-1
500	6.11533342E-1
147	6.11972364E-1
633	6.12135496E-1
951	6.12253425E-1
889	6.12424841E-1
978	6.12802504E-1
770	6.14508896E-1
969	6.22894982E-1
58	6.24177675E-1
68	6.24547011E-1
675	6.2501068E-1
806	6.26223889E-1
268	6.27372097E-1
287	6.31615687E-1
125	6.32543406E-1
73	6.33214444E-1
94	6.35296588E-1
720	6.36436672E-1
383	6.3728245E-1
364	6.38358749E-1
310	6.39733916E-1
837	6.40547895E-1
664	6.41257391E-1
271	6.4135842E-1
321	6.42156499E-1
801	6.44109597E-1
124	6.47635951E-1
947	6.49430381E-1
400	6.51518334E-1
606	6.5177797E-1
654	6.52899802E-1
594	6.53323338E-1
803	6.54095973E-1
493	6.57856237E-1
386	6.58265398E-1
662	6.58686537E-1
795	6.5914063E-1
505	6.59871669E-1
411	6.60706393E-1
925	6.60953484E-1
501	6.61797236E-1
496	6.61850916E-1
753	6.62300681E-1
557	6.63697228E-1
276	6.6639578E-1
975	6.68696069E-1
8	6.69277304E-1
266	6.73231225E-1
862	6.73816462E-1
536	6.74408791E-1
804	6.75056012E-1
38	6.75364475E-1
856	6.75717328E-1
164	6.76860742E-1
805	6.77808785E-1
859	6.77950988E-1
490	6.78081008E-1
244	6.80820084E-1
492	6.82385606E-1
630	6.8327985E-1
314	6.83565711E-1
282	6.84107069E-1
19	6.84584318E-1
502	6.84817827E-1
544	6.86693272E-1
562	6.87167601E-1
250	6.87307593E-1
942	6.88897879E-1
792	6.89291457E-1
894	6.91991917E-1
173	6.92745608E-1
948	6.93996005E-1
763	6.94290673E-1
652	6.94808766E-1
818	6.94894806E-1
81	6.98187091E-1
280	6.98604911E-1
618	7.02877875E-1
237	7.03116038E-1
438	7.03691506E-1
587	7.0518845E-1
162	7.05663977E-1
742	7.06275798E-1
573	7.06443812E-1
306	7.07083477E-1
394	7.08082745E-1
531	7.10437263E-1
466	7.10716336E-1
32	7.14377532E-1
873	7.14453586E-1
166	7.16950455E-1
842	7.17336182E-1
869	7.17340302E-1
69	7.18466876E-1
620	7.18764294E-1
136	7.19202178E-1
486	7.19706052E-1
252	7.19739308E-1
270	7.19802515E-1
139	7.2011462E-1
415	7.2184226E-1
111	7.22171426E-1
615	7.22892473E-1
957	7.24157914E-1
194	7.24728546E-1
933	7.25399747E-1
791	7.28244876E-1
901	7.28503743E-1
549	7.28993484E-1
602	7.29390705E-1
707	7.30510424E-1
1000	7.31598257E-1
563	7.32338392E-1
183	7.34085159E-1
553	7.34127473E-1
636	7.34416887E-1
182	7.36172431E-1
679	7.37137955E-1
389	7.37907163E-1
180	7.38965611E-1
888	7.4131964E-1
176	7.41504056E-1
717	7.41536117E-1
727	7.4169705E-1
1003	7.41855597E-1
898	7.43043285E-1
52	7.43211861E-1
836	7.44088931E-1
171	7.44286619E-1
196	7.46239789E-1
621	7.46643331E-1
811	7.47782812E-1
756	7.47875486E-1
723	7.48156777E-1
556	7.4933476E-1
690	7.51795115E-1
302	7.52015008E-1
783	7.54408892E-1
130	7.57116556E-1
105	7.57663834E-1
843	7.58217101E-1
145	7.58672353E-1
265	7.61657721E-1
899	7.64958075E-1
4	7.65377864E-1
454	7.67261358E-1
846	7.68540472E-1
1016	7.68870685E-1
893	7.70639064E-1
1013	7.71224458E-1
930	7.72550881E-1
970	7.73102615E-1
428	7.73533512E-1
661	7.73876377E-1
97	7.74186243E-1
90	7.74439028E-1
60	7.75147049E-1
982	7.75262485E-1
524	7.75283403E-1
776	7.75988539E-1
857	7.76604842E-1
102	7.77048995E-1
188	7.77221273E-1
128	7.77756291E-1
315	7.78884392E-1
515	7.80470348E-1
684	7.81355637E-1
844	7.82471077E-1
116	7.83226222E-1
217	7.84748565E-1
655	7.8553063E-1
775	7.86437794E-1
738	7.86682013E-1
88	7.89290472E-1
822	7.89578005E-1
892	7.90175937E-1
201	7.91802414E-1
670	7.93075771E-1
718	7.9509378E-1
187	7.95126787E-1
488	7.97087095E-1
149	7.97552839E-1
874	7.97943026E-1
564	7.99446962E-1
120	8.00688391E-1
1015	8.00789566E-1
379	8.01086656E-1
949	8.02629895E-1
561	8.04056552E-1
225	8.04076181E-1
470	8.05588436E-1
751	8.05866836E-1
532	8.0614163E-1
794	8.06356466E-1
203	8.06766725E-1
979	8.07275094E-1
786	8.08546528E-1
848	8.09761136E-1
299	8.11815282E-1
847	8.13266041E-1
729	8.14210307E-1
760	8.1663959E-1
506	8.18183595E-1
674	8.22441843E-1
523	8.23432309E-1
928	8.25359517E-1
936	8.26732652E-1
220	8.28507123E-1
574	8.35468282E-1
923	8.35751262E-1
422	8.36442957E-1
430	8.37218487E-1
18	8.37429935E-1
23	8.37627086E-1
356	8.3779963E-1
489	8.39013843E-1
830	8.40408423E-1
944	8.4077075E-1
963	8.42846193E-1
835	8.45260892E-1
98	8.46733096E-1
213	8.46949164E-1
42	8.47450731E-1
884	8.48092119E-1
419	8.48710114E-1
375	8.48887667E-1
915	8.51742158E-1
392	8.54609887E-1
384	8.55174279E-1
570	8.55692469E-1
937	8.56607335E-1
262	8.56612864E-1
311	8.56704862E-1
46	8.5825463E-1
346	8.60161474E-1
814	8.60672494E-1
478	8.62960579E-1
578	8.63625384E-1
758	8.65363501E-1
691	8.6536614E-1
534	8.66558465E-1
229	8.67173693E-1
347	8.67914305E-1
504	8.68306563E-1
693	8.68379331E-1
494	8.69028468E-1
713	8.69402231E-1
696	8.70028802E-1
863	8.71624036E-1
131	8.74940172E-1
681	8.75867151E-1
1010	8.76422124E-1
323	8.76716098E-1
987	8.7679388E-1
659	8.77376378E-1
365	8.77671159E-1
817	8.7984994E-1
135	8.81110484E-1
50	8.81641815E-1
569	8.82149486E-1
997	8.82851729E-1
141	8.86773922E-1
967	8.87754393E-1
943	8.88128948E-1
108	8.88327586E-1
45	8.90379668E-1
61	8.91368252E-1
118	8.9152744E-1
498	8.92650075E-1
666	8.94361038E-1
349	8.95964445E-1
169	8.96049362E-1
3	8.98349646E-1
370	9.00361824E-1
736	9.0256314E-1
374	9.05764405E-1
1018	9.05797607E-1
757	9.05943363E-1
469	9.09950136E-1
155	9.1040599E-1
807	9.10532529E-1
816	9.10806506E-1
998	9.11290669E-1
483	9.11606756E-1
190	9.13929166E-1
281	9.1429363E-1
595	9.14637764E-1
593	9.16298575E-1
769	9.16395848E-1
40	9.17562931E-1
462	9.18490174E-1
253	9.19089827E-1
914	9.21761277E-1
85	9.22045904E-1
368	9.24444962E-1
33	9.25271076E-1
140	9.25396792E-1
437	9.25414002E-1
771	9.25556694E-1
708	9.26216143E-1
911	9.2665254E-1
251	9.26695244E-1
773	9.27338045E-1
984	9.30299014E-1
635	9.30347969E-1
148	9.31096536E-1
99	9.31638729E-1
93	9.32984705E-1
709	9.33147452E-1
511	9.34422217E-1
918	9.34784339E-1
223	9.35590661E-1
154	9.36543388E-1
138	9.37600579E-1
790	9.40375933E-1
26	9.40661113E-1
722	9.43649754E-1
409	9.45898983E-1
185	9.45999267E-1
16	9.46347382E-1
632	9.4849189E-1
629	9.48548271E-1
126	9.52593343E-1
977	9.52860106E-1
146	9.5345249E-1
571	9.54533702E-1
973	9.54712365E-1
991	9.5588353E-1
927	9.62214741E-1
880	9.63307974E-1
955	9.63907524E-1
456	9.64900662E-1
491	9.66131076E-1
703	9.69964188E-1
350	9.70323551E-1
623	9.71678819E-1
732	9.71958253E-1
796	9.72235336E-1
877	9.72675177E-1
354	9.73746354E-1
342	9.7402283E-1
345	9.74193481E-1
824	9.75114889E-1
649	9.7528901E-1
448	9.75769767E-1
195	9.7636391E-1
236	9.76735269E-1
956	9.79134339E-1
605	9.80515053E-1
64	9.81049533E-1
1002	9.82270397E-1
34	9.84578216E-1
1022	9.8640232E-1
966	9.86426142E-1
298	9.87282692E-1
397	9.8730804E-1
737	9.88642052E-1
953	9.88965422E-1
1023	9.90446182E-1
851	9.90772684E-1
721	9.90818365E-1
189	9.91105471E-1
410	9.91201128E-1
774	9.91268711E-1
137	9.93000555E-1
275	9.9303548E-1
24	9.93222728E-1
269	9.93248841E-1
387	9.936842E-1
660	9.94605758E-1
167	9.95775866E-1
714	9.96339567E-1
274	9.97126425E-1
406	9.97227731E-1
870	9.97404178E-1
941	9.98236528E-1
1019	9.98565747E-1
