Name	chi2Pvalue
105	3.3869323E-4
267	7.58463766E-4
938	1.37561253E-3
101	2.15008238E-3
333	2.60126654E-3
917	5.54322883E-3
566	5.96706874E-3
604	7.14912026E-3
228	8.50607878E-3
79	1.21458151E-2
722	1.21751605E-2
315	1.25667043E-2
427	1.3180678E-2
522	1.39367382E-2
135	1.40287983E-2
487	1.42487373E-2
163	1.43658773E-2
818	1.58055258E-2
666	1.58259565E-2
383	1.62608297E-2
323	1.65095596E-2
688	1.88808329E-2
732	1.97207531E-2
519	1.97761326E-2
150	2.08650947E-2
404	2.15771854E-2
231	2.30288139E-2
431	2.31131139E-2
401	2.52154777E-2
471	2.55210893E-2
389	2.5562641E-2
160	2.60330509E-2
625	2.61302489E-2
436	2.62507409E-2
122	2.63499964E-2
23	2.64696848E-2
280	2.68766117E-2
64	2.88820023E-2
129	3.05891629E-2
52	3.07894742E-2
334	3.12702315E-2
784	3.15678851E-2
365	3.27943511E-2
69	3.32497769E-2
415	3.49400815E-2
321	3.55079426E-2
692	3.66281863E-2
603	3.69174641E-2
964	3.9868626E-2
745	4.43160285E-2
1006	4.65977551E-2
297	4.76208353E-2
66	4.81161259E-2
848	5.01121288E-2
408	5.38154061E-2
65	5.39040898E-2
349	5.54557596E-2
870	5.82636496E-2
710	5.82766582E-2
931	5.8660119E-2
799	5.88329274E-2
21	5.9398811E-2
294	5.94017255E-2
684	5.99122461E-2
414	6.20416146E-2
1	6.37433186E-2
709	6.43728469E-2
691	6.50855615E-2
814	6.51098254E-2
7	6.51214128E-2
1009	6.79877723E-2
810	6.82392255E-2
795	7.00825563E-2
247	7.16250711E-2
758	7.45179869E-2
285	7.71854961E-2
727	7.82473839E-2
668	7.96558233E-2
535	8.06102209E-2
183	8.07492923E-2
882	8.17056595E-2
516	8.17366231E-2
127	8.1967279E-2
238	8.38265584E-2
985	8.42314513E-2
266	8.75780022E-2
173	8.80290212E-2
138	9.1034205E-2
398	9.36149893E-2
886	9.46569885E-2
542	9.60458325E-2
501	9.6101698E-2
707	9.68975861E-2
599	9.69151553E-2
216	9.76267831E-2
633	9.77438148E-2
489	1.02899571E-1
296	1.02970132E-1
381	1.03856559E-1
265	1.03957876E-1
499	1.04370177E-1
136	1.0485689E-1
672	1.06525795E-1
403	1.07113816E-1
287	1.09551348E-1
912	1.11164035E-1
1008	1.13237496E-1
645	1.13396037E-1
87	1.13409073E-1
547	1.15360669E-1
88	1.16861069E-1
481	1.17652704E-1
921	1.18639087E-1
22	1.19170174E-1
28	1.19946287E-1
400	1.20281499E-1
825	1.20331861E-1
110	1.21146779E-1
584	1.23601018E-1
817	1.25497746E-1
235	1.26099028E-1
82	1.2620544E-1
97	1.27765718E-1
788	1.28284863E-1
38	1.2980822E-1
464	1.29811112E-1
210	1.303173E-1
802	1.30349122E-1
670	1.30812571E-1
116	1.31665458E-1
815	1.32890744E-1
342	1.33496885E-1
361	1.33562719E-1
420	1.3456065E-1
655	1.34790171E-1
929	1.3569935E-1
730	1.35843605E-1
432	1.38480897E-1
823	1.4004676E-1
226	1.40623238E-1
693	1.41579141E-1
760	1.41775341E-1
337	1.42515362E-1
200	1.43616694E-1
601	1.46909109E-1
618	1.47275311E-1
209	1.47379331E-1
678	1.47437373E-1
325	1.48487961E-1
560	1.48650847E-1
370	1.48764151E-1
647	1.48845981E-1
241	1.49339523E-1
9	1.49414742E-1
946	1.50111619E-1
575	1.51669724E-1
201	1.5346621E-1
145	1.5426423E-1
950	1.54371147E-1
81	1.55400371E-1
982	1.5596785E-1
354	1.56842468E-1
72	1.57237391E-1
455	1.58086945E-1
422	1.58095794E-1
588	1.59122312E-1
751	1.59428711E-1
894	1.60212183E-1
783	1.60285441E-1
919	1.60731834E-1
930	1.62362214E-1
897	1.63567356E-1
298	1.63734159E-1
537	1.63891751E-1
779	1.64013244E-1
232	1.64884829E-1
63	1.66528937E-1
428	1.66715273E-1
682	1.67590901E-1
61	1.6785673E-1
531	1.69725655E-1
229	1.70085817E-1
425	1.71216131E-1
373	1.72312649E-1
364	1.73149471E-1
126	1.73183272E-1
819	1.74300943E-1
953	1.74509529E-1
385	1.75377662E-1
616	1.75433995E-1
1016	1.76182297E-1
434	1.76482333E-1
901	1.76970957E-1
143	1.78043856E-1
214	1.79552292E-1
683	1.79639756E-1
322	1.80713718E-1
376	1.81850376E-1
837	1.83355046E-1
915	1.83856566E-1
576	1.8564238E-1
482	1.86300295E-1
664	1.88721746E-1
1013	1.88765388E-1
624	1.89241708E-1
239	1.89453874E-1
702	1.90032883E-1
716	1.90416322E-1
272	1.92308026E-1
579	1.92370538E-1
970	1.93697912E-1
924	1.93861217E-1
656	1.94257396E-1
277	1.94598786E-1
33	1.9791879E-1
475	1.99392947E-1
507	1.9971771E-1
658	2.01194406E-1
627	2.0147797E-1
650	2.02293954E-1
473	2.02646755E-1
245	2.03763613E-1
106	2.03997886E-1
824	2.04222592E-1
353	2.04850967E-1
552	2.0774704E-1
108	2.08279527E-1
3	2.10907695E-1
739	2.1259669E-1
699	2.13076366E-1
263	2.13371535E-1
351	2.13795793E-1
278	2.14224616E-1
95	2.14542616E-1
527	2.16054778E-1
189	2.16328749E-1
770	2.16396699E-1
244	2.18262376E-1
762	2.18335962E-1
808	2.18861061E-1
144	2.20069212E-1
282	2.21494515E-1
363	2.22183987E-1
782	2.22932954E-1
742	2.23875627E-1
240	2.24227359E-1
791	2.26271015E-1
179	2.27570512E-1
888	2.27826044E-1
866	2.29689422E-1
836	2.2995371E-1
960	2.30254547E-1
879	2.31016022E-1
175	2.31706449E-1
140	2.32184365E-1
504	2.32763627E-1
700	2.34432033E-1
466	2.35159732E-1
822	2.36322501E-1
860	2.36341904E-1
484	2.39354714E-1
319	2.41774594E-1
904	2.42177449E-1
605	2.42874267E-1
124	2.45508917E-1
308	2.45590653E-1
677	2.45630452E-1
155	2.46445126E-1
223	2.46822793E-1
503	2.51442847E-1
606	2.52955643E-1
85	2.5310625E-1
913	2.53243235E-1
465	2.53310118E-1
324	2.53346005E-1
128	2.54056709E-1
199	2.55429256E-1
800	2.58567863E-1
534	2.5897769E-1
1021	2.61088608E-1
476	2.6177197E-1
611	2.61810065E-1
852	2.61875055E-1
976	2.63304865E-1
117	2.63406184E-1
529	2.64197203E-1
339	2.64202186E-1
768	2.64557293E-1
46	2.64657634E-1
570	2.66456293E-1
845	2.67542678E-1
335	2.69390147E-1
2	2.70359761E-1
729	2.73908888E-1
1001	2.74283268E-1
289	2.75485265E-1
632	2.76817795E-1
257	2.78001969E-1
543	2.79988602E-1
375	2.80746113E-1
533	2.82209787E-1
45	2.83087826E-1
806	2.83547453E-1
595	2.83957304E-1
18	2.84589225E-1
872	2.87904823E-1
390	2.88588465E-1
558	2.88678588E-1
70	2.91537008E-1
583	2.91614283E-1
995	2.92327352E-1
417	2.92435612E-1
379	2.92466168E-1
769	2.9374341E-1
293	2.96155319E-1
165	2.98517471E-1
828	2.99993971E-1
893	3.0193104E-1
628	3.02222388E-1
753	3.04803954E-1
478	3.04924264E-1
988	3.04973192E-1
378	3.05516331E-1
986	3.06237631E-1
84	3.0669581E-1
771	3.06777343E-1
371	3.07332158E-1
303	3.07728222E-1
638	3.11821724E-1
451	3.12001525E-1
463	3.13171312E-1
713	3.16634276E-1
508	3.19062043E-1
830	3.20078781E-1
485	3.2059463E-1
853	3.2149324E-1
386	3.21530188E-1
792	3.23280178E-1
440	3.23456065E-1
549	3.24496328E-1
78	3.24602913E-1
997	3.28263659E-1
184	3.29450125E-1
343	3.32563024E-1
12	3.33400336E-1
524	3.34900548E-1
581	3.3629982E-1
761	3.36961517E-1
816	3.37233153E-1
838	3.37247301E-1
589	3.38751891E-1
540	3.38849942E-1
172	3.39610502E-1
146	3.40889954E-1
834	3.41592808E-1
497	3.41649568E-1
883	3.43204931E-1
412	3.43831469E-1
409	3.44653474E-1
694	3.45355529E-1
669	3.45616808E-1
111	3.45704299E-1
439	3.51881266E-1
491	3.53069279E-1
204	3.53086817E-1
384	3.53787927E-1
233	3.54092861E-1
441	3.54222063E-1
37	3.54347216E-1
631	3.5519134E-1
593	3.55667084E-1
444	3.56607072E-1
667	3.57550328E-1
989	3.57832613E-1
39	3.57949717E-1
166	3.5861799E-1
642	3.58674768E-1
890	3.58786184E-1
959	3.60378262E-1
248	3.60582577E-1
884	3.63186499E-1
149	3.67132115E-1
703	3.67271305E-1
752	3.67764028E-1
562	3.68730219E-1
737	3.70942869E-1
889	3.72460259E-1
73	3.74630338E-1
502	3.74937416E-1
470	3.76655679E-1
10	3.76777702E-1
405	3.77814339E-1
885	3.77878411E-1
49	3.7865467E-1
452	3.78772989E-1
279	3.80672079E-1
392	3.82262503E-1
934	3.85054662E-1
416	3.85404258E-1
396	3.86484891E-1
749	3.86794563E-1
76	3.87635713E-1
290	3.88668188E-1
747	3.90355096E-1
858	3.90538104E-1
213	3.91050044E-1
125	3.92145048E-1
657	3.94277992E-1
679	3.9540599E-1
750	3.95966545E-1
96	3.97977404E-1
954	3.98005056E-1
849	3.99151249E-1
939	3.99397362E-1
368	3.99567624E-1
153	4.02876303E-1
555	4.03403401E-1
275	4.03812009E-1
597	4.04127443E-1
307	4.04740777E-1
774	4.05000416E-1
115	4.06455824E-1
962	4.07003955E-1
895	4.07212737E-1
196	4.08211406E-1
421	4.09324417E-1
454	4.10299736E-1
372	4.11669461E-1
288	4.11851852E-1
941	4.13055257E-1
313	4.13949665E-1
955	4.14381358E-1
148	4.14517355E-1
98	4.1452257E-1
221	4.15069636E-1
159	4.1661496E-1
574	4.16678816E-1
572	4.16684668E-1
450	4.16865859E-1
310	4.1736472E-1
169	4.18473567E-1
850	4.19176834E-1
168	4.23825121E-1
539	4.2404746E-1
865	4.24097728E-1
561	4.2417406E-1
486	4.24925428E-1
591	4.25585059E-1
187	4.27000871E-1
812	4.28593095E-1
227	4.30772736E-1
881	4.32579912E-1
846	4.32802387E-1
90	4.33385419E-1
864	4.33876328E-1
807	4.34073372E-1
406	4.35215819E-1
926	4.36510505E-1
162	4.3969118E-1
399	4.40507429E-1
460	4.40877744E-1
55	4.41195515E-1
805	4.41262472E-1
112	4.41519595E-1
176	4.43645109E-1
780	4.45963862E-1
407	4.46984993E-1
698	4.48154408E-1
598	4.49605318E-1
292	4.50203277E-1
147	4.50871629E-1
518	4.50891146E-1
340	4.51422333E-1
993	4.51575311E-1
869	4.51602725E-1
563	4.52867776E-1
654	4.5369805E-1
225	4.54285382E-1
494	4.55032273E-1
4	4.56098555E-1
764	4.56737796E-1
832	4.56913069E-1
1017	4.57449947E-1
14	4.58280956E-1
320	4.58469295E-1
511	4.63509556E-1
438	4.63713167E-1
348	4.64094875E-1
928	4.65320201E-1
1002	4.66463165E-1
261	4.6692402E-1
844	4.68038874E-1
469	4.69577462E-1
856	4.70100587E-1
775	4.70638171E-1
496	4.7067648E-1
728	4.71265477E-1
794	4.72012026E-1
274	4.72383768E-1
104	4.72388832E-1
804	4.73061515E-1
16	4.73419014E-1
498	4.74776922E-1
355	4.76562553E-1
207	4.76871367E-1
362	4.7772664E-1
51	4.78111197E-1
54	4.784347E-1
696	4.78495909E-1
706	4.79403715E-1
948	4.81081593E-1
776	4.81280455E-1
67	4.81825208E-1
665	4.81972703E-1
987	4.83368164E-1
380	4.84771099E-1
93	4.854249E-1
571	4.86967573E-1
387	4.87860255E-1
554	4.89176126E-1
674	4.90574941E-1
119	4.90750433E-1
991	4.91795669E-1
909	4.92090137E-1
260	4.9225747E-1
468	4.92323144E-1
249	4.95070591E-1
256	4.95889358E-1
57	4.96644052E-1
139	4.97644253E-1
459	4.99634614E-1
813	5.00622493E-1
630	5.03505221E-1
1019	5.04011877E-1
197	5.07841312E-1
878	5.12071825E-1
316	5.13322642E-1
907	5.13418106E-1
580	5.13681581E-1
91	5.17180327E-1
467	5.19370765E-1
949	5.19888896E-1
676	5.20950249E-1
367	5.23112561E-1
107	5.23235246E-1
291	5.24613472E-1
80	5.25662127E-1
744	5.2657983E-1
573	5.26892734E-1
717	5.26919438E-1
829	5.27614576E-1
755	5.28231795E-1
43	5.28645251E-1
568	5.28655359E-1
718	5.29425455E-1
317	5.30852708E-1
725	5.3362014E-1
271	5.33756908E-1
236	5.36674741E-1
726	5.37229128E-1
596	5.37419919E-1
610	5.38623486E-1
556	5.3942088E-1
251	5.40286213E-1
58	5.42517585E-1
402	5.42952696E-1
757	5.43161111E-1
426	5.43549981E-1
1011	5.46046815E-1
977	5.47965989E-1
892	5.49275078E-1
170	5.50952194E-1
1005	5.5153437E-1
41	5.52069574E-1
887	5.52688361E-1
453	5.52926616E-1
961	5.5294742E-1
617	5.53835062E-1
528	5.54999373E-1
151	5.55738887E-1
659	5.55839673E-1
1022	5.57317045E-1
673	5.58492254E-1
329	5.59072647E-1
772	5.60336466E-1
410	5.6161165E-1
327	5.62226452E-1
429	5.63092639E-1
975	5.64666099E-1
899	5.65666501E-1
446	5.65927524E-1
300	5.6837142E-1
311	5.70544533E-1
488	5.71958885E-1
923	5.72407912E-1
480	5.72849271E-1
777	5.74376417E-1
973	5.75824756E-1
366	5.76179218E-1
75	5.7666653E-1
167	5.77856132E-1
1010	5.79888933E-1
102	5.81419464E-1
77	5.82919846E-1
395	5.83362269E-1
20	5.83497021E-1
681	5.83783741E-1
152	5.84068634E-1
269	5.84821715E-1
243	5.85413651E-1
530	5.87581903E-1
614	5.90196605E-1
48	5.93646691E-1
515	5.94443847E-1
733	5.9466417E-1
445	5.95334649E-1
854	5.95726308E-1
121	5.96906783E-1
767	5.97507581E-1
56	5.99074997E-1
510	5.99808388E-1
968	6.01206218E-1
532	6.0310237E-1
861	6.03157621E-1
609	6.03343963E-1
831	6.05248368E-1
273	6.06453489E-1
905	6.07134114E-1
314	6.09723086E-1
715	6.10037823E-1
443	6.12069797E-1
925	6.1359936E-1
548	6.14465402E-1
68	6.15317071E-1
25	6.15651845E-1
506	6.1798916E-1
759	6.22360435E-1
862	6.22808649E-1
8	6.2470922E-1
671	6.29280533E-1
643	6.2983218E-1
648	6.29870114E-1
711	6.29954579E-1
873	6.30046991E-1
493	6.31342186E-1
158	6.31343162E-1
998	6.31402128E-1
622	6.32037489E-1
984	6.32167438E-1
1014	6.36056532E-1
809	6.36163681E-1
714	6.36504008E-1
906	6.39515221E-1
304	6.4261211E-1
305	6.43036763E-1
270	6.45555408E-1
174	6.47879246E-1
932	6.48449616E-1
734	6.48461763E-1
652	6.49344615E-1
974	6.54380047E-1
205	6.54382201E-1
222	6.54466419E-1
188	6.56326352E-1
246	6.58269949E-1
137	6.58881329E-1
719	6.59441493E-1
141	6.59636422E-1
132	6.60359114E-1
992	6.60586783E-1
880	6.6072823E-1
863	6.61406421E-1
220	6.61891742E-1
937	6.62832464E-1
336	6.63120638E-1
94	6.6471303E-1
341	6.67545038E-1
731	6.67838115E-1
483	6.67913235E-1
328	6.68084687E-1
557	6.70149771E-1
47	6.72859054E-1
821	6.73253619E-1
130	6.73433393E-1
15	6.7384642E-1
1015	6.74349899E-1
523	6.76961542E-1
826	6.77119878E-1
253	6.78286722E-1
916	6.78288927E-1
721	6.78334725E-1
910	6.79406941E-1
746	6.79687405E-1
689	6.81511047E-1
778	6.81534928E-1
636	6.82322885E-1
541	6.84341708E-1
462	6.84427965E-1
377	6.84642276E-1
505	6.84760113E-1
935	6.85774691E-1
685	6.85933722E-1
413	6.86819146E-1
26	6.87159839E-1
1003	6.87543146E-1
933	6.87747215E-1
922	6.88094143E-1
345	6.89277107E-1
60	6.9025605E-1
419	6.9116626E-1
963	6.91993316E-1
1018	6.92318562E-1
295	6.95451076E-1
1023	6.95524772E-1
254	6.95672601E-1
798	6.95895899E-1
433	6.97199431E-1
180	6.97682934E-1
578	6.98012124E-1
113	6.98418237E-1
971	6.99049054E-1
520	7.02054902E-1
835	7.02426682E-1
192	7.03552615E-1
36	7.04977574E-1
258	7.05106705E-1
50	7.05516362E-1
644	7.05963461E-1
525	7.09984113E-1
198	7.12097605E-1
495	7.12929821E-1
851	7.12992041E-1
686	7.13884384E-1
430	7.14370018E-1
472	7.1499483E-1
347	7.155136E-1
697	7.15741676E-1
559	7.15980561E-1
211	7.16851228E-1
250	7.17901345E-1
634	7.1885285E-1
790	7.19417255E-1
902	7.20460625E-1
195	7.22545913E-1
1004	7.23931647E-1
27	7.23971332E-1
951	7.25818281E-1
217	7.26245231E-1
142	7.27218682E-1
940	7.28780662E-1
550	7.28976224E-1
629	7.29255002E-1
743	7.30385769E-1
551	7.30948436E-1
641	7.31808495E-1
6	7.32558185E-1
981	7.34195678E-1
867	7.34204938E-1
456	7.3567808E-1
900	7.36115094E-1
927	7.36767841E-1
230	7.37085446E-1
346	7.38175803E-1
458	7.39564344E-1
418	7.41221223E-1
302	7.42552911E-1
621	7.43127127E-1
382	7.4469981E-1
306	7.47937457E-1
811	7.48128992E-1
123	7.48489318E-1
675	7.51318015E-1
286	7.52016676E-1
651	7.54165891E-1
876	7.5570455E-1
619	7.57727639E-1
461	7.59713255E-1
646	7.60345281E-1
358	7.60659508E-1
538	7.61963095E-1
708	7.62281734E-1
763	7.64417427E-1
704	7.66392835E-1
437	7.68029861E-1
735	7.68159669E-1
582	7.68466354E-1
312	7.7171331E-1
754	7.73305808E-1
896	7.74575549E-1
224	7.74725977E-1
394	7.7492351E-1
565	7.75147594E-1
585	7.75158849E-1
990	7.77000503E-1
331	7.7722164E-1
350	7.78786433E-1
833	7.79463467E-1
620	7.82826891E-1
966	7.83038789E-1
944	7.8351098E-1
206	7.83532889E-1
741	7.83686039E-1
785	7.84454448E-1
695	7.86792685E-1
724	7.87683832E-1
276	7.87816266E-1
736	7.89762209E-1
86	7.90129047E-1
723	7.90409967E-1
479	7.9089151E-1
109	7.91106515E-1
649	7.92334888E-1
653	7.92994268E-1
936	7.93479203E-1
978	7.95082265E-1
457	7.9589799E-1
1000	7.96200951E-1
0	8.00280176E-1
24	8.01197721E-1
35	8.02461624E-1
360	8.03326671E-1
513	8.04089534E-1
957	8.06067332E-1
309	8.06992534E-1
71	8.08526491E-1
215	8.12534916E-1
999	8.12753402E-1
942	8.13346558E-1
983	8.14345831E-1
299	8.16773064E-1
857	8.17147852E-1
268	8.20801077E-1
898	8.2093398E-1
841	8.22485914E-1
344	8.25874055E-1
947	8.26235447E-1
5	8.26651965E-1
194	8.26748488E-1
607	8.27106607E-1
118	8.28969902E-1
500	8.29286756E-1
874	8.33060707E-1
218	8.33137316E-1
612	8.35857364E-1
30	8.35921146E-1
608	8.38051641E-1
411	8.42912966E-1
868	8.43426562E-1
31	8.4367544E-1
875	8.44136877E-1
284	8.45336056E-1
839	8.45532535E-1
787	8.47396308E-1
237	8.47515282E-1
182	8.48761329E-1
359	8.49649613E-1
635	8.49794518E-1
903	8.50050246E-1
793	8.50458355E-1
1007	8.50810829E-1
100	8.51961955E-1
397	8.52490881E-1
234	8.5322772E-1
564	8.53731994E-1
435	8.53888338E-1
332	8.53961166E-1
208	8.5408635E-1
262	8.54798377E-1
103	8.54884803E-1
705	8.55158779E-1
393	8.55832737E-1
877	8.55893419E-1
338	8.56736042E-1
202	8.57660715E-1
509	8.58421656E-1
526	8.58906909E-1
352	8.59722542E-1
577	8.61803766E-1
546	8.62232118E-1
980	8.62813356E-1
945	8.63826805E-1
972	8.65079065E-1
131	8.65190909E-1
255	8.66493523E-1
13	8.66592496E-1
587	8.68046984E-1
477	8.6892214E-1
330	8.69195944E-1
600	8.69779492E-1
252	8.69857378E-1
154	8.70344426E-1
701	8.70472472E-1
114	8.72193312E-1
514	8.72720798E-1
720	8.72860382E-1
911	8.74462734E-1
74	8.74965255E-1
918	8.75924134E-1
567	8.76781663E-1
1020	8.76886272E-1
53	8.77806035E-1
660	8.79917464E-1
374	8.84056739E-1
62	8.84671896E-1
640	8.84703183E-1
661	8.85345361E-1
626	8.85970355E-1
391	8.87779078E-1
738	8.90962127E-1
871	8.91168041E-1
969	8.92414305E-1
801	8.93457479E-1
92	8.97064186E-1
242	8.98061986E-1
680	8.98255522E-1
569	8.99372157E-1
157	9.0128954E-1
447	9.01308553E-1
99	9.02192526E-1
178	9.03501205E-1
847	9.04005262E-1
662	9.04036757E-1
185	9.04608801E-1
796	9.06050671E-1
449	9.06332916E-1
388	9.06714609E-1
357	9.07936237E-1
161	9.11371809E-1
663	9.12355024E-1
908	9.12831476E-1
259	9.13271286E-1
855	9.13819594E-1
512	9.14398833E-1
956	9.14878059E-1
34	9.15237435E-1
765	9.15384466E-1
891	9.1543066E-1
193	9.15551201E-1
59	9.17225919E-1
42	9.17317185E-1
748	9.18171171E-1
827	9.18219247E-1
219	9.1882525E-1
301	9.19314886E-1
181	9.20441227E-1
186	9.22036231E-1
687	9.22903208E-1
89	9.23651076E-1
803	9.24590045E-1
740	9.24610967E-1
156	9.25097785E-1
19	9.26053976E-1
442	9.26413379E-1
190	9.27560273E-1
840	9.28532329E-1
326	9.29390698E-1
613	9.29697284E-1
32	9.30735303E-1
615	9.3091056E-1
17	9.32140595E-1
797	9.34936351E-1
356	9.35933815E-1
492	9.36284556E-1
594	9.37844582E-1
11	9.39200573E-1
281	9.40338068E-1
517	9.41015979E-1
842	9.41871029E-1
164	9.43301556E-1
639	9.45088981E-1
203	9.46123122E-1
712	9.46209229E-1
545	9.46499197E-1
958	9.4943518E-1
318	9.52479823E-1
177	9.53048867E-1
536	9.5350824E-1
789	9.54440588E-1
264	9.55505086E-1
781	9.57878761E-1
29	9.60821304E-1
191	9.6109172E-1
40	9.61728983E-1
820	9.61795646E-1
448	9.62509172E-1
690	9.6440849E-1
952	9.64868313E-1
602	9.67720477E-1
914	9.69141207E-1
212	9.69609741E-1
44	9.71448554E-1
424	9.72844446E-1
1012	9.74248526E-1
553	9.7497933E-1
943	9.78135812E-1
83	9.78301532E-1
766	9.79053204E-1
474	9.80241568E-1
120	9.80582398E-1
996	9.81306449E-1
979	9.82069245E-1
965	9.84467165E-1
637	9.84827586E-1
623	9.89299215E-1
521	9.89783219E-1
134	9.91085724E-1
544	9.91661292E-1
843	9.91780034E-1
859	9.92094788E-1
171	9.92812811E-1
756	9.93077544E-1
133	9.93739531E-1
773	9.94364458E-1
586	9.95073335E-1
423	9.96690811E-1
786	9.98166511E-1
592	9.98444891E-1
994	9.99660494E-1
490	9.99720226E-1
967	9.99931054E-1
