Name	chi2Pvalue
584	4.10669889E-4
995	5.94491641E-4
465	2.0472174E-3
474	4.04146467E-3
41	5.78689619E-3
882	7.45723555E-3
529	8.24399648E-3
983	8.2569431E-3
179	8.34425212E-3
878	9.25135896E-3
541	9.73348724E-3
361	1.07583666E-2
335	1.16594133E-2
147	1.3586988E-2
348	1.39383006E-2
396	1.59014922E-2
699	1.93668505E-2
909	2.08230147E-2
1007	2.17597384E-2
390	2.19584876E-2
981	2.42262575E-2
735	2.46661254E-2
992	2.51913168E-2
200	2.524887E-2
181	2.56463289E-2
103	2.75304809E-2
724	2.93208182E-2
39	2.97947069E-2
169	3.17426063E-2
615	3.20741309E-2
731	3.2933695E-2
71	3.37878239E-2
730	3.64004403E-2
728	3.69036433E-2
144	3.70621884E-2
631	3.71947144E-2
163	3.90774976E-2
568	4.01507788E-2
750	4.52578424E-2
44	4.68319733E-2
553	4.68977193E-2
591	4.79038539E-2
571	5.01453274E-2
17	5.01485627E-2
975	5.11374163E-2
974	5.12315399E-2
501	5.13269225E-2
634	5.17779933E-2
245	5.5323285E-2
416	5.69743228E-2
949	5.93783634E-2
843	5.99247284E-2
496	6.04094495E-2
677	6.25199722E-2
51	6.26680452E-2
965	6.32082794E-2
932	6.34142123E-2
122	6.39802619E-2
497	6.46108476E-2
824	6.66250966E-2
224	6.67117195E-2
733	6.72528308E-2
770	6.73798424E-2
604	6.76606243E-2
303	6.76931074E-2
727	6.95215099E-2
328	7.03020782E-2
139	7.06418185E-2
817	7.18960011E-2
567	7.23478205E-2
235	7.28417556E-2
781	7.29008775E-2
689	7.32458872E-2
1008	7.37281687E-2
317	7.39852595E-2
376	7.47427956E-2
755	7.78151096E-2
259	7.83178214E-2
924	7.83382865E-2
788	7.86289698E-2
543	7.90024423E-2
296	7.94353199E-2
476	7.96160776E-2
876	7.96384978E-2
1001	8.00308918E-2
453	8.26994468E-2
525	8.37063484E-2
331	8.66558409E-2
367	8.68024165E-2
430	8.76874326E-2
808	9.06055847E-2
961	9.19594956E-2
996	9.64421212E-2
242	9.84424736E-2
97	9.85732203E-2
414	9.88929124E-2
798	9.96477808E-2
190	1.00467905E-1
540	1.00999576E-1
987	1.02170738E-1
260	1.03099222E-1
962	1.03528749E-1
80	1.05660093E-1
946	1.06067241E-1
60	1.06593634E-1
999	1.07289318E-1
248	1.07395019E-1
413	1.07647647E-1
931	1.07757402E-1
685	1.08097224E-1
897	1.09405954E-1
667	1.09647144E-1
210	1.10378521E-1
438	1.11765229E-1
610	1.12486396E-1
460	1.12712807E-1
552	1.13886196E-1
589	1.14299319E-1
113	1.14320741E-1
538	1.15033628E-1
950	1.15756479E-1
802	1.1657529E-1
316	1.16587588E-1
351	1.16614585E-1
823	1.17238051E-1
431	1.17766469E-1
238	1.17928276E-1
339	1.18304766E-1
439	1.2028382E-1
177	1.20883637E-1
507	1.21597594E-1
912	1.22017342E-1
158	1.22438475E-1
184	1.23262882E-1
663	1.23274099E-1
854	1.23744689E-1
617	1.24409012E-1
73	1.24734424E-1
186	1.25910667E-1
332	1.26619628E-1
930	1.2763667E-1
769	1.28024273E-1
119	1.28294799E-1
612	1.2932151E-1
925	1.32714884E-1
782	1.33166709E-1
429	1.33478405E-1
110	1.3425858E-1
92	1.34338893E-1
176	1.34596169E-1
879	1.36167654E-1
676	1.3746286E-1
111	1.37835501E-1
853	1.38663191E-1
848	1.38689107E-1
638	1.38816774E-1
440	1.3936187E-1
74	1.39989941E-1
395	1.40338344E-1
13	1.45286328E-1
312	1.45418407E-1
27	1.47180996E-1
300	1.47850835E-1
307	1.49255201E-1
378	1.51178161E-1
751	1.52370033E-1
532	1.52631969E-1
833	1.53791627E-1
90	1.53934617E-1
451	1.55606538E-1
30	1.57067175E-1
227	1.57906959E-1
444	1.59301712E-1
134	1.59573744E-1
603	1.5999047E-1
953	1.61191861E-1
326	1.62127612E-1
446	1.63669005E-1
57	1.64077532E-1
7	1.64873068E-1
18	1.64992274E-1
372	1.66506583E-1
799	1.67548081E-1
832	1.67910207E-1
313	1.69072926E-1
887	1.69121513E-1
442	1.69175002E-1
411	1.73748317E-1
443	1.74626339E-1
726	1.75695674E-1
903	1.75865995E-1
509	1.76306077E-1
549	1.76352055E-1
774	1.76469743E-1
55	1.76885101E-1
527	1.76919857E-1
500	1.77301954E-1
856	1.77494191E-1
173	1.77846743E-1
586	1.79088909E-1
219	1.80441398E-1
572	1.80572339E-1
240	1.81041446E-1
627	1.81185566E-1
325	1.81629772E-1
216	1.82235299E-1
502	1.845185E-1
82	1.84656596E-1
611	1.86539534E-1
309	1.8971699E-1
764	1.9037862E-1
778	1.90541777E-1
421	1.91094149E-1
257	1.91284552E-1
68	1.91408751E-1
739	1.92097027E-1
872	1.93770249E-1
78	1.94492146E-1
935	1.95461596E-1
261	1.95972712E-1
687	1.99489587E-1
642	2.00673631E-1
31	2.00753273E-1
639	2.0322457E-1
1	2.03394279E-1
885	2.07554131E-1
262	2.08213388E-1
522	2.08321059E-1
514	2.11224772E-1
671	2.11343349E-1
989	2.13404392E-1
409	2.13708679E-1
960	2.14732962E-1
725	2.16278766E-1
432	2.16637339E-1
744	2.1859896E-1
756	2.20320908E-1
470	2.20499546E-1
515	2.21581518E-1
772	2.21703473E-1
583	2.21886004E-1
641	2.22617506E-1
939	2.23273302E-1
707	2.23689841E-1
352	2.25212546E-1
290	2.26025921E-1
463	2.26111954E-1
560	2.26536662E-1
519	2.26802119E-1
135	2.27643496E-1
364	2.29447193E-1
91	2.2948424E-1
42	2.30530182E-1
558	2.31040729E-1
861	2.32556093E-1
418	2.33136663E-1
121	2.34882781E-1
547	2.35743443E-1
757	2.35953273E-1
557	2.36212899E-1
20	2.3748196E-1
467	2.39468552E-1
371	2.40042715E-1
221	2.40817948E-1
81	2.41369618E-1
702	2.41889917E-1
780	2.44214529E-1
271	2.45075454E-1
708	2.45196503E-1
330	2.45975703E-1
792	2.47135225E-1
318	2.4737575E-1
648	2.47634854E-1
263	2.48157553E-1
159	2.48328163E-1
892	2.49271643E-1
344	2.50618157E-1
250	2.50992247E-1
114	2.53136636E-1
1009	2.56400512E-1
952	2.57336345E-1
803	2.58256698E-1
530	2.59119026E-1
203	2.60047137E-1
304	2.60084666E-1
388	2.60860503E-1
705	2.62428704E-1
662	2.64127102E-1
98	2.64913289E-1
109	2.66528783E-1
614	2.6774366E-1
940	2.68133131E-1
520	2.68318472E-1
12	2.69006689E-1
628	2.69413024E-1
835	2.6946484E-1
357	2.69874235E-1
420	2.70525248E-1
448	2.71074754E-1
526	2.72761041E-1
1015	2.73014302E-1
664	2.74843439E-1
104	2.75215443E-1
697	2.77429386E-1
846	2.80698612E-1
852	2.8280163E-1
252	2.84704891E-1
1014	2.85625646E-1
185	2.88005175E-1
1011	2.89045181E-1
130	2.89422884E-1
566	2.91076955E-1
891	2.91477913E-1
682	2.92079758E-1
11	2.93477779E-1
805	2.94173602E-1
354	2.94312306E-1
968	2.94973902E-1
562	2.96189135E-1
787	2.96303828E-1
847	2.96964798E-1
665	2.97908062E-1
243	2.98083853E-1
405	2.99133135E-1
860	2.99139606E-1
937	2.99448883E-1
954	3.00106681E-1
278	3.01319417E-1
208	3.02445485E-1
65	3.03372335E-1
93	3.04617944E-1
385	3.05203829E-1
386	3.0627995E-1
324	3.08478363E-1
182	3.08717727E-1
265	3.10109445E-1
871	3.10121287E-1
322	3.11348602E-1
890	3.12324296E-1
623	3.13404883E-1
672	3.13448603E-1
564	3.16433668E-1
580	3.17061699E-1
791	3.17586706E-1
827	3.19288533E-1
199	3.21081346E-1
1004	3.22584372E-1
561	3.24577331E-1
512	3.24726104E-1
249	3.26773324E-1
83	3.2753647E-1
906	3.27637862E-1
711	3.27805114E-1
740	3.28262359E-1
577	3.29463688E-1
187	3.2973905E-1
656	3.32390125E-1
745	3.32729948E-1
329	3.3275756E-1
916	3.32839882E-1
499	3.33667582E-1
120	3.35032586E-1
487	3.35401031E-1
306	3.36585236E-1
888	3.37505293E-1
554	3.38348011E-1
550	3.39204626E-1
632	3.40046541E-1
683	3.40501537E-1
319	3.41460116E-1
578	3.42207369E-1
777	3.45736322E-1
468	3.46372536E-1
633	3.47481355E-1
153	3.48133608E-1
340	3.48506263E-1
160	3.49202326E-1
408	3.5028252E-1
54	3.51195963E-1
315	3.51755202E-1
812	3.53659463E-1
598	3.55606416E-1
373	3.55906886E-1
810	3.577421E-1
536	3.59467352E-1
79	3.63614315E-1
645	3.64825241E-1
747	3.6601348E-1
826	3.67129329E-1
680	3.68168203E-1
579	3.68727064E-1
881	3.68939374E-1
264	3.69199813E-1
652	3.69978858E-1
366	3.70171343E-1
822	3.70482137E-1
690	3.73022007E-1
698	3.75740758E-1
334	3.76681829E-1
972	3.77053827E-1
587	3.77402688E-1
281	3.77616094E-1
570	3.7862929E-1
643	3.8009772E-1
873	3.80264911E-1
225	3.81515744E-1
1016	3.84326784E-1
850	3.84332388E-1
383	3.84822769E-1
889	3.85718079E-1
19	3.8634217E-1
117	3.87232303E-1
115	3.88124537E-1
973	3.89061875E-1
495	3.90438605E-1
883	3.91800903E-1
426	3.92114468E-1
722	3.93495094E-1
435	3.94860855E-1
15	3.9545934E-1
217	3.99339032E-1
455	3.99436798E-1
72	4.0176338E-1
784	4.01958446E-1
398	4.02954724E-1
875	4.03421132E-1
343	4.03829238E-1
491	4.04978186E-1
569	4.05076171E-1
484	4.06506942E-1
285	4.07372801E-1
234	4.10050867E-1
33	4.10531077E-1
551	4.10716211E-1
944	4.10955649E-1
971	4.11123269E-1
379	4.13292477E-1
754	4.14106261E-1
214	4.15404535E-1
900	4.17374816E-1
907	4.19886285E-1
156	4.19956586E-1
814	4.20329574E-1
204	4.20508053E-1
849	4.21483262E-1
107	4.22091224E-1
67	4.2314224E-1
700	4.28850896E-1
741	4.30231889E-1
695	4.3046061E-1
34	4.30888293E-1
389	4.32385599E-1
274	4.32962112E-1
231	4.34072691E-1
661	4.34664784E-1
807	4.35061682E-1
125	4.35278976E-1
254	4.36201059E-1
155	4.36327407E-1
594	4.38153772E-1
646	4.39460011E-1
874	4.40428566E-1
16	4.42065698E-1
613	4.4223308E-1
192	4.4293397E-1
659	4.43537565E-1
673	4.43881161E-1
87	4.43899026E-1
288	4.4439869E-1
136	4.44706926E-1
145	4.45524866E-1
982	4.45594303E-1
797	4.45908088E-1
212	4.45937744E-1
94	4.48362234E-1
310	4.5000464E-1
789	4.50364504E-1
441	4.50721838E-1
970	4.52220314E-1
841	4.52536645E-1
123	4.52671305E-1
150	4.54071197E-1
620	4.54479033E-1
183	4.55101725E-1
837	4.55495947E-1
391	4.57765257E-1
112	4.59038488E-1
943	4.59106154E-1
980	4.59458289E-1
1012	4.61623878E-1
255	4.62124255E-1
660	4.62606453E-1
211	4.62824894E-1
337	4.63388943E-1
295	4.6343324E-1
454	4.64501187E-1
380	4.651086E-1
404	4.65622554E-1
24	4.66916828E-1
716	4.67146741E-1
189	4.67788161E-1
407	4.6807242E-1
143	4.68137353E-1
166	4.70021409E-1
710	4.70375084E-1
272	4.7130875E-1
412	4.71371296E-1
29	4.72249865E-1
4	4.72259461E-1
517	4.73115736E-1
133	4.73867186E-1
607	4.75957766E-1
976	4.76070192E-1
894	4.76207772E-1
984	4.76791838E-1
282	4.78360262E-1
575	4.78490909E-1
297	4.79111987E-1
308	4.79483362E-1
863	4.80317776E-1
513	4.80580369E-1
834	4.8075302E-1
601	4.84699342E-1
654	4.85194589E-1
106	4.86542824E-1
47	4.87244732E-1
867	4.92214217E-1
877	4.94973402E-1
178	4.96300516E-1
85	4.97402321E-1
486	5.00093189E-1
609	5.01426212E-1
101	5.02139525E-1
102	5.02723659E-1
247	5.02854338E-1
786	5.05750111E-1
458	5.06410937E-1
384	5.06444638E-1
232	5.06952223E-1
58	5.08471491E-1
858	5.0954372E-1
964	5.1086064E-1
209	5.11288735E-1
963	5.12494355E-1
35	5.12624109E-1
5	5.14639368E-1
508	5.15175638E-1
273	5.15966285E-1
230	5.16652486E-1
406	5.17247273E-1
403	5.17348069E-1
573	5.19201492E-1
719	5.21336135E-1
868	5.21808615E-1
423	5.21957946E-1
948	5.22266237E-1
174	5.22636035E-1
436	5.23182072E-1
375	5.24043093E-1
1006	5.25635604E-1
137	5.26200553E-1
23	5.26619265E-1
492	5.27318006E-1
89	5.3109412E-1
355	5.3197683E-1
742	5.33636455E-1
229	5.34743063E-1
66	5.35146393E-1
738	5.35626718E-1
45	5.36847257E-1
913	5.37531796E-1
596	5.40534413E-1
839	5.40682283E-1
198	5.41344746E-1
40	5.42063917E-1
537	5.45258921E-1
1018	5.45541334E-1
622	5.45801362E-1
424	5.46287937E-1
637	5.47448276E-1
820	5.49208723E-1
116	5.51035631E-1
462	5.5119765E-1
706	5.52818636E-1
127	5.52911056E-1
292	5.53796527E-1
142	5.54637928E-1
945	5.55767519E-1
896	5.57972898E-1
618	5.6144996E-1
237	5.64043479E-1
433	5.67857622E-1
382	5.69455187E-1
333	5.70051273E-1
327	5.70121408E-1
993	5.70477068E-1
563	5.70739823E-1
311	5.72917517E-1
749	5.73295261E-1
934	5.74923128E-1
619	5.74990999E-1
842	5.75625309E-1
62	5.75866084E-1
986	5.76013888E-1
195	5.76349735E-1
410	5.78154265E-1
908	5.79227991E-1
576	5.80970666E-1
320	5.82180375E-1
602	5.84735301E-1
21	5.86039821E-1
387	5.86871614E-1
679	5.89322225E-1
489	5.89676714E-1
381	5.95857602E-1
752	5.96400904E-1
241	5.96630812E-1
1003	5.96704029E-1
535	5.9723936E-1
785	5.97324675E-1
625	5.98574464E-1
256	5.9943172E-1
205	5.99755821E-1
678	6.0105545E-1
804	6.01260865E-1
692	6.01356916E-1
840	6.01720939E-1
910	6.0188654E-1
434	6.02057386E-1
299	6.04456635E-1
718	6.06415875E-1
291	6.07164829E-1
167	6.08300109E-1
493	6.08417544E-1
365	6.09040547E-1
524	6.09304879E-1
49	6.09337553E-1
157	6.11040668E-1
821	6.11635936E-1
213	6.11837019E-1
52	6.14933832E-1
608	6.16520992E-1
132	6.16589312E-1
239	6.16654461E-1
422	6.16820654E-1
675	6.17184017E-1
370	6.17214649E-1
857	6.17609564E-1
341	6.18409556E-1
77	6.1953183E-1
164	6.20675568E-1
621	6.21386011E-1
222	6.25965578E-1
168	6.2873178E-1
450	6.29416994E-1
152	6.30017552E-1
161	6.31384634E-1
647	6.33223035E-1
779	6.34215476E-1
809	6.3443926E-1
338	6.3694687E-1
585	6.38241828E-1
836	6.39277507E-1
674	6.393151E-1
276	6.40705007E-1
464	6.42451379E-1
459	6.43845615E-1
523	6.43900758E-1
588	6.44131686E-1
75	6.44764569E-1
479	6.46753541E-1
218	6.47009951E-1
746	6.48187273E-1
336	6.48474991E-1
599	6.50018112E-1
481	6.50463459E-1
482	6.52299428E-1
544	6.54656435E-1
417	6.55012193E-1
542	6.5781731E-1
301	6.57902565E-1
129	6.58037135E-1
124	6.6016182E-1
926	6.62032275E-1
630	6.62459884E-1
154	6.64313209E-1
0	6.73015328E-1
275	6.73043283E-1
958	6.75246896E-1
14	6.75492293E-1
880	6.75544044E-1
99	6.75678153E-1
43	6.76975294E-1
490	6.79259553E-1
884	6.80166991E-1
528	6.81444518E-1
363	6.82612693E-1
516	6.83094459E-1
998	6.83212009E-1
914	6.83341127E-1
100	6.84967501E-1
193	6.85349849E-1
712	6.85663202E-1
534	6.87129686E-1
485	6.88788604E-1
293	6.89722529E-1
346	6.90626512E-1
6	6.91219257E-1
505	6.91649103E-1
425	6.93742976E-1
452	6.98349489E-1
270	7.00296596E-1
736	7.00334916E-1
207	7.00739384E-1
748	7.00770497E-1
592	7.01530585E-1
732	7.01769073E-1
915	7.02038558E-1
353	7.02070898E-1
488	7.03017003E-1
506	7.04005218E-1
415	7.04063182E-1
84	7.04173909E-1
559	7.04523138E-1
518	7.08313449E-1
294	7.09775312E-1
32	7.11528215E-1
95	7.11982466E-1
979	7.14178237E-1
771	7.14286464E-1
59	7.18616768E-1
246	7.1887316E-1
991	7.19079501E-1
287	7.20051418E-1
266	7.21349122E-1
653	7.22835729E-1
314	7.24076836E-1
472	7.25818683E-1
359	7.26191637E-1
582	7.26446849E-1
794	7.27103965E-1
349	7.28632716E-1
36	7.31326618E-1
244	7.31599198E-1
734	7.33734173E-1
795	7.33862605E-1
368	7.34046248E-1
108	7.34829109E-1
818	7.37228032E-1
478	7.37822436E-1
800	7.3785838E-1
201	7.38262857E-1
28	7.40529036E-1
393	7.40673985E-1
233	7.41340206E-1
118	7.42554326E-1
437	7.43639451E-1
688	7.45173923E-1
928	7.46264305E-1
655	7.48167182E-1
593	7.49107003E-1
694	7.49777345E-1
280	7.50377105E-1
902	7.50387142E-1
917	7.53047036E-1
105	7.53998283E-1
279	7.55946276E-1
899	7.58853082E-1
449	7.58965347E-1
709	7.59058128E-1
223	7.59905379E-1
933	7.61782696E-1
46	7.62153211E-1
922	7.62589086E-1
776	7.62997858E-1
473	7.63170164E-1
253	7.6391713E-1
720	7.6536036E-1
626	7.66425371E-1
651	7.67668092E-1
171	7.67877276E-1
70	7.68288456E-1
650	7.68668539E-1
869	7.69116994E-1
684	7.69337578E-1
775	7.7010806E-1
342	7.72167818E-1
25	7.72334482E-1
172	7.74463913E-1
345	7.74829088E-1
866	7.74938008E-1
141	7.76435091E-1
456	7.77627002E-1
374	7.78186361E-1
402	7.78226071E-1
806	7.80381523E-1
696	7.82363899E-1
686	7.82529299E-1
977	7.82828015E-1
855	7.82897004E-1
206	7.84146426E-1
392	7.84403336E-1
758	7.84423605E-1
636	7.84870426E-1
1021	7.8582281E-1
350	7.87972758E-1
69	7.88550596E-1
959	7.89017919E-1
793	7.89957573E-1
765	7.9313343E-1
510	7.97454256E-1
759	7.98958349E-1
942	8.00329725E-1
723	8.02013181E-1
635	8.02838089E-1
475	8.02869235E-1
713	8.03173676E-1
53	8.04111466E-1
743	8.04796889E-1
96	8.05052504E-1
783	8.08359267E-1
605	8.08386151E-1
990	8.09838879E-1
825	8.10493669E-1
469	8.10954908E-1
503	8.11110013E-1
669	8.11495532E-1
717	8.12584849E-1
691	8.14840562E-1
701	8.15554727E-1
704	8.16284349E-1
37	8.19421277E-1
951	8.19578798E-1
548	8.20398944E-1
929	8.21713509E-1
170	8.22592017E-1
721	8.23087448E-1
816	8.24267261E-1
1002	8.25773152E-1
284	8.26158681E-1
8	8.26472867E-1
539	8.28826231E-1
511	8.29851979E-1
146	8.30134309E-1
813	8.31549873E-1
595	8.31563615E-1
640	8.33338331E-1
649	8.34052267E-1
9	8.35366401E-1
901	8.35366571E-1
947	8.3687052E-1
761	8.38641901E-1
905	8.38955034E-1
737	8.39621005E-1
862	8.39657186E-1
1013	8.4134258E-1
919	8.43762898E-1
829	8.44097413E-1
985	8.45772318E-1
202	8.47330412E-1
1017	8.47746251E-1
555	8.48994488E-1
918	8.50448426E-1
545	8.5078709E-1
149	8.52175037E-1
251	8.52433056E-1
957	8.52668646E-1
289	8.52893596E-1
923	8.53292931E-1
969	8.55843055E-1
2	8.56467222E-1
851	8.61718765E-1
1000	8.61929983E-1
165	8.62806545E-1
477	8.63752191E-1
305	8.6393059E-1
715	8.64282181E-1
859	8.65467481E-1
498	8.67768291E-1
864	8.6876341E-1
399	8.69659731E-1
362	8.71806656E-1
197	8.72412017E-1
162	8.74728978E-1
997	8.74866047E-1
1010	8.74971746E-1
175	8.77853664E-1
658	8.77946473E-1
624	8.78028428E-1
461	8.80529017E-1
360	8.82083271E-1
86	8.83206751E-1
236	8.84806785E-1
188	8.85926005E-1
886	8.85998332E-1
811	8.91538315E-1
895	8.92125612E-1
419	8.9420032E-1
670	8.94230993E-1
10	8.94513644E-1
457	8.95608472E-1
819	8.95939639E-1
729	8.96341272E-1
504	8.96643786E-1
753	8.97123639E-1
629	8.98918281E-1
196	9.00590815E-1
936	9.01372405E-1
801	9.02935272E-1
128	9.035684E-1
191	9.04166045E-1
616	9.04756485E-1
445	9.04906037E-1
565	9.05391785E-1
466	9.05754761E-1
898	9.06472414E-1
994	9.06609605E-1
1019	9.07523634E-1
22	9.07643057E-1
927	9.07796706E-1
815	9.09027427E-1
226	9.0924413E-1
865	9.096378E-1
644	9.09686315E-1
358	9.09849075E-1
400	9.12761116E-1
356	9.1347647E-1
941	9.13860411E-1
298	9.13895023E-1
377	9.15392723E-1
666	9.16101939E-1
286	9.16690421E-1
790	9.17065101E-1
600	9.17361595E-1
921	9.17680873E-1
870	9.18512869E-1
38	9.1897862E-1
955	9.20835182E-1
323	9.21170603E-1
1022	9.23432436E-1
845	9.24329814E-1
483	9.27181874E-1
269	9.27733342E-1
831	9.28695641E-1
521	9.29074063E-1
556	9.29641807E-1
480	9.29668645E-1
126	9.30473452E-1
56	9.31085807E-1
657	9.32479866E-1
768	9.35175153E-1
767	9.36533466E-1
194	9.3697954E-1
228	9.36992321E-1
131	9.37137396E-1
277	9.4071046E-1
1020	9.42011299E-1
766	9.42529692E-1
681	9.42982457E-1
668	9.43135413E-1
397	9.44450392E-1
88	9.44933326E-1
347	9.4598452E-1
138	9.4701795E-1
64	9.48066773E-1
830	9.48196669E-1
267	9.50493002E-1
838	9.50662958E-1
1005	9.51756026E-1
760	9.51876452E-1
844	9.52839949E-1
796	9.53784587E-1
447	9.53968835E-1
531	9.55495232E-1
574	9.57993999E-1
606	9.58279881E-1
978	9.58664163E-1
50	9.59288834E-1
714	9.60743922E-1
394	9.6076498E-1
151	9.61156266E-1
268	9.62014117E-1
48	9.62678165E-1
494	9.62680469E-1
693	9.63368713E-1
828	9.64238753E-1
220	9.65213909E-1
988	9.65926853E-1
180	9.66591684E-1
911	9.70905369E-1
140	9.71506408E-1
893	9.71770726E-1
148	9.78523878E-1
26	9.78753761E-1
76	9.79598762E-1
966	9.80412097E-1
61	9.80928908E-1
427	9.81041531E-1
428	9.82211505E-1
938	9.82513588E-1
533	9.82932523E-1
762	9.83631457E-1
773	9.836322E-1
63	9.83824434E-1
703	9.84670273E-1
763	9.85850154E-1
597	9.86918837E-1
215	9.87735421E-1
321	9.89667467E-1
581	9.91390773E-1
904	9.92557084E-1
1023	9.93107281E-1
3	9.93791843E-1
401	9.94521967E-1
546	9.95787122E-1
258	9.96012392E-1
471	9.9844186E-1
956	9.99386266E-1
967	9.99931054E-1
302	9.99999658E-1
