Name	chi2Pvalue
760	3.74791003E-8
236	1.31110201E-3
473	1.83128447E-3
540	2.30347534E-3
690	3.04878734E-3
170	4.53065994E-3
818	6.55938903E-3
898	7.31371407E-3
148	8.08699436E-3
157	8.99299268E-3
790	9.10474955E-3
379	9.47699859E-3
526	1.27419444E-2
392	1.30262763E-2
247	1.40696984E-2
184	1.43720876E-2
292	1.46993626E-2
456	1.47839507E-2
664	1.51561121E-2
928	1.52661407E-2
342	1.58057627E-2
5	1.63907024E-2
374	1.74296401E-2
265	1.88494578E-2
725	1.89730504E-2
370	1.98070484E-2
293	2.09642301E-2
667	2.1673057E-2
274	2.56865487E-2
256	2.6166193E-2
826	2.68641649E-2
618	2.75512371E-2
650	2.85129347E-2
95	3.22311264E-2
921	3.22380038E-2
1014	3.26874009E-2
815	3.31714597E-2
400	3.48154107E-2
549	3.69238281E-2
1	3.86598855E-2
808	3.90001847E-2
311	3.92546722E-2
1013	3.96576833E-2
200	4.05510567E-2
919	4.17812761E-2
388	4.75380207E-2
612	5.1219328E-2
404	5.1575284E-2
320	5.16213219E-2
881	5.20152601E-2
105	5.23369089E-2
916	5.41417566E-2
787	5.62832889E-2
971	5.84559385E-2
699	5.85990484E-2
443	5.9495258E-2
568	6.0447573E-2
360	6.13862069E-2
478	6.14618525E-2
6	6.17252872E-2
693	6.27501753E-2
911	6.31346556E-2
1017	6.53695958E-2
349	6.5970174E-2
884	6.60903769E-2
351	6.60923253E-2
179	6.78071325E-2
140	6.89539003E-2
744	7.08489529E-2
909	7.11723732E-2
507	7.14708198E-2
722	7.37741564E-2
888	7.43780308E-2
558	7.53604483E-2
627	7.62503863E-2
645	7.67048226E-2
235	7.67662771E-2
390	7.76267564E-2
987	8.00988762E-2
879	8.20058088E-2
602	8.24048772E-2
346	8.4087963E-2
10	8.64335718E-2
980	8.69112112E-2
429	8.75665767E-2
448	8.75729934E-2
100	8.94784557E-2
204	8.96370505E-2
709	8.97752024E-2
334	8.99246412E-2
989	9.09052478E-2
133	9.21216997E-2
546	9.21831662E-2
634	9.23503244E-2
163	9.53985694E-2
185	9.55298966E-2
74	9.73608707E-2
813	9.82965413E-2
973	9.9058633E-2
599	9.92753666E-2
610	9.93988787E-2
784	1.00660378E-1
759	1.01480286E-1
541	1.04484477E-1
608	1.0549903E-1
798	1.05513265E-1
854	1.05820894E-1
108	1.06221618E-1
385	1.07028322E-1
405	1.07241583E-1
306	1.07786439E-1
331	1.08101797E-1
861	1.08543886E-1
103	1.09484937E-1
324	1.09858946E-1
245	1.10088841E-1
112	1.10175679E-1
801	1.10260812E-1
545	1.10429008E-1
955	1.10620428E-1
149	1.14099829E-1
529	1.16047857E-1
177	1.16085043E-1
431	1.17326805E-1
607	1.18234064E-1
991	1.19096949E-1
534	1.19957344E-1
357	1.21690871E-1
107	1.22119248E-1
33	1.22167248E-1
182	1.23522259E-1
264	1.24945493E-1
14	1.25105894E-1
613	1.26486215E-1
260	1.28065641E-1
767	1.29653596E-1
213	1.29857718E-1
277	1.30279241E-1
947	1.31724749E-1
469	1.33301055E-1
488	1.33449161E-1
205	1.35938688E-1
426	1.35946875E-1
496	1.36205408E-1
421	1.36210918E-1
332	1.36823245E-1
917	1.37173486E-1
629	1.37429635E-1
738	1.38392037E-1
238	1.3881957E-1
453	1.38949054E-1
656	1.39127294E-1
159	1.39645542E-1
706	1.40797096E-1
685	1.42247926E-1
938	1.43810522E-1
71	1.43902958E-1
142	1.44039344E-1
125	1.44554664E-1
913	1.49210642E-1
766	1.4957619E-1
883	1.4962688E-1
21	1.50423875E-1
1000	1.5105909E-1
721	1.51946609E-1
297	1.52326435E-1
780	1.52964672E-1
747	1.54403146E-1
130	1.54638704E-1
768	1.54648836E-1
644	1.55023791E-1
642	1.55825272E-1
101	1.56371879E-1
822	1.59327039E-1
625	1.59850606E-1
574	1.61255641E-1
267	1.61528381E-1
387	1.62042513E-1
366	1.65231511E-1
94	1.65536308E-1
754	1.66806268E-1
716	1.6685507E-1
339	1.67802227E-1
87	1.6888583E-1
735	1.69311298E-1
398	1.69772643E-1
994	1.72078149E-1
120	1.72302476E-1
712	1.72468424E-1
825	1.73446025E-1
455	1.74559963E-1
220	1.75493055E-1
863	1.77420954E-1
832	1.78445758E-1
912	1.78954759E-1
413	1.79102027E-1
836	1.7972787E-1
80	1.80173391E-1
266	1.81602597E-1
172	1.81737083E-1
581	1.82098586E-1
885	1.84181526E-1
169	1.84698306E-1
327	1.85442843E-1
577	1.86490285E-1
134	1.87663559E-1
548	1.88030179E-1
207	1.89349892E-1
982	1.89969031E-1
441	1.90330811E-1
543	1.90481751E-1
533	1.90814014E-1
992	1.92914359E-1
389	1.93867568E-1
679	1.98085395E-1
990	1.98171163E-1
22	2.00013282E-1
230	2.0079895E-1
621	2.02697893E-1
632	2.05917538E-1
924	2.06459114E-1
876	2.06937397E-1
556	2.07951647E-1
503	2.09629539E-1
114	2.1000853E-1
55	2.10039781E-1
552	2.11558326E-1
560	2.12142115E-1
259	2.12192263E-1
65	2.13811408E-1
486	2.13918396E-1
187	2.15134866E-1
843	2.16400346E-1
252	2.16423995E-1
418	2.17174468E-1
753	2.17378206E-1
217	2.18432124E-1
279	2.19500109E-1
687	2.21651808E-1
301	2.25976809E-1
411	2.27359689E-1
761	2.28151359E-1
168	2.28905488E-1
844	2.28912933E-1
597	2.29071113E-1
416	2.29124849E-1
906	2.29323832E-1
434	2.30399128E-1
43	2.31638441E-1
976	2.34108384E-1
765	2.34565803E-1
511	2.3581362E-1
377	2.36559357E-1
639	2.38199263E-1
497	2.38240374E-1
34	2.38405428E-1
575	2.39270881E-1
160	2.39682374E-1
183	2.40237691E-1
403	2.40996942E-1
96	2.42164371E-1
728	2.44350284E-1
934	2.44577966E-1
37	2.4512396E-1
970	2.46314665E-1
470	2.4633337E-1
19	2.46569394E-1
856	2.46891302E-1
677	2.47593436E-1
601	2.48930417E-1
589	2.4947465E-1
367	2.53496946E-1
870	2.53662003E-1
755	2.5557654E-1
12	2.56004678E-1
807	2.56516275E-1
273	2.56780826E-1
117	2.58190351E-1
313	2.58345024E-1
340	2.58517419E-1
975	2.59566457E-1
365	2.6234426E-1
132	2.63061862E-1
186	2.64327638E-1
113	2.64671898E-1
811	2.66432315E-1
654	2.66465231E-1
1009	2.67934642E-1
979	2.69349968E-1
93	2.69809331E-1
209	2.70613292E-1
203	2.72823801E-1
281	2.72991645E-1
138	2.73125766E-1
412	2.73287733E-1
788	2.73634847E-1
892	2.76127014E-1
877	2.76248528E-1
763	2.78614011E-1
51	2.80184484E-1
190	2.81568019E-1
953	2.8250044E-1
127	2.82869428E-1
192	2.82999074E-1
410	2.83271852E-1
493	2.85558092E-1
525	2.86052447E-1
837	2.87637344E-1
736	2.87952242E-1
726	2.89440689E-1
409	2.9175086E-1
86	2.96570057E-1
939	2.98100285E-1
967	2.99655172E-1
315	3.00219785E-1
28	3.01216895E-1
905	3.02173084E-1
18	3.02228157E-1
91	3.02547255E-1
46	3.02883425E-1
271	3.02912183E-1
894	3.04435925E-1
547	3.04476864E-1
317	3.06232759E-1
1005	3.06420173E-1
874	3.06515347E-1
1008	3.0687413E-1
663	3.09339636E-1
494	3.09799337E-1
959	3.10915095E-1
221	3.12256374E-1
719	3.12963134E-1
949	3.15397265E-1
734	3.16271432E-1
242	3.16992979E-1
718	3.17284164E-1
781	3.19272321E-1
299	3.19478532E-1
902	3.20188744E-1
75	3.21896089E-1
58	3.22305729E-1
897	3.25303817E-1
363	3.26241935E-1
318	3.28917746E-1
591	3.3037894E-1
312	3.31455557E-1
681	3.32955074E-1
414	3.33132878E-1
903	3.33982124E-1
688	3.3407181E-1
791	3.35089925E-1
794	3.36712218E-1
708	3.37424042E-1
60	3.3765724E-1
492	3.40885867E-1
451	3.41674234E-1
206	3.44360312E-1
707	3.44741665E-1
304	3.44920758E-1
442	3.45666369E-1
802	3.46790743E-1
680	3.47711727E-1
25	3.47748668E-1
659	3.48160855E-1
15	3.48217227E-1
783	3.48506146E-1
176	3.4862507E-1
218	3.50284281E-1
779	3.52045497E-1
867	3.53212678E-1
154	3.53708966E-1
940	3.54319689E-1
666	3.56018876E-1
640	3.56842543E-1
146	3.5692855E-1
978	3.57408873E-1
502	3.58063818E-1
79	3.58778218E-1
7	3.5923268E-1
550	3.5934955E-1
579	3.59847995E-1
594	3.60652021E-1
814	3.61605294E-1
165	3.61699075E-1
210	3.62333864E-1
698	3.62749457E-1
866	3.63595463E-1
314	3.64276503E-1
364	3.65543111E-1
596	3.67068589E-1
960	3.67397624E-1
459	3.68734786E-1
280	3.69294704E-1
189	3.70650683E-1
423	3.71215778E-1
2	3.71555373E-1
228	3.72103693E-1
308	3.72724306E-1
147	3.73912036E-1
637	3.73965232E-1
395	3.74444602E-1
1006	3.74557745E-1
212	3.74817817E-1
516	3.75293063E-1
847	3.75393155E-1
740	3.75633749E-1
733	3.75746295E-1
454	3.77228058E-1
927	3.7908462E-1
689	3.79681318E-1
638	3.80446101E-1
569	3.82138784E-1
49	3.82345809E-1
739	3.83106996E-1
778	3.83499697E-1
464	3.83718589E-1
936	3.87349642E-1
567	3.87680578E-1
250	3.88306685E-1
381	3.88755198E-1
530	3.89513473E-1
630	3.89732923E-1
330	3.90183554E-1
840	3.909248E-1
249	3.94271523E-1
171	3.94881044E-1
598	3.95551974E-1
676	3.9571276E-1
648	3.96692682E-1
432	3.97532515E-1
651	3.97603471E-1
932	3.97922148E-1
595	4.00389174E-1
123	4.01923577E-1
669	4.02910461E-1
995	4.03011744E-1
290	4.05459578E-1
742	4.07805561E-1
156	4.08350952E-1
194	4.08631264E-1
620	4.09281878E-1
655	4.0986451E-1
348	4.10803206E-1
335	4.11152439E-1
345	4.12361673E-1
406	4.12828245E-1
144	4.1319012E-1
136	4.13315993E-1
135	4.13330534E-1
42	4.15702901E-1
678	4.23555682E-1
56	4.25838281E-1
508	4.26826446E-1
155	4.27415248E-1
762	4.27455023E-1
31	4.27746268E-1
996	4.27750104E-1
499	4.28075902E-1
954	4.30009232E-1
89	4.3227402E-1
963	4.36432225E-1
40	4.37088608E-1
231	4.37804281E-1
373	4.3882476E-1
262	4.38828647E-1
68	4.38992799E-1
359	4.39002257E-1
73	4.39188523E-1
137	4.3939526E-1
820	4.4004312E-1
240	4.40167173E-1
222	4.41018232E-1
285	4.414033E-1
997	4.42778695E-1
528	4.43025106E-1
362	4.43928875E-1
124	4.44145888E-1
899	4.44778671E-1
774	4.46247679E-1
72	4.4743481E-1
775	4.47792823E-1
98	4.47808027E-1
951	4.484707E-1
962	4.49092599E-1
845	4.49530506E-1
723	4.51343923E-1
106	4.52853207E-1
918	4.54465633E-1
356	4.58288366E-1
732	4.5915409E-1
890	4.60148563E-1
251	4.61302102E-1
239	4.62048199E-1
504	4.64325296E-1
585	4.67344157E-1
703	4.67894482E-1
354	4.69967589E-1
483	4.70648142E-1
691	4.71425718E-1
447	4.73290798E-1
408	4.73758927E-1
289	4.7457115E-1
771	4.76034463E-1
227	4.76846239E-1
371	4.78581246E-1
749	4.78940514E-1
36	4.84163597E-1
298	4.84525948E-1
673	4.85303724E-1
458	4.85767828E-1
859	4.86483429E-1
445	4.86756534E-1
623	4.86793381E-1
226	4.8717036E-1
378	4.87388771E-1
62	4.87481739E-1
583	4.87795713E-1
180	4.90648404E-1
965	4.90731751E-1
705	4.92891307E-1
741	4.93042083E-1
797	4.93773231E-1
999	4.93884574E-1
622	4.98256161E-1
1010	4.99062683E-1
751	5.00339213E-1
828	5.01745544E-1
750	5.04320946E-1
554	5.04897924E-1
831	5.06668534E-1
323	5.0849289E-1
943	5.09398401E-1
931	5.09890053E-1
670	5.12719938E-1
415	5.169299E-1
686	5.17800554E-1
397	5.17897286E-1
162	5.18703868E-1
153	5.18818002E-1
489	5.19653876E-1
605	5.20783049E-1
974	5.2107878E-1
805	5.21278415E-1
641	5.21764373E-1
305	5.24541458E-1
45	5.25009477E-1
278	5.25597518E-1
407	5.25877674E-1
873	5.27377233E-1
935	5.28328862E-1
958	5.28794588E-1
848	5.30910985E-1
834	5.32073948E-1
461	5.32159843E-1
104	5.32514999E-1
4	5.33267974E-1
419	5.3474713E-1
539	5.34959693E-1
118	5.36413758E-1
215	5.3675956E-1
652	5.37050896E-1
47	5.43022648E-1
440	5.43575896E-1
457	5.43935501E-1
880	5.44483834E-1
175	5.44757887E-1
460	5.45014144E-1
923	5.45093312E-1
241	5.45374627E-1
988	5.47673568E-1
729	5.47725422E-1
11	5.48039473E-1
615	5.50432944E-1
697	5.54451807E-1
481	5.55460542E-1
3	5.57117613E-1
695	5.57830243E-1
929	5.57860831E-1
1001	5.57872735E-1
181	5.58513206E-1
855	5.60249016E-1
803	5.61708374E-1
868	5.6243409E-1
322	5.63574202E-1
353	5.63722091E-1
514	5.64717522E-1
757	5.64954442E-1
294	5.66379318E-1
243	5.68747715E-1
477	5.69071864E-1
839	5.69132163E-1
945	5.70457054E-1
383	5.70521697E-1
684	5.72498731E-1
587	5.7252622E-1
674	5.73434917E-1
35	5.73727186E-1
268	5.73794288E-1
368	5.74752511E-1
893	5.7490018E-1
474	5.7622236E-1
633	5.76607742E-1
743	5.7702996E-1
724	5.77904919E-1
961	5.78577804E-1
731	5.78891589E-1
436	5.80555114E-1
321	5.82312082E-1
76	5.85147316E-1
562	5.85185969E-1
129	5.8529435E-1
428	5.86376824E-1
288	5.87059857E-1
626	5.88028412E-1
600	5.88102981E-1
150	5.88938191E-1
576	5.90008278E-1
799	5.90547372E-1
316	5.90597077E-1
956	5.9075176E-1
248	5.92957648E-1
490	5.93462108E-1
337	5.93606324E-1
506	5.93845592E-1
437	5.94206538E-1
944	5.9602582E-1
785	5.96786024E-1
704	6.00110076E-1
720	6.00683111E-1
61	6.01455646E-1
152	6.01591804E-1
333	6.01753946E-1
88	6.0234731E-1
573	6.0277815E-1
696	6.03626626E-1
878	6.04192143E-1
70	6.05787088E-1
350	6.05876586E-1
904	6.05912172E-1
27	6.06455004E-1
29	6.07661684E-1
463	6.09728394E-1
981	6.11900257E-1
302	6.12295705E-1
942	6.14219504E-1
399	6.14308035E-1
219	6.15328191E-1
701	6.15348824E-1
619	6.177972E-1
536	6.18728896E-1
8	6.19310062E-1
816	6.22577237E-1
255	6.22597716E-1
224	6.24120362E-1
467	6.24850514E-1
915	6.26828851E-1
52	6.27476388E-1
211	6.28125217E-1
628	6.29218227E-1
197	6.32915088E-1
115	6.33349301E-1
198	6.33873616E-1
907	6.35155637E-1
90	6.3795809E-1
871	6.44215939E-1
636	6.44278455E-1
131	6.44523384E-1
296	6.45117103E-1
505	6.45289814E-1
216	6.50244492E-1
647	6.50531033E-1
141	6.51479742E-1
517	6.53725134E-1
438	6.53779877E-1
860	6.57155261E-1
672	6.5730463E-1
1020	6.57321546E-1
202	6.57505617E-1
272	6.58667231E-1
78	6.59034737E-1
833	6.5947021E-1
300	6.59632368E-1
161	6.60324229E-1
427	6.61504491E-1
450	6.61873166E-1
910	6.64458109E-1
433	6.6564755E-1
646	6.66765773E-1
872	6.67990118E-1
682	6.70843073E-1
668	6.72979568E-1
143	6.7327277E-1
969	6.73505783E-1
284	6.73583553E-1
472	6.75194815E-1
555	6.78011604E-1
713	6.78486097E-1
653	6.8142171E-1
786	6.81647781E-1
1002	6.81818241E-1
92	6.82328814E-1
571	6.85858117E-1
901	6.86201164E-1
631	6.87274302E-1
1019	6.89823796E-1
128	6.91763499E-1
480	6.92018387E-1
328	6.9224383E-1
23	6.92502187E-1
789	6.93913856E-1
858	6.96159374E-1
50	6.96975577E-1
446	6.9930583E-1
263	6.99328168E-1
361	7.00303015E-1
841	7.00983233E-1
561	7.015949E-1
276	7.02993312E-1
329	7.03394576E-1
17	7.03404333E-1
824	7.04904182E-1
208	7.05362812E-1
269	7.08834264E-1
665	7.09064845E-1
199	7.10286246E-1
500	7.10576373E-1
510	7.12547828E-1
347	7.12900477E-1
616	7.13635155E-1
111	7.15752647E-1
513	7.19195368E-1
777	7.21549899E-1
535	7.21601566E-1
167	7.23531888E-1
1015	7.23793027E-1
853	7.24192203E-1
806	7.24784972E-1
604	7.25192507E-1
772	7.25409349E-1
570	7.25538041E-1
984	7.25551469E-1
344	7.26279747E-1
173	7.2769109E-1
773	7.28096083E-1
964	7.28925573E-1
48	7.28933708E-1
444	7.29947406E-1
551	7.3252192E-1
565	7.3325691E-1
864	7.3344443E-1
420	7.34135387E-1
812	7.34335392E-1
758	7.34338183E-1
466	7.35123444E-1
109	7.35880284E-1
592	7.37217994E-1
745	7.37225826E-1
544	7.3725686E-1
341	7.37793457E-1
166	7.3794327E-1
770	7.39629944E-1
968	7.41211286E-1
67	7.41239367E-1
869	7.42784173E-1
325	7.44309476E-1
694	7.44437378E-1
857	7.46033194E-1
1004	7.46509921E-1
611	7.46561619E-1
865	7.47061009E-1
295	7.47953505E-1
307	7.48061765E-1
985	7.48140095E-1
889	7.48691231E-1
1003	7.50073743E-1
244	7.51206756E-1
282	7.52735447E-1
471	7.52927821E-1
914	7.53429029E-1
804	7.57429646E-1
225	7.58737529E-1
401	7.59678364E-1
966	7.60444529E-1
158	7.60555357E-1
391	7.60882695E-1
624	7.63467861E-1
475	7.63865522E-1
303	7.65718714E-1
717	7.66453627E-1
519	7.6660078E-1
1011	7.67054584E-1
20	7.67859374E-1
1007	7.69313018E-1
692	7.69510503E-1
485	7.72111761E-1
852	7.72219207E-1
950	7.72761328E-1
38	7.73574493E-1
229	7.7401429E-1
119	7.74337723E-1
756	7.74407194E-1
116	7.75341059E-1
542	7.75967565E-1
83	7.77565912E-1
402	7.78412757E-1
882	7.78850209E-1
44	7.79226711E-1
498	7.79532452E-1
643	7.79698067E-1
764	7.8000648E-1
491	7.80512596E-1
512	7.80788364E-1
30	7.82348214E-1
553	7.82846033E-1
941	7.83090351E-1
752	7.84057039E-1
393	7.84204831E-1
99	7.84654451E-1
518	7.85877255E-1
501	7.86376702E-1
1021	7.86729651E-1
793	7.89137961E-1
711	7.92232562E-1
291	7.92405886E-1
649	7.95181768E-1
662	7.96447643E-1
81	7.96547986E-1
380	7.96829178E-1
925	7.97434298E-1
233	7.97480279E-1
16	7.97829975E-1
372	7.9842761E-1
983	7.99025371E-1
948	8.01163143E-1
84	8.02678697E-1
417	8.03725678E-1
425	8.03861966E-1
430	8.04144433E-1
746	8.06196149E-1
809	8.0718941E-1
710	8.09087167E-1
998	8.09162388E-1
559	8.10313472E-1
671	8.11280216E-1
261	8.11371641E-1
849	8.11408311E-1
375	8.12524205E-1
439	8.14058603E-1
700	8.14776715E-1
850	8.15745602E-1
386	8.16145656E-1
121	8.16898623E-1
993	8.18146671E-1
53	8.18835483E-1
223	8.18949135E-1
926	8.19718943E-1
835	8.19750279E-1
795	8.20098685E-1
776	8.21689594E-1
702	8.22391755E-1
246	8.23856123E-1
715	8.24642161E-1
823	8.25978265E-1
563	8.26162802E-1
139	8.27276731E-1
614	8.27620216E-1
527	8.29587182E-1
838	8.3038623E-1
435	8.31980768E-1
564	8.33153792E-1
193	8.34396004E-1
635	8.34635894E-1
1023	8.36631131E-1
522	8.37765222E-1
523	8.38401595E-1
479	8.41024221E-1
69	8.41513587E-1
286	8.41745581E-1
164	8.44292823E-1
737	8.44764332E-1
24	8.4482853E-1
578	8.49042796E-1
39	8.49448957E-1
588	8.50381582E-1
253	8.50800983E-1
727	8.51532193E-1
584	8.53078049E-1
13	8.54625097E-1
32	8.55987521E-1
254	8.56880468E-1
609	8.58170769E-1
110	8.58770757E-1
384	8.61730255E-1
846	8.62872829E-1
63	8.63106329E-1
520	8.63518961E-1
537	8.63574692E-1
946	8.63715343E-1
538	8.66422946E-1
796	8.6751754E-1
986	8.68364838E-1
887	8.68665883E-1
660	8.71147754E-1
358	8.72389593E-1
661	8.74981657E-1
524	8.75502501E-1
748	8.77083839E-1
77	8.79001687E-1
487	8.79270743E-1
829	8.79751593E-1
422	8.79816341E-1
515	8.80970608E-1
675	8.8152712E-1
886	8.8218032E-1
287	8.82517645E-1
394	8.85307968E-1
817	8.85975567E-1
908	8.88447953E-1
930	8.88506319E-1
468	8.9019423E-1
895	8.90504357E-1
336	8.90604153E-1
191	8.93181992E-1
424	8.93411148E-1
1012	8.93518639E-1
862	8.94056946E-1
658	8.96397436E-1
957	8.96427045E-1
102	8.9696277E-1
476	8.97750563E-1
952	8.98119035E-1
234	8.98954928E-1
237	9.0029689E-1
449	9.01526007E-1
782	9.01843825E-1
819	9.03049101E-1
319	9.04097591E-1
196	9.0432488E-1
900	9.0521474E-1
376	9.08382413E-1
174	9.09208114E-1
896	9.09367739E-1
580	9.12019135E-1
26	9.12348981E-1
309	9.12893708E-1
232	9.13065521E-1
800	9.14299803E-1
382	9.15903116E-1
683	9.16564471E-1
851	9.17224494E-1
122	9.17302225E-1
521	9.18102183E-1
178	9.19373637E-1
59	9.19479771E-1
462	9.20407545E-1
842	9.20414437E-1
810	9.20547511E-1
310	9.22949717E-1
257	9.24068987E-1
714	9.24622909E-1
258	9.25000355E-1
484	9.25313034E-1
465	9.27990226E-1
66	9.28838252E-1
64	9.29243999E-1
82	9.32680143E-1
482	9.33168537E-1
126	9.33525059E-1
603	9.34722371E-1
201	9.35171489E-1
617	9.36775743E-1
1016	9.3956482E-1
145	9.39856191E-1
97	9.39884054E-1
769	9.41297151E-1
41	9.43972178E-1
922	9.44244397E-1
977	9.46053841E-1
275	9.46239949E-1
326	9.49827102E-1
343	9.5061744E-1
531	9.50845771E-1
85	9.52075604E-1
509	9.54701839E-1
572	9.54756072E-1
151	9.57666125E-1
355	9.58504863E-1
557	9.59937225E-1
214	9.60907791E-1
1018	9.61677406E-1
57	9.62465035E-1
9	9.63577251E-1
827	9.63971747E-1
195	9.66147516E-1
657	9.67106929E-1
891	9.67539301E-1
937	9.69147721E-1
875	9.70824222E-1
830	9.71564281E-1
396	9.72447002E-1
582	9.76296192E-1
730	9.76332938E-1
972	9.77795523E-1
821	9.77942966E-1
452	9.78370339E-1
606	9.78744048E-1
338	9.81963051E-1
586	9.83496616E-1
566	9.8381576E-1
933	9.85255098E-1
593	9.87161026E-1
188	9.90754179E-1
270	9.91520907E-1
352	9.93998842E-1
495	9.94809164E-1
0	9.95529321E-1
1022	9.97114458E-1
54	9.972126E-1
792	9.98676159E-1
532	9.99629389E-1
