Name	chi2Pvalue
176	1.05355646E-5
575	1.94750927E-4
111	2.88442344E-4
68	1.21604478E-3
847	2.13506536E-3
592	2.77569745E-3
836	3.23798532E-3
416	3.78502894E-3
744	4.08672509E-3
909	5.59419494E-3
117	6.96073347E-3
549	7.77101852E-3
672	8.30670225E-3
467	8.75520948E-3
100	9.53449111E-3
664	9.54947252E-3
239	9.59413701E-3
983	9.63441533E-3
103	9.81757246E-3
864	1.11340309E-2
517	1.14108041E-2
958	1.39755213E-2
806	1.4257423E-2
625	1.56321731E-2
818	1.60544918E-2
94	1.76988187E-2
200	1.9700265E-2
241	1.98748905E-2
349	1.99639054E-2
391	2.04857934E-2
579	2.05944819E-2
235	2.14058509E-2
407	2.2451545E-2
242	2.30239159E-2
550	2.31891068E-2
169	2.38086684E-2
840	2.43619392E-2
38	2.49850291E-2
673	2.57809041E-2
776	2.8074095E-2
782	2.85138177E-2
623	2.98231224E-2
608	2.99761942E-2
651	3.13471045E-2
697	3.28313705E-2
39	3.32796062E-2
459	3.40217851E-2
314	3.44546043E-2
382	3.53456817E-2
440	3.68574747E-2
476	3.88536029E-2
180	3.98290294E-2
229	4.07980031E-2
614	4.35819794E-2
270	4.66793305E-2
254	4.86357209E-2
795	4.86492414E-2
224	4.93685942E-2
610	5.01946503E-2
866	5.15405844E-2
385	5.25947063E-2
526	5.36188981E-2
865	5.40058959E-2
223	5.4208142E-2
553	5.52548565E-2
193	5.66536369E-2
310	5.8678801E-2
20	5.94562604E-2
306	6.10173801E-2
164	6.10663608E-2
246	6.17255683E-2
802	6.22467935E-2
792	6.36460183E-2
529	6.39110773E-2
586	6.50849925E-2
264	6.84403231E-2
893	7.13956292E-2
591	7.20315883E-2
330	7.22220837E-2
74	7.74733631E-2
876	7.86319967E-2
188	7.90105527E-2
262	7.97159279E-2
919	8.08029145E-2
122	8.23915347E-2
186	8.41127391E-2
571	8.42644756E-2
308	8.62549907E-2
9	8.64481995E-2
955	8.65321781E-2
377	8.67250928E-2
604	8.74390187E-2
798	8.76194454E-2
104	8.77290394E-2
429	8.78744561E-2
347	8.86825587E-2
203	8.87855519E-2
777	9.13615249E-2
685	9.24487538E-2
778	9.24684255E-2
989	9.24895461E-2
889	9.29688321E-2
127	9.3713646E-2
189	9.4373335E-2
709	9.56677852E-2
657	9.63292419E-2
537	9.69103003E-2
943	9.70400359E-2
519	9.75453788E-2
142	9.75865423E-2
84	9.905793E-2
844	9.97661233E-2
660	9.99558486E-2
689	1.0126582E-1
177	1.0172414E-1
171	1.02437813E-1
59	1.03559205E-1
927	1.04082127E-1
445	1.06516429E-1
139	1.06578562E-1
166	1.06605386E-1
54	1.07432295E-1
913	1.09996326E-1
384	1.11119637E-1
726	1.12080545E-1
759	1.12302354E-1
966	1.12911146E-1
378	1.12980967E-1
98	1.13044009E-1
327	1.15891979E-1
1004	1.17044499E-1
638	1.1871125E-1
850	1.19699896E-1
485	1.22719349E-1
951	1.22815565E-1
695	1.23584735E-1
271	1.236989E-1
957	1.24854104E-1
890	1.26599415E-1
669	1.28957507E-1
432	1.29744241E-1
227	1.30387167E-1
304	1.31319783E-1
372	1.31541504E-1
971	1.31556482E-1
595	1.3184355E-1
845	1.33161207E-1
1005	1.34454961E-1
18	1.34897702E-1
703	1.35115316E-1
534	1.35555048E-1
81	1.35991262E-1
914	1.37318358E-1
113	1.41196667E-1
869	1.42342158E-1
678	1.42737508E-1
290	1.4444008E-1
430	1.45181876E-1
743	1.4732646E-1
441	1.47744026E-1
56	1.49179504E-1
375	1.49899202E-1
55	1.50099992E-1
901	1.50288568E-1
654	1.53262132E-1
505	1.55202321E-1
125	1.56176021E-1
515	1.57078733E-1
986	1.57102637E-1
716	1.58283585E-1
961	1.59041569E-1
912	1.59165741E-1
696	1.59694307E-1
992	1.60457009E-1
527	1.60647905E-1
928	1.61978549E-1
220	1.62301756E-1
202	1.63921203E-1
29	1.64562347E-1
882	1.64944833E-1
137	1.67093154E-1
659	1.68346549E-1
883	1.68949272E-1
922	1.71742131E-1
452	1.7210584E-1
930	1.75211929E-1
533	1.76886127E-1
350	1.79085142E-1
288	1.80289761E-1
739	1.81715595E-1
722	1.83103344E-1
758	1.83225187E-1
423	1.8337035E-1
949	1.83787652E-1
728	1.86646735E-1
112	1.88554343E-1
431	1.8948705E-1
562	1.91245019E-1
326	1.92817455E-1
838	1.94365107E-1
907	1.96835033E-1
725	1.97660962E-1
135	1.98953605E-1
613	1.99335685E-1
807	1.993725E-1
486	1.99862622E-1
658	2.00536753E-1
754	2.01008355E-1
547	2.02973808E-1
780	2.03009498E-1
631	2.04016657E-1
30	2.0486942E-1
128	2.0671539E-1
511	2.09282306E-1
261	2.11437636E-1
76	2.1225468E-1
373	2.13159463E-1
291	2.13832052E-1
910	2.1433547E-1
1008	2.15916522E-1
386	2.16346417E-1
881	2.16668808E-1
24	2.18129697E-1
206	2.19393453E-1
360	2.21026755E-1
83	2.23251435E-1
747	2.23487836E-1
937	2.24452006E-1
1001	2.27312173E-1
531	2.29948839E-1
516	2.30124956E-1
461	2.32335412E-1
286	2.3333375E-1
257	2.34938016E-1
538	2.36658983E-1
446	2.3671008E-1
680	2.40929409E-1
662	2.43543184E-1
91	2.43722678E-1
633	2.45181834E-1
603	2.4541748E-1
173	2.46892927E-1
439	2.48305007E-1
332	2.4848894E-1
846	2.49351873E-1
17	2.50517173E-1
542	2.51910525E-1
925	2.53225257E-1
252	2.54418937E-1
148	2.54867042E-1
506	2.57232791E-1
764	2.58235562E-1
567	2.58691028E-1
737	2.58967179E-1
305	2.61244528E-1
946	2.61358727E-1
154	2.62079409E-1
292	2.62838122E-1
466	2.64284985E-1
250	2.64642151E-1
356	2.6480176E-1
988	2.64888446E-1
362	2.68145908E-1
133	2.69028808E-1
463	2.6904494E-1
323	2.73113105E-1
309	2.74524146E-1
627	2.74718307E-1
105	2.7516738E-1
552	2.75803467E-1
863	2.77066326E-1
462	2.79359874E-1
477	2.79722019E-1
788	2.81013907E-1
762	2.81435434E-1
991	2.83620216E-1
911	2.83939331E-1
823	2.85965972E-1
805	2.86707753E-1
813	2.88010181E-1
167	2.89981988E-1
11	2.90022015E-1
251	2.90399488E-1
191	2.90608824E-1
622	2.91173054E-1
926	2.92331574E-1
714	2.95120121E-1
405	2.96391124E-1
42	2.96396371E-1
328	2.96783003E-1
269	2.9744867E-1
856	2.9961713E-1
72	2.99773683E-1
482	3.00465872E-1
871	3.00678852E-1
646	3.00895988E-1
824	3.01531549E-1
877	3.04820375E-1
502	3.07511335E-1
208	3.07623707E-1
307	3.08260462E-1
679	3.09904588E-1
923	3.09970891E-1
161	3.10115725E-1
682	3.10880157E-1
894	3.11296527E-1
263	3.13765263E-1
952	3.14436278E-1
144	3.182458E-1
121	3.1982777E-1
278	3.19981774E-1
35	3.20353453E-1
245	3.23339561E-1
503	3.2480059E-1
79	3.25249789E-1
790	3.26616848E-1
418	3.30572925E-1
287	3.31167544E-1
155	3.31385598E-1
424	3.31713717E-1
1010	3.31972233E-1
518	3.32090797E-1
974	3.32115881E-1
317	3.32938175E-1
331	3.3329139E-1
27	3.34798166E-1
939	3.35254883E-1
449	3.35535302E-1
931	3.3771838E-1
675	3.38304155E-1
555	3.38762841E-1
370	3.41236766E-1
275	3.42252623E-1
297	3.42887376E-1
677	3.43830779E-1
381	3.48038723E-1
713	3.50744068E-1
512	3.52533594E-1
852	3.55644478E-1
860	3.55675093E-1
656	3.5604827E-1
75	3.57125122E-1
464	3.58942135E-1
414	3.59122076E-1
785	3.59861861E-1
948	3.62190892E-1
93	3.62651944E-1
1000	3.6280727E-1
131	3.62993747E-1
733	3.6325141E-1
786	3.63506953E-1
681	3.64241555E-1
897	3.67830313E-1
499	3.68597122E-1
420	3.70999149E-1
141	3.71200558E-1
536	3.71608806E-1
589	3.7405709E-1
1	3.75804699E-1
436	3.75838534E-1
366	3.7611306E-1
295	3.76751015E-1
232	3.77494973E-1
698	3.78436306E-1
183	3.80545853E-1
41	3.80752836E-1
740	3.81331907E-1
1016	3.82153098E-1
892	3.83750861E-1
964	3.83765028E-1
853	3.83880494E-1
341	3.84204912E-1
981	3.84587122E-1
85	3.84904028E-1
711	3.87972477E-1
854	3.88393212E-1
214	3.89715838E-1
218	3.9052645E-1
560	3.91214707E-1
408	3.9341991E-1
960	3.94088115E-1
182	3.96849191E-1
606	3.97032759E-1
582	3.97040073E-1
474	3.97500437E-1
645	3.97589382E-1
959	3.99398989E-1
40	4.00334537E-1
134	4.0060896E-1
587	4.00710586E-1
207	4.00835608E-1
456	4.03008272E-1
781	4.05749653E-1
514	4.07354247E-1
178	4.07411152E-1
45	4.0850653E-1
569	4.09931583E-1
837	4.09971822E-1
338	4.10369782E-1
773	4.10516317E-1
428	4.11784309E-1
114	4.12263663E-1
21	4.12379995E-1
37	4.12853982E-1
891	4.14080151E-1
460	4.15786828E-1
862	4.19884948E-1
898	4.24562855E-1
322	4.2473841E-1
389	4.25373791E-1
184	4.26952345E-1
825	4.29451492E-1
817	4.30019123E-1
249	4.30044849E-1
410	4.30277469E-1
851	4.30619841E-1
727	4.34392685E-1
294	4.3720895E-1
980	4.37260764E-1
775	4.3895225E-1
339	4.40094037E-1
521	4.40656889E-1
524	4.40773399E-1
14	4.40924635E-1
376	4.42821583E-1
828	4.43072459E-1
630	4.4431972E-1
3	4.44320331E-1
272	4.44580045E-1
0	4.45175348E-1
884	4.49303582E-1
688	4.49397087E-1
469	4.50744886E-1
641	4.52506059E-1
953	4.52710389E-1
211	4.52867216E-1
335	4.53235621E-1
7	4.53781512E-1
572	4.54071073E-1
905	4.55109687E-1
489	4.55523392E-1
843	4.56180486E-1
363	4.56278185E-1
352	4.5746163E-1
238	4.57530393E-1
626	4.59536369E-1
748	4.6104976E-1
170	4.61524706E-1
879	4.61611439E-1
86	4.62627895E-1
994	4.64706357E-1
437	4.64789971E-1
967	4.65121122E-1
523	4.66700334E-1
58	4.66825352E-1
97	4.67467199E-1
394	4.6775964E-1
2	4.68334707E-1
565	4.69101351E-1
159	4.70710716E-1
812	4.70940063E-1
316	4.71687839E-1
699	4.71812151E-1
976	4.74022371E-1
924	4.74266424E-1
334	4.75146068E-1
387	4.75328824E-1
827	4.76813347E-1
402	4.78097912E-1
225	4.8132239E-1
69	4.81556489E-1
390	4.81592547E-1
215	4.82359599E-1
796	4.82937892E-1
712	4.84170663E-1
644	4.85563576E-1
28	4.86422136E-1
731	4.87433149E-1
398	4.88569007E-1
888	4.8901315E-1
16	4.89936994E-1
935	4.90046516E-1
383	4.90795348E-1
140	4.91915471E-1
280	4.95459724E-1
774	4.9735838E-1
746	4.97411586E-1
583	4.97896271E-1
1013	4.99199433E-1
120	5.00579892E-1
704	5.02668119E-1
987	5.03509152E-1
267	5.04512009E-1
490	5.05273609E-1
635	5.05720103E-1
903	5.0624904E-1
969	5.06766334E-1
598	5.0792524E-1
826	5.09616771E-1
628	5.09965179E-1
470	5.11238646E-1
303	5.12786027E-1
172	5.12835617E-1
763	5.17777419E-1
963	5.18209435E-1
210	5.19190066E-1
233	5.2059355E-1
237	5.20835473E-1
975	5.21623123E-1
906	5.22498997E-1
276	5.22909819E-1
1006	5.23187042E-1
539	5.23294976E-1
231	5.25771295E-1
89	5.26330355E-1
999	5.2785588E-1
471	5.2837972E-1
705	5.29135049E-1
92	5.30654123E-1
501	5.33045019E-1
259	5.36229872E-1
1012	5.36891305E-1
221	5.3793986E-1
597	5.38202921E-1
811	5.38926311E-1
612	5.39024172E-1
12	5.42406192E-1
483	5.42546082E-1
772	5.42617062E-1
653	5.43646056E-1
933	5.45070942E-1
498	5.45155998E-1
621	5.45414787E-1
156	5.49992749E-1
520	5.50888934E-1
734	5.53108346E-1
829	5.53109247E-1
401	5.53430753E-1
581	5.53677932E-1
236	5.55482645E-1
194	5.56175782E-1
409	5.56456618E-1
108	5.59100734E-1
315	5.61900852E-1
354	5.62395891E-1
816	5.63520506E-1
954	5.6360764E-1
495	5.64062698E-1
185	5.64507479E-1
895	5.66542658E-1
650	5.6656525E-1
750	5.66619973E-1
393	5.66975382E-1
46	5.67739982E-1
671	5.68391458E-1
819	5.6957722E-1
397	5.73779553E-1
243	5.73798138E-1
985	5.74679629E-1
668	5.7478397E-1
755	5.74819545E-1
260	5.75181779E-1
559	5.76201127E-1
212	5.76502717E-1
19	5.76555055E-1
374	5.77091681E-1
123	5.78246253E-1
99	5.79664824E-1
510	5.81166544E-1
90	5.81570553E-1
917	5.81598506E-1
49	5.82085758E-1
5	5.85849472E-1
312	5.88176695E-1
741	5.8825481E-1
344	5.88699228E-1
25	5.89391173E-1
720	5.89411325E-1
118	5.90421339E-1
438	5.9121227E-1
115	5.92006219E-1
281	5.92456227E-1
708	5.92601946E-1
507	5.92835392E-1
129	5.93244432E-1
205	5.93777862E-1
849	5.94524556E-1
870	5.95281887E-1
256	5.95380981E-1
757	5.95388881E-1
693	5.98417031E-1
346	5.99811355E-1
478	6.01374542E-1
618	6.0170133E-1
968	6.02380344E-1
427	6.02819737E-1
513	6.0304146E-1
857	6.048617E-1
686	6.05270844E-1
15	6.06063543E-1
908	6.07973416E-1
721	6.12569514E-1
936	6.14601469E-1
768	6.14655055E-1
419	6.1510656E-1
619	6.16344726E-1
80	6.16436667E-1
285	6.16679214E-1
33	6.16803424E-1
48	6.18115596E-1
640	6.21091011E-1
584	6.21119021E-1
63	6.21275437E-1
735	6.21284568E-1
158	6.22389605E-1
124	6.22890589E-1
433	6.25128821E-1
801	6.25843741E-1
273	6.29724836E-1
234	6.2976187E-1
152	6.30214436E-1
87	6.33754056E-1
749	6.3441884E-1
199	6.36501642E-1
174	6.37953992E-1
629	6.39415676E-1
319	6.39503347E-1
274	6.39737558E-1
885	6.40458052E-1
209	6.41257586E-1
345	6.41616844E-1
157	6.42054692E-1
751	6.42353498E-1
831	6.45600902E-1
752	6.47296341E-1
110	6.50232063E-1
248	6.51251986E-1
32	6.51253018E-1
448	6.51646306E-1
324	6.54315649E-1
602	6.55863207E-1
138	6.569537E-1
607	6.58299481E-1
655	6.59948238E-1
336	6.60344307E-1
301	6.6080944E-1
136	6.61101976E-1
73	6.61929226E-1
637	6.63611748E-1
364	6.63662789E-1
839	6.64903414E-1
265	6.67050534E-1
492	6.68975936E-1
101	6.71012682E-1
525	6.71226701E-1
667	6.72466465E-1
769	6.73130899E-1
577	6.74747275E-1
691	6.75053297E-1
147	6.75863231E-1
717	6.78202695E-1
222	6.78203359E-1
661	6.78344929E-1
1014	6.78373126E-1
684	6.79715533E-1
226	6.80163586E-1
791	6.80750534E-1
230	6.82815778E-1
399	6.82876258E-1
400	6.83021419E-1
217	6.85420711E-1
253	6.85768735E-1
821	6.87318592E-1
808	6.9086955E-1
355	6.91473218E-1
379	6.92017931E-1
421	6.93269628E-1
1007	6.934231E-1
998	6.94434877E-1
204	6.94827978E-1
190	6.95534384E-1
365	6.96400802E-1
119	6.96755904E-1
196	6.98396604E-1
620	6.98685183E-1
62	6.99101975E-1
576	7.01035822E-1
561	7.01366525E-1
756	7.01597326E-1
160	7.03425426E-1
318	7.04273904E-1
44	7.05037009E-1
23	7.06150863E-1
475	7.06960043E-1
343	7.06973094E-1
163	7.07108121E-1
479	7.07436057E-1
760	7.08610888E-1
540	7.08895798E-1
277	7.09098036E-1
676	7.09837025E-1
767	7.1029092E-1
580	7.121332E-1
165	7.12582809E-1
1003	7.12841948E-1
65	7.15605563E-1
814	7.166745E-1
874	7.16894058E-1
643	7.17749337E-1
770	7.1798438E-1
342	7.18383745E-1
454	7.19636304E-1
130	7.20356649E-1
329	7.20515801E-1
453	7.22198706E-1
417	7.22740031E-1
605	7.25478091E-1
480	7.25497198E-1
247	7.25650825E-1
902	7.26109295E-1
371	7.27137282E-1
293	7.29844386E-1
578	7.30276516E-1
639	7.30300823E-1
279	7.30537776E-1
867	7.3149225E-1
617	7.32168678E-1
594	7.32597918E-1
388	7.33652277E-1
532	7.33730229E-1
878	7.36067413E-1
982	7.36460244E-1
181	7.38895058E-1
64	7.40183003E-1
57	7.40257771E-1
738	7.4133809E-1
455	7.41586536E-1
47	7.41747932E-1
799	7.4202765E-1
564	7.42070307E-1
88	7.42327857E-1
568	7.43057195E-1
333	7.4382071E-1
706	7.43828541E-1
406	7.44982935E-1
1018	7.45585035E-1
956	7.46228483E-1
404	7.47956867E-1
313	7.47989113E-1
636	7.48313473E-1
593	7.48482924E-1
783	7.50135205E-1
509	7.52835185E-1
522	7.53060497E-1
126	7.55139847E-1
457	7.56146848E-1
435	7.56404513E-1
468	7.57589987E-1
392	7.57930664E-1
545	7.58864345E-1
546	7.61276706E-1
938	7.61616075E-1
541	7.66198445E-1
973	7.66390942E-1
929	7.67231849E-1
353	7.68362199E-1
977	7.68431143E-1
530	7.69215424E-1
848	7.69679104E-1
990	7.70422522E-1
150	7.70755856E-1
1009	7.71057938E-1
298	7.74002644E-1
753	7.74816289E-1
978	7.75074983E-1
649	7.76594802E-1
900	7.79316199E-1
718	7.80391828E-1
719	7.82065519E-1
8	7.831908E-1
687	7.85510906E-1
284	7.86905938E-1
970	7.87911791E-1
642	7.88061003E-1
70	7.88110205E-1
192	7.887615E-1
915	7.91483931E-1
556	7.91663546E-1
10	7.94773401E-1
396	7.95485164E-1
899	7.95847736E-1
451	7.958522E-1
60	7.96105099E-1
736	7.96306636E-1
67	7.97033327E-1
302	7.9742059E-1
77	7.98503305E-1
855	7.99883001E-1
872	8.00572535E-1
491	8.01232182E-1
596	8.03609381E-1
66	8.04062184E-1
663	8.07044603E-1
809	8.0705066E-1
554	8.07490723E-1
996	8.07913006E-1
544	8.08331186E-1
692	8.09884741E-1
563	8.11453819E-1
535	8.11642421E-1
548	8.11705454E-1
841	8.11711605E-1
484	8.12501174E-1
179	8.12899195E-1
611	8.1296913E-1
666	8.14864937E-1
715	8.16195998E-1
4	8.17769871E-1
600	8.17915659E-1
481	8.18344045E-1
701	8.19136322E-1
361	8.19514697E-1
6	8.20422856E-1
797	8.20548469E-1
842	8.22771362E-1
690	8.2425538E-1
348	8.24517638E-1
187	8.25514577E-1
820	8.26001603E-1
153	8.26647345E-1
300	8.28409446E-1
96	8.28699508E-1
95	8.28924142E-1
670	8.29543139E-1
36	8.2988046E-1
934	8.32673584E-1
950	8.32904019E-1
810	8.33637837E-1
258	8.33908696E-1
700	8.33916726E-1
800	8.35455039E-1
944	8.35763968E-1
493	8.36140663E-1
359	8.36462029E-1
78	8.37142537E-1
240	8.37500211E-1
942	8.37659099E-1
652	8.38163926E-1
984	8.38669671E-1
109	8.39950028E-1
175	8.40890188E-1
543	8.41087631E-1
195	8.4175439E-1
615	8.42028116E-1
465	8.44345026E-1
289	8.44566041E-1
730	8.44805385E-1
916	8.45047233E-1
320	8.45055901E-1
411	8.47219893E-1
859	8.49116625E-1
997	8.51733628E-1
145	8.538622E-1
947	8.5458764E-1
34	8.55032354E-1
425	8.5554598E-1
198	8.55644533E-1
213	8.5584212E-1
50	8.57704986E-1
43	8.58076308E-1
487	8.58485128E-1
574	8.61088503E-1
488	8.6518308E-1
496	8.65229231E-1
896	8.65273796E-1
413	8.67006803E-1
403	8.68415124E-1
632	8.69046084E-1
745	8.69370521E-1
367	8.70196111E-1
972	8.70348829E-1
832	8.72437476E-1
789	8.731829E-1
1017	8.73700137E-1
282	8.78547098E-1
325	8.78978269E-1
815	8.79668323E-1
868	8.8086265E-1
803	8.82091238E-1
887	8.82542637E-1
921	8.8260784E-1
168	8.85000039E-1
340	8.85581999E-1
201	8.90892883E-1
52	8.91321912E-1
624	8.91406437E-1
702	8.92535336E-1
771	8.94128159E-1
311	8.94491877E-1
573	8.94630217E-1
694	8.94633655E-1
442	8.94863381E-1
508	8.95123479E-1
880	8.95489875E-1
116	8.9640249E-1
266	8.96541335E-1
102	8.97081924E-1
601	8.97431452E-1
71	8.97534757E-1
609	9.02908145E-1
588	9.03173947E-1
228	9.03897262E-1
732	9.0472569E-1
724	9.06158981E-1
422	9.0730189E-1
873	9.08551829E-1
761	9.10858403E-1
143	9.11654434E-1
558	9.13802529E-1
710	9.14375517E-1
648	9.15008177E-1
13	9.15381939E-1
500	9.1670986E-1
599	9.17553194E-1
458	9.17725924E-1
793	9.18435041E-1
255	9.18772427E-1
415	9.19650751E-1
1020	9.20836675E-1
497	9.21535491E-1
557	9.21594384E-1
149	9.22295481E-1
674	9.23683344E-1
647	9.2399903E-1
962	9.24373804E-1
932	9.25159726E-1
450	9.25526123E-1
337	9.25631079E-1
151	9.26917699E-1
822	9.2922787E-1
707	9.3021334E-1
82	9.31496993E-1
528	9.32315863E-1
787	9.34416763E-1
979	9.34442775E-1
861	9.35564679E-1
380	9.36370787E-1
779	9.3675636E-1
351	9.37222528E-1
940	9.37353584E-1
504	9.39050942E-1
473	9.41083591E-1
51	9.4141367E-1
434	9.42205888E-1
683	9.4289535E-1
904	9.44101726E-1
918	9.44758611E-1
107	9.45412906E-1
729	9.46085331E-1
53	9.46757857E-1
447	9.49068152E-1
665	9.50374802E-1
886	9.50803698E-1
1002	9.55432144E-1
965	9.56268506E-1
1015	9.5664744E-1
426	9.57733936E-1
443	9.58656135E-1
296	9.58705923E-1
995	9.5955537E-1
1021	9.59555717E-1
395	9.60513413E-1
616	9.60782306E-1
834	9.6205978E-1
31	9.62169052E-1
132	9.65125633E-1
634	9.65368104E-1
570	9.66894006E-1
742	9.66898799E-1
1022	9.67671427E-1
472	9.67726263E-1
804	9.68595589E-1
566	9.70383731E-1
26	9.70422915E-1
1019	9.71150361E-1
268	9.72156262E-1
585	9.74274203E-1
444	9.74501317E-1
219	9.75650551E-1
766	9.77481273E-1
61	9.78439736E-1
299	9.7853355E-1
197	9.78697752E-1
146	9.78987595E-1
494	9.80718378E-1
833	9.82231076E-1
106	9.83004183E-1
723	9.83622268E-1
830	9.8474973E-1
784	9.85021297E-1
216	9.8560293E-1
835	9.85777353E-1
357	9.88507995E-1
244	9.89239841E-1
858	9.89432971E-1
1011	9.89657129E-1
794	9.90207798E-1
945	9.90243108E-1
22	9.91657043E-1
875	9.91720739E-1
321	9.92670572E-1
941	9.92670912E-1
412	9.92883301E-1
551	9.94861313E-1
765	9.95410574E-1
993	9.9548739E-1
358	9.95865745E-1
368	9.95927524E-1
1023	9.97972583E-1
162	9.98719277E-1
