Name	chi2Pvalue
558	1.17670372E-3
646	1.59327331E-3
792	1.75770709E-3
464	3.02481934E-3
597	8.40246132E-3
202	9.37027769E-3
306	9.76908274E-3
354	9.84333842E-3
826	1.11491879E-2
898	1.39427848E-2
94	1.39543306E-2
876	1.48720325E-2
56	1.61599573E-2
525	1.63406932E-2
696	1.69150044E-2
726	1.69399773E-2
257	1.72084538E-2
7	1.7271277E-2
185	1.75404299E-2
170	1.89811897E-2
343	1.91291933E-2
582	1.9470447E-2
382	1.95954E-2
832	2.02209968E-2
956	2.13820938E-2
426	2.23302858E-2
502	2.29295261E-2
785	2.33078137E-2
373	2.37961584E-2
8	2.60564577E-2
251	2.67565794E-2
143	2.68633764E-2
906	2.75480216E-2
448	2.75502519E-2
845	2.93044062E-2
311	3.08834698E-2
229	3.24529838E-2
263	3.31866114E-2
771	3.37980909E-2
1011	3.43536995E-2
530	3.52525641E-2
132	3.72572849E-2
667	3.73473048E-2
681	3.81601246E-2
670	4.00225157E-2
389	4.10448083E-2
981	4.17633713E-2
474	4.28415822E-2
60	4.35128559E-2
217	4.52641369E-2
18	4.85901706E-2
17	4.87747346E-2
883	4.8791223E-2
122	5.01132693E-2
592	5.26774509E-2
821	5.28770724E-2
803	5.32527267E-2
860	5.37616964E-2
717	5.37915227E-2
536	5.44636043E-2
127	5.45432902E-2
880	5.45675308E-2
442	5.59434685E-2
653	5.607131E-2
605	5.65497783E-2
336	5.67414868E-2
729	5.71884098E-2
196	5.72946564E-2
839	5.79726236E-2
774	5.98250442E-2
403	6.04717097E-2
988	6.12348954E-2
203	6.33008683E-2
801	6.34428398E-2
47	6.39336939E-2
42	6.40012606E-2
249	6.40116386E-2
407	6.42275923E-2
917	6.43941159E-2
395	6.51194959E-2
528	6.63767573E-2
437	6.83505342E-2
760	6.89447796E-2
625	6.94732849E-2
410	7.24812689E-2
145	7.3363076E-2
909	7.34374853E-2
768	7.41137774E-2
418	7.5601029E-2
901	7.67630749E-2
936	7.80464967E-2
455	7.82504323E-2
323	8.32884549E-2
539	8.44159657E-2
200	8.45081259E-2
949	8.68654933E-2
867	8.71811691E-2
522	8.72307588E-2
103	8.78989281E-2
137	8.90805889E-2
228	9.15765009E-2
617	9.27268822E-2
775	9.34523882E-2
859	9.50195174E-2
131	9.5985305E-2
541	9.71961425E-2
214	9.74061227E-2
105	9.75532008E-2
457	9.81581435E-2
147	1.00763312E-1
739	1.0086184E-1
219	1.03989286E-1
763	1.04424733E-1
198	1.05279317E-1
345	1.05614322E-1
27	1.05667782E-1
138	1.06504295E-1
587	1.06682193E-1
680	1.07533257E-1
340	1.08130549E-1
948	1.10143333E-1
119	1.11455622E-1
110	1.114928E-1
1009	1.11655868E-1
640	1.11921686E-1
370	1.1521771E-1
44	1.15771418E-1
766	1.15833508E-1
272	1.15928958E-1
798	1.16718405E-1
312	1.16737145E-1
193	1.18770591E-1
564	1.21332858E-1
990	1.21559533E-1
84	1.22923869E-1
882	1.23369653E-1
624	1.25420977E-1
767	1.26619884E-1
113	1.26789384E-1
324	1.27325605E-1
703	1.28321265E-1
86	1.28462293E-1
397	1.30670577E-1
802	1.31704279E-1
314	1.33137236E-1
374	1.33770618E-1
922	1.33815653E-1
133	1.33959331E-1
72	1.34653095E-1
45	1.34667687E-1
396	1.34676414E-1
658	1.35814398E-1
791	1.36516589E-1
285	1.36622142E-1
603	1.37813095E-1
476	1.37918255E-1
225	1.38371523E-1
194	1.38954329E-1
98	1.41732489E-1
524	1.41862183E-1
208	1.41884502E-1
4	1.42874093E-1
809	1.44008502E-1
416	1.44062959E-1
896	1.4448924E-1
167	1.45464374E-1
746	1.45768356E-1
104	1.46679606E-1
807	1.46792237E-1
30	1.46878562E-1
879	1.48943232E-1
805	1.49710623E-1
444	1.50466815E-1
472	1.52363788E-1
851	1.52402307E-1
432	1.53621897E-1
391	1.5460227E-1
856	1.55266985E-1
445	1.55578327E-1
758	1.59325742E-1
837	1.61482374E-1
550	1.61627105E-1
297	1.63089223E-1
954	1.63344755E-1
602	1.66097825E-1
235	1.6769216E-1
168	1.68308112E-1
247	1.70440675E-1
983	1.73358257E-1
991	1.74275386E-1
548	1.74908336E-1
973	1.75509603E-1
106	1.75682116E-1
100	1.78196107E-1
172	1.78758976E-1
765	1.79689053E-1
594	1.80630047E-1
736	1.80923961E-1
822	1.81147422E-1
36	1.81595913E-1
398	1.82187124E-1
499	1.8641801E-1
319	1.88430604E-1
461	1.9010442E-1
385	1.93581517E-1
284	1.94024736E-1
999	1.95448115E-1
232	1.96044001E-1
709	1.96086741E-1
980	1.97226193E-1
93	1.9818537E-1
561	1.98366675E-1
301	1.99882039E-1
571	2.00496345E-1
58	2.00504675E-1
362	2.03802284E-1
782	2.03975317E-1
683	2.04668795E-1
114	2.06474843E-1
443	2.06528197E-1
359	2.07552589E-1
608	2.08491803E-1
489	2.13687419E-1
742	2.13804133E-1
159	2.1412727E-1
982	2.15791387E-1
82	2.15842355E-1
862	2.16837441E-1
559	2.16940477E-1
966	2.1761871E-1
848	2.18680478E-1
678	2.19580741E-1
393	2.20572393E-1
256	2.2059943E-1
753	2.20822691E-1
141	2.21139386E-1
87	2.21667131E-1
334	2.22220561E-1
570	2.22485185E-1
847	2.22718218E-1
37	2.25769283E-1
223	2.25829178E-1
124	2.31647788E-1
428	2.31896905E-1
877	2.34942063E-1
959	2.3529146E-1
423	2.36101483E-1
689	2.36177256E-1
29	2.3770762E-1
834	2.37837623E-1
269	2.40941217E-1
974	2.42375625E-1
23	2.42460408E-1
554	2.48225081E-1
271	2.48458935E-1
610	2.49093153E-1
993	2.5027949E-1
622	2.50406845E-1
741	2.51383694E-1
344	2.52599043E-1
130	2.57961646E-1
348	2.58693105E-1
264	2.59399895E-1
1014	2.60085956E-1
799	2.62040678E-1
904	2.62605431E-1
135	2.62957592E-1
412	2.63732095E-1
246	2.64743001E-1
189	2.66048544E-1
911	2.66314884E-1
69	2.66468171E-1
633	2.66710762E-1
174	2.66977837E-1
749	2.67528459E-1
78	2.70368295E-1
754	2.71707477E-1
787	2.74099569E-1
562	2.74496813E-1
630	2.76277498E-1
388	2.76344227E-1
618	2.76922343E-1
776	2.78308958E-1
250	2.78490246E-1
255	2.80466084E-1
663	2.81063623E-1
363	2.82129858E-1
286	2.82246592E-1
440	2.82827355E-1
968	2.83171561E-1
116	2.84554549E-1
659	2.84636031E-1
698	2.85393378E-1
613	2.85975754E-1
793	2.8613702E-1
404	2.86594153E-1
757	2.86594857E-1
186	2.87772141E-1
660	2.90566679E-1
577	2.91699014E-1
179	2.9191513E-1
520	2.92389453E-1
81	2.93045945E-1
1001	2.9425935E-1
697	2.95176732E-1
674	2.96258571E-1
1006	2.97471755E-1
68	2.98300978E-1
708	2.98848752E-1
53	2.99187827E-1
932	3.00195221E-1
769	3.00568784E-1
844	3.00740645E-1
510	3.01505468E-1
406	3.02574333E-1
280	3.02674348E-1
431	3.02755643E-1
789	3.04179341E-1
337	3.05519255E-1
154	3.06809616E-1
115	3.07706458E-1
740	3.08345952E-1
187	3.08499314E-1
797	3.13056132E-1
842	3.14118635E-1
470	3.15538962E-1
976	3.15675897E-1
573	3.17284419E-1
615	3.18250359E-1
601	3.18933496E-1
515	3.19263075E-1
356	3.20282961E-1
292	3.21527827E-1
321	3.2269468E-1
631	3.23033668E-1
55	3.23403502E-1
182	3.23475883E-1
274	3.24873773E-1
872	3.2776202E-1
764	3.3002534E-1
580	3.30431084E-1
549	3.31146373E-1
675	3.31961713E-1
85	3.3215724E-1
531	3.33241626E-1
197	3.33533361E-1
294	3.34280764E-1
719	3.36599278E-1
207	3.3734156E-1
1004	3.40040195E-1
166	3.40283352E-1
419	3.40379978E-1
149	3.40740151E-1
604	3.41171171E-1
666	3.42236253E-1
441	3.44799347E-1
501	3.45375324E-1
823	3.45444241E-1
414	3.48484909E-1
75	3.48991892E-1
731	3.49001976E-1
486	3.49686258E-1
831	3.49764417E-1
459	3.51829812E-1
293	3.52281203E-1
516	3.53248954E-1
497	3.55889951E-1
155	3.56943476E-1
35	3.57057295E-1
379	3.57094202E-1
979	3.58440846E-1
366	3.6310799E-1
866	3.63143113E-1
661	3.63920167E-1
275	3.64057669E-1
505	3.64656895E-1
648	3.65336385E-1
843	3.65526498E-1
914	3.65674169E-1
735	3.66853907E-1
259	3.67946763E-1
777	3.69278377E-1
134	3.69760241E-1
158	3.70373123E-1
273	3.72449725E-1
288	3.7430128E-1
1015	3.76948188E-1
732	3.78301664E-1
581	3.78603923E-1
146	3.79219447E-1
358	3.79332099E-1
707	3.79872594E-1
70	3.81188486E-1
156	3.82567714E-1
62	3.82581755E-1
28	3.82595309E-1
136	3.84212652E-1
944	3.85010706E-1
706	3.87651086E-1
808	3.87923422E-1
173	3.89051806E-1
317	3.9260043E-1
890	3.92685484E-1
13	3.92767303E-1
177	3.94562886E-1
841	3.95156415E-1
48	3.95327614E-1
574	3.95430592E-1
462	3.96629992E-1
704	3.97199665E-1
552	3.99569262E-1
12	3.99658923E-1
322	4.01282519E-1
485	4.01813858E-1
815	4.019025E-1
52	4.03482541E-1
218	4.03673654E-1
90	4.04600216E-1
107	4.04669205E-1
863	4.05130394E-1
992	4.05268041E-1
361	4.07704349E-1
1007	4.08290142E-1
240	4.09538331E-1
835	4.09714872E-1
912	4.11280398E-1
591	4.11340061E-1
713	4.11632858E-1
447	4.11692847E-1
384	4.12389102E-1
178	4.12547644E-1
693	4.15062684E-1
857	4.15096245E-1
150	4.16172578E-1
493	4.16967419E-1
958	4.17397143E-1
233	4.17586279E-1
215	4.19581721E-1
940	4.20907246E-1
409	4.21022985E-1
24	4.23053937E-1
330	4.25198243E-1
270	4.26710619E-1
16	4.26717986E-1
532	4.27026629E-1
327	4.28071729E-1
671	4.28344194E-1
751	4.29306371E-1
239	4.29399276E-1
262	4.30307196E-1
316	4.31701983E-1
533	4.333298E-1
734	4.35219181E-1
76	4.35246554E-1
453	4.35828233E-1
19	4.36450851E-1
908	4.37714972E-1
320	4.39008935E-1
473	4.39405864E-1
623	4.39446631E-1
600	4.43969757E-1
40	4.44511111E-1
192	4.44589167E-1
360	4.44645273E-1
957	4.47803173E-1
786	4.48080674E-1
180	4.49193614E-1
126	4.4945191E-1
14	4.5006093E-1
287	4.50401597E-1
242	4.50449508E-1
535	4.51085622E-1
424	4.5114415E-1
728	4.51201528E-1
1012	4.51896967E-1
884	4.54980154E-1
64	4.55261195E-1
780	4.55357249E-1
22	4.56561299E-1
279	4.56873787E-1
662	4.57526413E-1
946	4.58219209E-1
812	4.61779082E-1
148	4.62091585E-1
984	4.62438197E-1
969	4.66219414E-1
305	4.66306161E-1
331	4.66606524E-1
352	4.69179861E-1
861	4.69955849E-1
690	4.71071462E-1
368	4.7229448E-1
380	4.76245888E-1
427	4.77149703E-1
747	4.77646076E-1
621	4.78419003E-1
492	4.78592654E-1
253	4.8063159E-1
222	4.81394062E-1
868	4.81616852E-1
261	4.81642232E-1
853	4.81887223E-1
438	4.82596789E-1
651	4.83463152E-1
790	4.87500073E-1
537	4.90510935E-1
175	4.90925403E-1
962	4.9209918E-1
752	4.92414143E-1
376	4.92834708E-1
456	4.92851402E-1
15	4.94271731E-1
513	4.94449481E-1
304	4.9487503E-1
938	4.96317361E-1
303	4.96709315E-1
881	4.98258217E-1
73	5.05183988E-1
265	5.06488115E-1
10	5.07183249E-1
57	5.07423751E-1
905	5.08356233E-1
692	5.09230158E-1
139	5.09357928E-1
220	5.10899586E-1
504	5.1147442E-1
986	5.11921824E-1
903	5.14862412E-1
11	5.151098E-1
517	5.15625361E-1
238	5.17148605E-1
977	5.17978469E-1
63	5.194513E-1
886	5.20025454E-1
638	5.20946397E-1
243	5.2177518E-1
788	5.22552215E-1
325	5.25305492E-1
308	5.25899313E-1
386	5.25996651E-1
987	5.26192303E-1
32	5.34276226E-1
411	5.36222713E-1
627	5.37893424E-1
206	5.38374853E-1
408	5.38753485E-1
721	5.41161629E-1
576	5.42946336E-1
353	5.48472494E-1
157	5.48803577E-1
996	5.49815875E-1
575	5.50249173E-1
994	5.50456007E-1
714	5.51295524E-1
716	5.52748169E-1
679	5.54473591E-1
413	5.56991402E-1
915	5.5748639E-1
761	5.5784234E-1
309	5.57849952E-1
858	5.5854798E-1
606	5.5890708E-1
402	5.61056116E-1
945	5.62927421E-1
647	5.63479109E-1
589	5.64558485E-1
199	5.64973943E-1
961	5.70864572E-1
31	5.72466466E-1
277	5.75146576E-1
628	5.75502879E-1
644	5.75835297E-1
907	5.78287502E-1
349	5.78325095E-1
140	5.79354368E-1
730	5.79432645E-1
342	5.79683662E-1
226	5.800333E-1
657	5.80080124E-1
910	5.81556315E-1
429	5.8526428E-1
480	5.85350145E-1
34	5.86158114E-1
811	5.86938334E-1
864	5.87759112E-1
216	5.88363797E-1
89	5.89867744E-1
534	5.90394897E-1
381	5.90777127E-1
39	5.90844705E-1
210	5.92104056E-1
565	5.92127551E-1
518	5.9294682E-1
743	5.94434175E-1
816	5.94971178E-1
151	5.95365736E-1
930	5.96204869E-1
488	5.97780021E-1
375	5.99190976E-1
296	6.03237101E-1
854	6.0565163E-1
1017	6.05771517E-1
425	6.06611534E-1
227	6.08397605E-1
772	6.08907831E-1
67	6.09982769E-1
290	6.10131466E-1
527	6.11078015E-1
142	6.11674576E-1
611	6.11755756E-1
655	6.12139426E-1
332	6.12389596E-1
152	6.12518649E-1
6	6.12995549E-1
636	6.1368721E-1
307	6.15283272E-1
310	6.16329007E-1
599	6.17191628E-1
989	6.17828921E-1
298	6.17920074E-1
701	6.18510444E-1
762	6.19626384E-1
435	6.201959E-1
750	6.20848084E-1
213	6.21251147E-1
365	6.23217029E-1
125	6.24512219E-1
869	6.25889894E-1
252	6.25905893E-1
933	6.26306664E-1
25	6.26356173E-1
718	6.2889941E-1
491	6.29832292E-1
268	6.33337357E-1
583	6.34094404E-1
468	6.34946981E-1
300	6.35902964E-1
494	6.36062041E-1
351	6.37595518E-1
817	6.37786203E-1
451	6.38217589E-1
95	6.39981309E-1
204	6.40238836E-1
997	6.42045112E-1
326	6.42424339E-1
824	6.42629508E-1
2	6.4297198E-1
1008	6.44023209E-1
913	6.44469336E-1
546	6.45759189E-1
794	6.45948723E-1
54	6.46372435E-1
616	6.46975657E-1
676	6.47034843E-1
446	6.4717661E-1
487	6.48061852E-1
181	6.48343269E-1
825	6.4859317E-1
289	6.50588261E-1
338	6.51810127E-1
795	6.52901656E-1
9	6.53453981E-1
383	6.54172398E-1
555	6.54577339E-1
642	6.56769479E-1
481	6.60035177E-1
460	6.61795056E-1
1	6.64714881E-1
295	6.64810785E-1
328	6.65752384E-1
371	6.6726071E-1
394	6.67326465E-1
677	6.68097142E-1
59	6.68862395E-1
49	6.69195077E-1
38	6.70956566E-1
699	6.73789228E-1
183	6.75003805E-1
855	6.7517954E-1
784	6.75550279E-1
632	6.76140818E-1
947	6.78120033E-1
1010	6.7931303E-1
579	6.79663085E-1
507	6.80366133E-1
715	6.8067498E-1
955	6.80675251E-1
521	6.81185597E-1
985	6.81446458E-1
878	6.83094569E-1
221	6.83144354E-1
935	6.83153821E-1
439	6.8315941E-1
165	6.84324619E-1
833	6.84462041E-1
953	6.84524637E-1
335	6.84669479E-1
629	6.85113424E-1
925	6.85231923E-1
153	6.86462323E-1
449	6.88489203E-1
367	6.89014431E-1
313	6.89121442E-1
450	6.90559678E-1
725	6.90644054E-1
598	6.94306704E-1
120	6.95909392E-1
160	6.96855455E-1
477	6.97316971E-1
874	6.97535645E-1
665	6.97952122E-1
164	6.9927533E-1
921	7.00356256E-1
236	7.01119134E-1
96	7.01398962E-1
496	7.03215496E-1
401	7.04834621E-1
454	7.05364879E-1
421	7.0557069E-1
781	7.06833097E-1
865	7.07341638E-1
614	7.08183601E-1
540	7.08305006E-1
673	7.09223209E-1
838	7.10466268E-1
952	7.1068153E-1
79	7.12039456E-1
668	7.12241842E-1
92	7.13171615E-1
392	7.13783515E-1
128	7.1419292E-1
778	7.1451775E-1
586	7.16292215E-1
237	7.17136451E-1
378	7.17184548E-1
512	7.18722983E-1
620	7.19112825E-1
523	7.22559514E-1
372	7.23246909E-1
971	7.27339554E-1
422	7.28720776E-1
943	7.2903256E-1
302	7.29594786E-1
117	7.31657708E-1
553	7.33319281E-1
738	7.33445107E-1
995	7.35746873E-1
339	7.3595061E-1
542	7.3616242E-1
420	7.39345811E-1
333	7.39403229E-1
526	7.40264674E-1
899	7.40556522E-1
282	7.41023231E-1
101	7.41346658E-1
733	7.42228364E-1
452	7.42668975E-1
1005	7.42673285E-1
584	7.4288609E-1
467	7.43246745E-1
609	7.43339068E-1
900	7.44826386E-1
230	7.46625354E-1
3	7.49046968E-1
852	7.51394079E-1
357	7.51520431E-1
926	7.51905764E-1
897	7.52149615E-1
572	7.53019652E-1
934	7.5306538E-1
503	7.53396454E-1
998	7.53745182E-1
111	7.5429044E-1
951	7.55823494E-1
967	7.55840555E-1
224	7.5734775E-1
720	7.58867039E-1
700	7.60022094E-1
65	7.60667012E-1
978	7.61245744E-1
400	7.61619021E-1
97	7.61689534E-1
1000	7.62415993E-1
814	7.63401641E-1
870	7.65651153E-1
519	7.66289513E-1
495	7.66375524E-1
1002	7.6904003E-1
195	7.69399854E-1
888	7.69690394E-1
88	7.71442587E-1
849	7.71545171E-1
928	7.71553887E-1
176	7.71730716E-1
405	7.72769729E-1
21	7.73783353E-1
885	7.75511454E-1
593	7.75875449E-1
118	7.76661586E-1
99	7.76990844E-1
112	7.78284604E-1
51	7.79676764E-1
234	7.79767597E-1
123	7.80281881E-1
163	7.80615926E-1
109	7.81297657E-1
705	7.81353336E-1
508	7.81870554E-1
830	7.82861109E-1
929	7.83551637E-1
889	7.83612732E-1
688	7.85198738E-1
434	7.85435511E-1
248	7.87433905E-1
652	7.89040302E-1
918	7.90186438E-1
702	7.9123236E-1
682	7.92049604E-1
399	7.92989367E-1
46	7.94853894E-1
672	7.95385287E-1
724	7.97841387E-1
563	7.98345354E-1
162	7.98438036E-1
278	7.9897284E-1
654	7.99461004E-1
430	8.00748016E-1
964	8.0147201E-1
347	8.02777513E-1
755	8.02860031E-1
691	8.02956964E-1
475	8.03179714E-1
770	8.03291399E-1
796	8.03686636E-1
466	8.05179523E-1
188	8.06400402E-1
436	8.08327535E-1
643	8.10963709E-1
939	8.12453986E-1
773	8.12475143E-1
484	8.12565206E-1
649	8.13961201E-1
544	8.15282442E-1
895	8.15954668E-1
818	8.17937899E-1
626	8.18452794E-1
1016	8.22581871E-1
538	8.22721685E-1
560	8.23188194E-1
873	8.23249115E-1
813	8.23282031E-1
806	8.23664771E-1
585	8.24194713E-1
687	8.2428262E-1
20	8.24350649E-1
595	8.24789764E-1
346	8.25178091E-1
942	8.26030446E-1
415	8.28549186E-1
71	8.3015294E-1
483	8.30600668E-1
710	8.37421095E-1
569	8.3747479E-1
650	8.37789442E-1
509	8.38740776E-1
129	8.3997551E-1
919	8.40199842E-1
260	8.41530681E-1
619	8.42654493E-1
266	8.44875889E-1
756	8.46245871E-1
685	8.4678926E-1
1020	8.48346986E-1
511	8.48549798E-1
377	8.49594966E-1
433	8.49681579E-1
779	8.4969433E-1
612	8.52350356E-1
635	8.53493396E-1
686	8.55855358E-1
514	8.56520292E-1
744	8.57953095E-1
74	8.58615753E-1
931	8.5894186E-1
639	8.59523335E-1
819	8.59645679E-1
970	8.59822087E-1
463	8.61981678E-1
121	8.63006487E-1
941	8.63742567E-1
871	8.65281792E-1
568	8.65910165E-1
551	8.66315562E-1
828	8.67666455E-1
937	8.7095614E-1
205	8.71081473E-1
800	8.71293519E-1
102	8.71540503E-1
1003	8.71845362E-1
893	8.72414096E-1
66	8.72924956E-1
748	8.73198079E-1
267	8.75762618E-1
916	8.80046847E-1
469	8.81466698E-1
387	8.84179118E-1
318	8.8423994E-1
737	8.84681394E-1
972	8.84963067E-1
596	8.85000347E-1
664	8.87134354E-1
212	8.87998859E-1
695	8.88977884E-1
245	8.8901687E-1
417	8.91375517E-1
566	8.91640494E-1
350	8.92813221E-1
723	8.93835794E-1
50	8.94178647E-1
557	8.94626533E-1
490	8.97661602E-1
33	9.0089156E-1
892	9.01808832E-1
804	9.02310179E-1
684	9.02628852E-1
634	9.0311204E-1
41	9.04950272E-1
529	9.06320024E-1
1023	9.06799008E-1
1022	9.080647E-1
161	9.08192843E-1
637	9.08674849E-1
315	9.09379879E-1
329	9.09952296E-1
694	9.10884545E-1
80	9.1159198E-1
827	9.11889681E-1
291	9.1211938E-1
887	9.12523726E-1
478	9.12706265E-1
850	9.1400754E-1
0	9.17682638E-1
588	9.18397496E-1
201	9.21668823E-1
231	9.23289494E-1
950	9.24366844E-1
276	9.24493705E-1
341	9.25168783E-1
390	9.25330394E-1
547	9.26479566E-1
924	9.26645755E-1
960	9.28233283E-1
820	9.2978616E-1
783	9.32404885E-1
840	9.33935181E-1
1018	9.34452056E-1
722	9.35025434E-1
77	9.35215684E-1
975	9.36965213E-1
258	9.38767348E-1
607	9.39198158E-1
745	9.40267677E-1
241	9.42005262E-1
169	9.42081732E-1
43	9.42086593E-1
669	9.43193882E-1
5	9.45361402E-1
578	9.47407194E-1
190	9.47740952E-1
364	9.49575767E-1
641	9.53244574E-1
498	9.54969043E-1
184	9.55052156E-1
281	9.55218311E-1
965	9.58219947E-1
810	9.59851991E-1
727	9.60533453E-1
875	9.60605681E-1
471	9.6069918E-1
299	9.62793695E-1
1021	9.63812427E-1
482	9.64077686E-1
61	9.65388487E-1
91	9.65525001E-1
479	9.66415331E-1
543	9.69138682E-1
902	9.70204779E-1
209	9.72142991E-1
927	9.72772943E-1
567	9.74023277E-1
244	9.74680771E-1
846	9.7525899E-1
759	9.75891745E-1
656	9.76986323E-1
711	9.77353181E-1
211	9.77416838E-1
645	9.78741671E-1
556	9.7941332E-1
171	9.83121448E-1
83	9.83147148E-1
108	9.85621412E-1
144	9.86152877E-1
836	9.8737614E-1
458	9.88703841E-1
500	9.90222064E-1
355	9.9042553E-1
254	9.90464078E-1
891	9.90770012E-1
712	9.92261613E-1
26	9.92738454E-1
191	9.92871984E-1
506	9.9426604E-1
923	9.94406171E-1
1013	9.94944476E-1
829	9.96811151E-1
465	9.9782172E-1
545	9.98057662E-1
963	9.98088773E-1
1019	9.9835846E-1
894	9.99294337E-1
