Name	chi2Pvalue
390	5.88233469E-7
176	1.66022698E-4
68	3.30067632E-4
309	7.61989953E-4
111	1.34690031E-3
894	5.00078848E-3
296	5.52125253E-3
626	5.67003181E-3
75	6.72075977E-3
856	6.79525295E-3
706	6.9870246E-3
912	8.12896733E-3
40	8.46259665E-3
953	8.50810949E-3
820	1.01109236E-2
330	1.03616357E-2
324	1.05063762E-2
317	1.07565386E-2
468	1.18663615E-2
515	1.21926586E-2
861	1.29360506E-2
917	1.30472251E-2
802	1.39761133E-2
795	1.52339038E-2
377	1.52944781E-2
522	1.59884571E-2
43	1.85681976E-2
339	2.15304749E-2
981	2.18544929E-2
928	2.30181348E-2
959	2.58981026E-2
488	2.69553464E-2
491	2.74566301E-2
946	2.96857746E-2
451	2.98642307E-2
775	3.06352584E-2
839	3.08959512E-2
664	3.14485787E-2
964	3.58654277E-2
416	3.61499205E-2
625	3.73314663E-2
354	3.79615544E-2
306	4.19256731E-2
816	4.30598035E-2
586	4.46295424E-2
41	4.66773889E-2
813	4.96754778E-2
124	5.0562352E-2
304	5.17009431E-2
842	5.29562356E-2
738	5.4902354E-2
740	5.54387808E-2
616	5.56746064E-2
686	5.78892807E-2
423	5.81523994E-2
1008	5.87398198E-2
770	5.91411361E-2
718	5.96103085E-2
499	6.09368644E-2
823	6.15265399E-2
769	6.15475591E-2
844	6.16091611E-2
198	6.24393202E-2
900	6.28993139E-2
714	6.439517E-2
213	6.55391319E-2
777	6.65864089E-2
992	6.81642046E-2
396	6.92289245E-2
613	7.17120915E-2
803	7.18122549E-2
258	7.35024216E-2
876	7.46464373E-2
731	7.48258078E-2
1	7.60582783E-2
569	7.61325283E-2
127	7.72939134E-2
628	8.03953386E-2
89	8.11147526E-2
355	8.26596796E-2
289	8.39704888E-2
239	8.47955273E-2
773	8.70162005E-2
3	8.8633257E-2
617	8.87892426E-2
418	8.94023751E-2
922	9.01079632E-2
750	9.1158076E-2
744	9.15052466E-2
177	9.1564238E-2
12	9.33945411E-2
837	9.40219062E-2
619	9.48940331E-2
847	9.60326013E-2
224	9.61383188E-2
788	9.6766425E-2
140	9.67668858E-2
696	9.68203E-2
622	9.7970652E-2
276	9.94976563E-2
273	1.02443528E-1
249	1.02618961E-1
965	1.0351083E-1
960	1.04227162E-1
302	1.07128379E-1
721	1.07724393E-1
800	1.08235269E-1
374	1.08790403E-1
406	1.09478251E-1
841	1.09876994E-1
229	1.12851702E-1
947	1.13857305E-1
301	1.1422118E-1
220	1.14347764E-1
687	1.15030446E-1
901	1.15646693E-1
464	1.17340986E-1
582	1.1735302E-1
929	1.17541804E-1
807	1.18508E-1
221	1.18734634E-1
778	1.18825248E-1
758	1.19014992E-1
436	1.22713528E-1
349	1.23585936E-1
1006	1.24396092E-1
633	1.26323037E-1
193	1.26866422E-1
703	1.28626318E-1
745	1.33321382E-1
525	1.34232993E-1
492	1.35196047E-1
980	1.35685524E-1
397	1.37206872E-1
320	1.37757879E-1
596	1.38729371E-1
319	1.42172558E-1
684	1.42601724E-1
840	1.44535072E-1
580	1.44979863E-1
152	1.45343752E-1
254	1.45409226E-1
705	1.45976384E-1
734	1.50067097E-1
495	1.51252678E-1
91	1.51456627E-1
238	1.53319123E-1
592	1.53936952E-1
508	1.54204941E-1
103	1.5459226E-1
562	1.54968796E-1
989	1.5755227E-1
36	1.58434163E-1
38	1.59819596E-1
512	1.60905139E-1
634	1.61053648E-1
100	1.62389892E-1
93	1.65629525E-1
308	1.66049747E-1
394	1.66173546E-1
743	1.67081716E-1
122	1.69819957E-1
670	1.7028383E-1
55	1.73048339E-1
990	1.7324395E-1
481	1.73432566E-1
106	1.76019848E-1
747	1.76582139E-1
82	1.76607293E-1
635	1.77392274E-1
677	1.77939982E-1
453	1.79745795E-1
541	1.81571906E-1
243	1.81673846E-1
28	1.81777153E-1
573	1.82744582E-1
358	1.84287018E-1
292	1.85423593E-1
915	1.85875264E-1
530	1.87389924E-1
459	1.87626407E-1
595	1.87671108E-1
832	1.87788799E-1
683	1.88047033E-1
1009	1.8821024E-1
926	1.90897058E-1
299	1.91044459E-1
716	1.92181738E-1
647	1.92366418E-1
10	1.93509567E-1
191	1.93762457E-1
952	1.95565752E-1
478	1.96998064E-1
385	1.98157513E-1
698	1.98400633E-1
21	1.9940014E-1
29	2.00296384E-1
879	2.08182494E-1
1002	2.08212617E-1
607	2.08832061E-1
516	2.09138874E-1
828	2.09359474E-1
373	2.09897508E-1
329	2.10930434E-1
187	2.12181791E-1
958	2.12486881E-1
979	2.12668088E-1
771	2.13004569E-1
391	2.13059787E-1
709	2.13718701E-1
934	2.1793597E-1
756	2.17964306E-1
833	2.21210357E-1
144	2.21713829E-1
455	2.23186371E-1
752	2.2451944E-1
597	2.25355775E-1
767	2.28839092E-1
135	2.29470721E-1
542	2.3053002E-1
334	2.31591595E-1
891	2.32948119E-1
905	2.33065272E-1
746	2.34874536E-1
765	2.35023494E-1
457	2.36447228E-1
829	2.36711539E-1
119	2.37262662E-1
474	2.38320649E-1
564	2.3900902E-1
725	2.39794739E-1
921	2.40619462E-1
591	2.4145664E-1
192	2.41672452E-1
300	2.42660007E-1
388	2.45863014E-1
759	2.46931735E-1
554	2.46985963E-1
766	2.47264942E-1
606	2.47497285E-1
452	2.48210521E-1
113	2.49180262E-1
534	2.49224493E-1
863	2.49444851E-1
954	2.49790483E-1
999	2.51006772E-1
271	2.523909E-1
682	2.53025677E-1
477	2.53999659E-1
150	2.54653832E-1
774	2.55136678E-1
201	2.56290808E-1
26	2.56706126E-1
568	2.56985777E-1
180	2.56998375E-1
262	2.57052102E-1
831	2.58155273E-1
245	2.58790704E-1
460	2.60560665E-1
793	2.63616076E-1
33	2.63621219E-1
227	2.64676062E-1
676	2.65797823E-1
602	2.66500056E-1
545	2.67620636E-1
858	2.69531436E-1
298	2.69677611E-1
350	2.7157937E-1
1010	2.71905906E-1
640	2.72119252E-1
1007	2.7215505E-1
316	2.73196376E-1
35	2.74961874E-1
456	2.75193598E-1
250	2.75741669E-1
435	2.76516533E-1
931	2.77823342E-1
1003	2.7976961E-1
310	2.80648014E-1
411	2.81143737E-1
919	2.81626644E-1
627	2.82367515E-1
1015	2.82761579E-1
611	2.82836553E-1
610	2.83153543E-1
56	2.85110152E-1
732	2.85328318E-1
286	2.86855654E-1
878	2.89062098E-1
710	2.89646529E-1
650	2.89658865E-1
235	2.89745836E-1
370	2.92264382E-1
995	2.92500762E-1
691	2.9262855E-1
223	2.93608446E-1
975	2.94777451E-1
672	2.95162817E-1
1012	2.96107878E-1
794	2.97030887E-1
123	2.97657792E-1
671	2.98106695E-1
787	3.01689019E-1
601	3.0170165E-1
937	3.02131033E-1
117	3.02604024E-1
519	3.03369394E-1
993	3.03772763E-1
291	3.04682565E-1
344	3.0482324E-1
899	3.08135873E-1
550	3.08232581E-1
643	3.09946681E-1
726	3.11400083E-1
146	3.13338147E-1
212	3.13347637E-1
287	3.13604903E-1
727	3.15021163E-1
211	3.15497866E-1
154	3.17849706E-1
413	3.17973464E-1
200	3.19066585E-1
205	3.19469829E-1
476	3.20348961E-1
867	3.21386554E-1
609	3.23431633E-1
865	3.24113885E-1
503	3.24881114E-1
252	3.25852998E-1
681	3.26802909E-1
968	3.27475529E-1
132	3.30723392E-1
948	3.31390603E-1
866	3.31502972E-1
179	3.31511966E-1
944	3.32739862E-1
54	3.3277455E-1
982	3.33155869E-1
157	3.34064648E-1
893	3.349029E-1
694	3.35104807E-1
594	3.35278179E-1
649	3.35506454E-1
203	3.40273605E-1
762	3.40760322E-1
401	3.41367607E-1
817	3.44148521E-1
380	3.44400195E-1
742	3.45147428E-1
892	3.47415425E-1
443	3.48613994E-1
87	3.48969711E-1
8	3.49477752E-1
59	3.49837719E-1
624	3.50791587E-1
57	3.53528067E-1
53	3.54379644E-1
274	3.5544363E-1
969	3.5566171E-1
652	3.56195883E-1
13	3.56527313E-1
267	3.5746888E-1
378	3.58960191E-1
966	3.59019501E-1
641	3.59019556E-1
518	3.62115299E-1
581	3.63225989E-1
552	3.63933266E-1
147	3.64674334E-1
472	3.64748997E-1
173	3.65158895E-1
372	3.66234416E-1
440	3.66504783E-1
851	3.67475572E-1
1001	3.67668361E-1
63	3.68002345E-1
1016	3.6824543E-1
196	3.68475093E-1
904	3.71085242E-1
67	3.71187901E-1
945	3.71750434E-1
629	3.72089159E-1
690	3.72197835E-1
763	3.7506376E-1
680	3.75905077E-1
651	3.76103503E-1
275	3.77686239E-1
533	3.77955418E-1
480	3.78054253E-1
914	3.78626306E-1
749	3.83813202E-1
704	3.84081896E-1
884	3.84234456E-1
473	3.86170643E-1
764	3.87399627E-1
668	3.88432676E-1
294	3.88966487E-1
799	3.89404112E-1
415	3.89455949E-1
506	3.89751176E-1
978	3.90341725E-1
470	3.90766908E-1
796	3.90796328E-1
305	3.91178269E-1
1005	3.91942087E-1
231	3.93129372E-1
24	3.96922087E-1
393	3.97040205E-1
343	3.98186162E-1
97	4.0149402E-1
479	4.02123421E-1
514	4.02829088E-1
327	4.0547087E-1
465	4.06571966E-1
792	4.07494808E-1
450	4.0761028E-1
322	4.0829847E-1
463	4.09887705E-1
342	4.11669061E-1
297	4.13313773E-1
689	4.15791476E-1
433	4.15826831E-1
566	4.16560388E-1
76	4.17958358E-1
431	4.18016779E-1
461	4.18178382E-1
809	4.18778845E-1
410	4.20047808E-1
913	4.20838846E-1
860	4.2100013E-1
219	4.21633733E-1
739	4.22036105E-1
906	4.22575479E-1
145	4.26827247E-1
663	4.26905056E-1
427	4.27749849E-1
362	4.28340642E-1
697	4.28682976E-1
363	4.28866233E-1
422	4.32977973E-1
974	4.33119705E-1
864	4.33931486E-1
791	4.36026484E-1
561	4.36802851E-1
881	4.36803778E-1
559	4.37945347E-1
675	4.40420476E-1
484	4.41212994E-1
614	4.41876917E-1
130	4.42318308E-1
376	4.42498928E-1
60	4.43244592E-1
159	4.43299682E-1
911	4.45000931E-1
599	4.46705222E-1
924	4.46721763E-1
532	4.50602769E-1
280	4.51388384E-1
25	4.52669078E-1
951	4.52746527E-1
467	4.53104738E-1
660	4.53715382E-1
475	4.54517986E-1
825	4.5485987E-1
288	4.57550991E-1
247	4.57992328E-1
789	4.5862774E-1
92	4.5920534E-1
114	4.59651849E-1
134	4.60458843E-1
81	4.60499505E-1
761	4.61371274E-1
949	4.64746739E-1
165	4.65231514E-1
674	4.65328917E-1
956	4.66371721E-1
673	4.66499417E-1
667	4.66883491E-1
612	4.6691928E-1
444	4.71609802E-1
497	4.75283901E-1
808	4.76583996E-1
361	4.78273503E-1
991	4.78393119E-1
263	4.78619884E-1
88	4.79492887E-1
242	4.80027354E-1
603	4.80425016E-1
449	4.80906931E-1
489	4.81318211E-1
720	4.81557365E-1
636	4.81603185E-1
783	4.81777602E-1
779	4.8209385E-1
284	4.82146799E-1
735	4.82310424E-1
604	4.82861063E-1
79	4.84144495E-1
257	4.8420872E-1
724	4.87155772E-1
528	4.87713745E-1
174	4.88560828E-1
30	4.88607333E-1
883	4.90544599E-1
836	4.94096762E-1
933	4.94675472E-1
432	4.95270669E-1
963	4.96676405E-1
125	4.98651093E-1
1004	4.99332609E-1
755	5.00446021E-1
950	5.0362206E-1
7	5.03701654E-1
849	5.05196787E-1
655	5.05615036E-1
890	5.05847681E-1
230	5.06298013E-1
935	5.08021099E-1
104	5.09403955E-1
170	5.09531843E-1
722	5.10595109E-1
804	5.11374212E-1
661	5.11607064E-1
785	5.11670022E-1
669	5.12207118E-1
439	5.15162841E-1
871	5.18161916E-1
217	5.18442037E-1
524	5.19585961E-1
925	5.21421824E-1
34	5.21720694E-1
872	5.21908401E-1
260	5.22340236E-1
251	5.23506984E-1
278	5.26937442E-1
850	5.27587017E-1
246	5.2828159E-1
445	5.28747726E-1
567	5.29319168E-1
748	5.29935248E-1
74	5.31320763E-1
434	5.31745309E-1
17	5.32723414E-1
494	5.3341677E-1
659	5.33721484E-1
101	5.35382602E-1
646	5.36196568E-1
868	5.36633496E-1
882	5.37270935E-1
504	5.38926211E-1
648	5.39032357E-1
285	5.39526514E-1
638	5.39560103E-1
18	5.41908905E-1
700	5.4246074E-1
110	5.42574002E-1
387	5.4419004E-1
932	5.46003869E-1
22	5.46482591E-1
222	5.4700087E-1
695	5.47179058E-1
116	5.48278902E-1
382	5.48391207E-1
805	5.48392434E-1
169	5.49995395E-1
160	5.50510988E-1
207	5.52550554E-1
578	5.53589595E-1
538	5.55390972E-1
553	5.55633297E-1
678	5.55810645E-1
143	5.580204E-1
579	5.5865406E-1
501	5.59179497E-1
784	5.6277897E-1
379	5.63303804E-1
873	5.64210728E-1
293	5.64677119E-1
970	5.65061961E-1
679	5.66625338E-1
72	5.66720335E-1
1000	5.66819052E-1
547	5.67168045E-1
976	5.67396968E-1
49	5.68468196E-1
345	5.71089558E-1
713	5.72098712E-1
351	5.72781666E-1
185	5.74222754E-1
885	5.77467799E-1
236	5.77846779E-1
405	5.7899931E-1
58	5.81003172E-1
323	5.81943735E-1
138	5.82009839E-1
815	5.82208274E-1
908	5.8344599E-1
86	5.8359022E-1
507	5.85167705E-1
234	5.85271426E-1
751	5.86278765E-1
916	5.88377068E-1
352	5.89327505E-1
389	5.89746399E-1
78	5.89946408E-1
537	5.90028415E-1
897	5.90071051E-1
939	5.91520505E-1
156	5.92234912E-1
589	5.92810883E-1
548	5.92976829E-1
544	5.94568699E-1
529	5.94961004E-1
637	5.96458463E-1
204	5.96650851E-1
531	5.97042839E-1
818	5.98441926E-1
728	5.9863396E-1
782	5.9939499E-1
331	6.01435211E-1
656	6.0291825E-1
688	6.06550476E-1
539	6.07540362E-1
521	6.10902342E-1
998	6.11720367E-1
225	6.13320763E-1
983	6.15483044E-1
341	6.16026471E-1
96	6.17734958E-1
48	6.18472098E-1
368	6.19566028E-1
510	6.21458103E-1
846	6.21853189E-1
46	6.22353622E-1
877	6.2412654E-1
702	6.24737636E-1
575	6.24768181E-1
162	6.24853723E-1
325	6.25984804E-1
313	6.26028316E-1
151	6.26311338E-1
555	6.27411122E-1
318	6.27736081E-1
356	6.28516062E-1
188	6.28794454E-1
487	6.29080379E-1
337	6.29172676E-1
527	6.29360466E-1
620	6.29668246E-1
546	6.30058868E-1
164	6.30871642E-1
42	6.31178291E-1
685	6.3182789E-1
14	6.35652275E-1
161	6.3618397E-1
693	6.36237317E-1
699	6.3719653E-1
430	6.38070174E-1
429	6.38846766E-1
107	6.39762559E-1
977	6.40483943E-1
62	6.40494568E-1
558	6.42933299E-1
1011	6.46767617E-1
923	6.46918033E-1
888	6.47401026E-1
426	6.51342037E-1
962	6.54051516E-1
943	6.54502331E-1
347	6.5505292E-1
824	6.57062457E-1
811	6.57253249E-1
31	6.59074253E-1
760	6.61343907E-1
307	6.61484047E-1
102	6.63166163E-1
386	6.64787929E-1
141	6.65126763E-1
776	6.65237616E-1
314	6.66377439E-1
64	6.67596513E-1
733	6.68372917E-1
149	6.70344578E-1
834	6.7142881E-1
51	6.71646822E-1
535	6.72289108E-1
483	6.72469731E-1
848	6.72993298E-1
812	6.73463414E-1
424	6.74045867E-1
129	6.75413479E-1
158	6.77423102E-1
340	6.77890218E-1
218	6.7967962E-1
168	6.7968295E-1
549	6.80042567E-1
295	6.83605409E-1
360	6.83715821E-1
399	6.84889949E-1
94	6.85685343E-1
153	6.87851144E-1
175	6.87916106E-1
184	6.88633643E-1
412	6.88748727E-1
741	6.90315636E-1
414	6.91050119E-1
736	6.92542104E-1
131	6.93154311E-1
183	6.94140725E-1
171	6.95823715E-1
112	6.96461977E-1
83	7.02996319E-1
523	7.03811021E-1
605	7.06997495E-1
244	7.11987943E-1
889	7.12555144E-1
366	7.13755429E-1
241	7.14602463E-1
830	7.15117531E-1
814	7.16036384E-1
214	7.1707605E-1
517	7.17397525E-1
938	7.21200331E-1
194	7.22205865E-1
233	7.22472288E-1
653	7.22850392E-1
50	7.23917739E-1
99	7.24796901E-1
955	7.2500677E-1
500	7.2802639E-1
819	7.29452782E-1
333	7.29496143E-1
630	7.29720587E-1
493	7.30539444E-1
228	7.31550016E-1
4	7.31951287E-1
853	7.33319025E-1
448	7.35285134E-1
576	7.36589607E-1
39	7.3661633E-1
20	7.37953121E-1
9	7.38034479E-1
66	7.38600101E-1
768	7.38832651E-1
407	7.3966218E-1
577	7.40718269E-1
490	7.41698278E-1
984	7.44235983E-1
73	7.45428298E-1
513	7.48606691E-1
543	7.50339685E-1
593	7.52499045E-1
987	7.52678948E-1
264	7.53752796E-1
5	7.54662722E-1
903	7.57068474E-1
585	7.58147689E-1
618	7.58158172E-1
986	7.61944741E-1
240	7.62415013E-1
658	7.63050728E-1
821	7.68130858E-1
588	7.69753363E-1
277	7.72322412E-1
186	7.72898289E-1
226	7.74442638E-1
711	7.75526649E-1
502	7.76054475E-1
551	7.76096113E-1
482	7.76513599E-1
202	7.76747141E-1
587	7.79643941E-1
458	7.79743254E-1
400	7.81159848E-1
790	7.82465834E-1
437	7.84606258E-1
971	7.8471405E-1
206	7.85287956E-1
32	7.8540644E-1
632	7.85843404E-1
395	7.91073665E-1
216	7.94035047E-1
115	7.94105137E-1
195	7.95372843E-1
282	7.9576405E-1
798	7.96124757E-1
838	7.96387397E-1
142	7.97533643E-1
540	7.98191314E-1
336	7.98252129E-1
556	7.98507336E-1
71	8.0066632E-1
421	8.02322308E-1
126	8.02683864E-1
209	8.0287779E-1
61	8.03286781E-1
392	8.03413618E-1
303	8.03711197E-1
348	8.04287092E-1
47	8.0513164E-1
95	8.05466869E-1
729	8.05835984E-1
148	8.06206815E-1
11	8.08164625E-1
256	8.10438761E-1
266	8.11430069E-1
338	8.13373672E-1
311	8.14342272E-1
719	8.14344953E-1
907	8.14653065E-1
753	8.18891605E-1
189	8.19413193E-1
237	8.20038976E-1
526	8.20198278E-1
598	8.2294903E-1
509	8.23006046E-1
367	8.23278418E-1
870	8.23808982E-1
259	8.24574748E-1
707	8.24697607E-1
852	8.25675145E-1
253	8.26510293E-1
496	8.26828325E-1
563	8.27106236E-1
398	8.28280061E-1
875	8.28480407E-1
442	8.29263464E-1
118	8.30026358E-1
645	8.30422517E-1
692	8.30938598E-1
994	8.3122413E-1
269	8.31376513E-1
642	8.31608358E-1
268	8.32576858E-1
469	8.32890735E-1
403	8.35519045E-1
505	8.36423378E-1
985	8.36562603E-1
45	8.37913039E-1
757	8.39455552E-1
570	8.41519344E-1
80	8.42407754E-1
37	8.42955401E-1
44	8.43307104E-1
181	8.43451805E-1
364	8.44246648E-1
428	8.4457483E-1
854	8.44576933E-1
447	8.44968257E-1
600	8.45296814E-1
52	8.47171197E-1
136	8.47713202E-1
869	8.48712871E-1
139	8.49045614E-1
0	8.49180155E-1
375	8.52568165E-1
19	8.556287E-1
409	8.56244748E-1
996	8.56290384E-1
940	8.59512222E-1
6	8.60839259E-1
23	8.6241867E-1
2	8.63704423E-1
108	8.64022106E-1
967	8.65292857E-1
210	8.65374402E-1
835	8.65571531E-1
315	8.68447899E-1
786	8.69950822E-1
109	8.70280736E-1
583	8.71124127E-1
918	8.72363839E-1
190	8.74614626E-1
208	8.75281538E-1
1013	8.75566149E-1
557	8.77081356E-1
730	8.7800895E-1
615	8.78129046E-1
973	8.78409279E-1
312	8.784616E-1
957	8.80544756E-1
335	8.80764095E-1
886	8.8265173E-1
255	8.84453029E-1
880	8.84769604E-1
862	8.85948593E-1
402	8.86312999E-1
665	8.87836762E-1
404	8.88160646E-1
701	8.88303758E-1
845	8.88916934E-1
69	8.9049341E-1
462	8.92473515E-1
121	8.92563151E-1
662	8.9389123E-1
666	8.93995205E-1
780	8.95933999E-1
270	8.9615758E-1
621	8.96494524E-1
408	8.96887719E-1
446	8.97987555E-1
895	8.98809991E-1
574	8.98937764E-1
133	8.99796252E-1
155	9.00720004E-1
822	9.02615141E-1
584	9.0290398E-1
383	9.03175653E-1
261	9.04578898E-1
281	9.05582908E-1
1014	9.06375328E-1
859	9.06570802E-1
639	9.07453022E-1
520	9.07954103E-1
384	9.09224245E-1
163	9.11261887E-1
717	9.11534582E-1
498	9.14363906E-1
84	9.14655629E-1
896	9.15058388E-1
290	9.16056367E-1
85	9.16405843E-1
438	9.16881406E-1
326	9.17068651E-1
328	9.17507539E-1
572	9.18826669E-1
927	9.18845321E-1
346	9.19168431E-1
631	9.21654146E-1
723	9.22506E-1
137	9.23231626E-1
425	9.23923199E-1
441	9.24075713E-1
90	9.27421776E-1
178	9.27584277E-1
215	9.29088134E-1
910	9.2986585E-1
466	9.30811526E-1
715	9.31519351E-1
843	9.32022929E-1
797	9.32390593E-1
997	9.33523367E-1
172	9.33665359E-1
1017	9.34285116E-1
623	9.34772927E-1
357	9.35459014E-1
70	9.37764565E-1
420	9.37779196E-1
419	9.38648193E-1
128	9.38953679E-1
485	9.39512215E-1
321	9.40695103E-1
560	9.42365039E-1
608	9.43318912E-1
772	9.43448037E-1
644	9.44475176E-1
826	9.44829499E-1
65	9.45712401E-1
105	9.46296097E-1
471	9.47922043E-1
486	9.48165259E-1
708	9.48323345E-1
353	9.48889559E-1
182	9.50693315E-1
754	9.51127579E-1
781	9.51640002E-1
657	9.52093731E-1
279	9.53206036E-1
265	9.53338512E-1
454	9.55167952E-1
381	9.55419572E-1
565	9.56575564E-1
16	9.57999924E-1
232	9.59405257E-1
712	9.59889671E-1
988	9.61178387E-1
1020	9.61251938E-1
166	9.62047928E-1
272	9.62250446E-1
199	9.62509591E-1
827	9.62790609E-1
571	9.64753712E-1
167	9.65918602E-1
874	9.68087716E-1
27	9.68517264E-1
359	9.69778008E-1
806	9.72271052E-1
248	9.72950601E-1
909	9.73023812E-1
536	9.7354712E-1
855	9.74409958E-1
942	9.74837964E-1
98	9.7562479E-1
737	9.75893656E-1
120	9.76674997E-1
857	9.77348816E-1
810	9.77771359E-1
972	9.79820198E-1
365	9.80276008E-1
801	9.81652299E-1
961	9.81926122E-1
511	9.83585238E-1
936	9.83715558E-1
898	9.83776498E-1
371	9.84749242E-1
417	9.84996165E-1
930	9.86891372E-1
332	9.87012418E-1
902	9.87712556E-1
15	9.90107695E-1
887	9.92417605E-1
1021	9.92771493E-1
941	9.94117814E-1
1018	9.94282709E-1
77	9.96964105E-1
654	9.98189149E-1
1022	9.98374347E-1
197	9.9892011E-1
1023	9.99674929E-1
1019	9.99742677E-1
