Name	chi2Pvalue
257	9.25599326E-5
823	2.4586765E-4
802	3.50452457E-4
778	9.51679899E-4
946	1.61457853E-3
705	2.26882613E-3
403	3.69656175E-3
740	5.09657958E-3
591	5.26903162E-3
317	6.68943175E-3
360	1.06108507E-2
103	1.09133893E-2
416	1.17640957E-2
104	1.26459144E-2
56	1.35726822E-2
48	1.39779833E-2
396	1.4258254E-2
706	1.49778194E-2
295	1.76680724E-2
431	1.77197044E-2
782	1.81755862E-2
13	1.81796085E-2
919	2.00715289E-2
449	2.08851843E-2
682	2.30715349E-2
637	2.33544172E-2
958	2.40145281E-2
373	2.71281735E-2
985	2.74081347E-2
746	2.77357115E-2
429	2.81572204E-2
331	2.84348265E-2
319	2.9990142E-2
377	3.14679021E-2
481	3.16449478E-2
484	3.27885165E-2
606	3.29754299E-2
667	3.30300021E-2
254	3.32516905E-2
625	3.33773702E-2
833	3.33813324E-2
363	3.49099098E-2
741	3.64447649E-2
157	3.76212434E-2
426	3.86052566E-2
212	3.92631281E-2
799	4.0907789E-2
572	4.09231878E-2
1006	4.14038055E-2
1017	4.16322327E-2
55	4.17478906E-2
451	4.19469025E-2
905	4.33781784E-2
777	4.35052583E-2
153	4.40330101E-2
651	4.58432561E-2
300	4.70023186E-2
294	4.78699797E-2
86	4.87286974E-2
54	5.21252087E-2
457	5.25658822E-2
219	5.32785289E-2
831	5.33166159E-2
1001	5.44656791E-2
640	5.47879458E-2
974	5.52106716E-2
467	5.61948278E-2
712	5.77306665E-2
117	5.77879606E-2
112	5.97770879E-2
434	6.02910689E-2
928	6.2069293E-2
71	6.29475034E-2
385	6.40413598E-2
917	6.43991613E-2
114	6.47094614E-2
75	6.57800604E-2
697	6.67524267E-2
35	6.71020123E-2
800	6.75022442E-2
882	6.90928072E-2
939	6.91243129E-2
479	7.03051779E-2
552	7.14215697E-2
497	7.23617837E-2
577	7.27854879E-2
749	7.28405521E-2
338	7.37029328E-2
41	7.58008525E-2
30	7.80130188E-2
765	7.82210883E-2
809	7.83127833E-2
399	7.85161869E-2
443	7.95520294E-2
92	7.97578969E-2
43	8.04405313E-2
838	8.08950498E-2
960	8.15662264E-2
367	8.18737715E-2
12	8.23215095E-2
616	8.28169135E-2
193	8.63913022E-2
339	8.74035956E-2
172	9.02174922E-2
628	9.02873661E-2
787	9.06988037E-2
489	9.44909091E-2
547	9.55244569E-2
246	9.57038355E-2
983	9.63243713E-2
878	9.65997351E-2
969	9.80399068E-2
160	9.85644309E-2
3	9.8700721E-2
316	1.02477291E-1
566	1.04840348E-1
622	1.05052066E-1
478	1.05670792E-1
650	1.05778089E-1
284	1.09257998E-1
837	1.10515688E-1
301	1.10563088E-1
686	1.10611147E-1
980	1.11232786E-1
829	1.11753994E-1
538	1.12434195E-1
221	1.12753257E-1
638	1.14523035E-1
471	1.14551158E-1
292	1.17587826E-1
875	1.17738801E-1
134	1.20100101E-1
343	1.20311486E-1
894	1.21116847E-1
352	1.22534366E-1
542	1.22972672E-1
929	1.27307131E-1
597	1.27602177E-1
222	1.27704162E-1
250	1.28806898E-1
610	1.28933024E-1
191	1.29459431E-1
142	1.29507938E-1
643	1.29605194E-1
979	1.30528164E-1
67	1.30654881E-1
267	1.30924253E-1
868	1.32574727E-1
322	1.33079433E-1
407	1.34672826E-1
500	1.35554886E-1
474	1.36622477E-1
734	1.37545091E-1
248	1.38186167E-1
895	1.40555867E-1
59	1.40774022E-1
477	1.43622776E-1
902	1.43643794E-1
121	1.44564857E-1
310	1.44652136E-1
473	1.46212477E-1
344	1.46576266E-1
335	1.48157086E-1
841	1.48362643E-1
968	1.48848803E-1
715	1.49630854E-1
79	1.50708382E-1
755	1.51509309E-1
249	1.51925409E-1
767	1.52894179E-1
526	1.53419098E-1
613	1.53627793E-1
830	1.55609667E-1
586	1.5630638E-1
230	1.56938914E-1
65	1.56946965E-1
514	1.57558092E-1
639	1.5801537E-1
820	1.58208383E-1
992	1.59240106E-1
402	1.59328262E-1
508	1.59935169E-1
444	1.61210614E-1
658	1.62785006E-1
512	1.63200444E-1
627	1.64098843E-1
32	1.67474353E-1
744	1.70014609E-1
583	1.70033111E-1
924	1.70805105E-1
853	1.71378897E-1
433	1.72681294E-1
793	1.73120419E-1
453	1.74441741E-1
4	1.75811807E-1
438	1.76067491E-1
78	1.80190825E-1
588	1.81110813E-1
761	1.81731621E-1
701	1.84676737E-1
255	1.85646531E-1
845	1.86301854E-1
106	1.86592075E-1
865	1.86959838E-1
226	1.87444809E-1
404	1.88000907E-1
692	1.88972025E-1
772	1.89712202E-1
459	1.90805643E-1
73	1.9250197E-1
510	1.93685228E-1
38	1.94548023E-1
576	1.94609599E-1
206	1.94673026E-1
452	1.95899916E-1
218	1.97457353E-1
503	1.99540159E-1
380	2.00867583E-1
499	2.04457903E-1
277	2.05149715E-1
506	2.05686895E-1
228	2.05795476E-1
10	2.06695275E-1
235	2.08037948E-1
912	2.08777979E-1
439	2.10203859E-1
247	2.11895003E-1
502	2.12063988E-1
861	2.16361264E-1
524	2.18943474E-1
427	2.19291759E-1
152	2.1957319E-1
570	2.21341728E-1
84	2.23567461E-1
533	2.25309595E-1
752	2.27206615E-1
964	2.28914074E-1
80	2.29990516E-1
0	2.31442787E-1
604	2.32659703E-1
450	2.33484806E-1
39	2.33771373E-1
644	2.34157866E-1
813	2.35808456E-1
688	2.36490669E-1
233	2.36533575E-1
1007	2.36896523E-1
72	2.38643687E-1
211	2.39598128E-1
679	2.4149727E-1
584	2.42441761E-1
198	2.434573E-1
1008	2.44621325E-1
327	2.45028069E-1
52	2.45587751E-1
733	2.46700866E-1
263	2.47792094E-1
714	2.48810445E-1
435	2.51493426E-1
378	2.52939233E-1
520	2.53279601E-1
313	2.53651707E-1
111	2.57158477E-1
984	2.58952856E-1
408	2.59217644E-1
996	2.59650826E-1
641	2.60376054E-1
163	2.60384328E-1
716	2.60899403E-1
923	2.60921564E-1
76	2.61572696E-1
521	2.62087856E-1
1021	2.62434023E-1
671	2.63844707E-1
325	2.64245903E-1
44	2.66252208E-1
464	2.66361276E-1
881	2.72061374E-1
647	2.72077158E-1
560	2.73388474E-1
268	2.75121193E-1
390	2.75450504E-1
603	2.76555882E-1
585	2.76699109E-1
687	2.77577534E-1
565	2.77775715E-1
239	2.78911351E-1
57	2.79033729E-1
468	2.82169307E-1
133	2.85511192E-1
668	2.86798787E-1
860	2.88770823E-1
405	2.89389866E-1
876	2.93470492E-1
848	2.94795265E-1
376	2.95364971E-1
864	2.9545306E-1
672	2.96569244E-1
309	2.97189057E-1
891	2.98192487E-1
558	2.99828965E-1
11	3.00519572E-1
982	3.03598007E-1
424	3.06757325E-1
646	3.07905873E-1
1009	3.08264366E-1
181	3.08713174E-1
676	3.10992521E-1
95	3.12780774E-1
832	3.12854459E-1
935	3.13036162E-1
186	3.15054052E-1
612	3.19478694E-1
341	3.19819168E-1
768	3.2013179E-1
519	3.21368925E-1
374	3.24030229E-1
562	3.26916971E-1
209	3.29576719E-1
2	3.32621531E-1
695	3.33000263E-1
624	3.33308396E-1
445	3.34425739E-1
952	3.34942961E-1
731	3.36298578E-1
932	3.37612153E-1
18	3.37703769E-1
840	3.38163823E-1
398	3.38373964E-1
581	3.40028647E-1
158	3.40628011E-1
147	3.42636E-1
726	3.44141091E-1
962	3.45432726E-1
926	3.46668934E-1
419	3.47670415E-1
334	3.48047902E-1
680	3.48680002E-1
849	3.49589955E-1
812	3.50122233E-1
541	3.52959052E-1
995	3.53596465E-1
645	3.54562953E-1
215	3.55291938E-1
175	3.57772993E-1
232	3.58520775E-1
224	3.58886262E-1
509	3.5917049E-1
781	3.59185027E-1
20	3.59477429E-1
210	3.60526554E-1
626	3.60686492E-1
89	3.61105259E-1
598	3.62769697E-1
82	3.6465473E-1
663	3.64874997E-1
866	3.66039885E-1
602	3.67505735E-1
656	3.67730834E-1
1005	3.68067146E-1
685	3.6831919E-1
867	3.69348903E-1
362	3.69913103E-1
382	3.71411564E-1
458	3.71773533E-1
789	3.7205481E-1
1004	3.73493573E-1
678	3.75010114E-1
436	3.75308746E-1
683	3.7623777E-1
955	3.78081627E-1
391	3.78567571E-1
28	3.79002962E-1
42	3.81771411E-1
96	3.82023886E-1
931	3.82703178E-1
50	3.83093024E-1
87	3.86303866E-1
297	3.86626423E-1
530	3.88048603E-1
607	3.90022067E-1
540	3.90176381E-1
289	3.91078462E-1
691	3.91693901E-1
220	3.92471393E-1
529	3.94079899E-1
420	3.9508241E-1
413	3.9751804E-1
401	4.01856137E-1
93	4.04213706E-1
62	4.05562118E-1
282	4.06940135E-1
879	4.08885736E-1
472	4.09394108E-1
74	4.09597443E-1
631	4.10044176E-1
354	4.10088938E-1
940	4.10296082E-1
794	4.1276611E-1
921	4.13329728E-1
994	4.1379654E-1
634	4.15213002E-1
758	4.16315181E-1
311	4.16368933E-1
165	4.17554176E-1
568	4.18556126E-1
621	4.18569039E-1
276	4.22107675E-1
665	4.22581779E-1
890	4.24067908E-1
234	4.24850776E-1
485	4.25110462E-1
543	4.26571762E-1
517	4.29260058E-1
677	4.29506041E-1
886	4.31573422E-1
559	4.31663492E-1
913	4.33022828E-1
178	4.33994341E-1
815	4.34610896E-1
609	4.35602154E-1
476	4.38101818E-1
887	4.38785198E-1
835	4.39273699E-1
184	4.44516357E-1
494	4.45000816E-1
652	4.46902807E-1
414	4.47278405E-1
653	4.49848626E-1
328	4.50723385E-1
545	4.53408441E-1
337	4.55004664E-1
615	4.55117622E-1
109	4.56017232E-1
648	4.56098862E-1
321	4.57124936E-1
356	4.58089859E-1
238	4.58155737E-1
393	4.58547737E-1
314	4.58866454E-1
659	4.5909689E-1
421	4.60324169E-1
91	4.60625466E-1
819	4.61373328E-1
260	4.61640081E-1
803	4.62146702E-1
241	4.63832176E-1
592	4.65010218E-1
567	4.65791018E-1
839	4.66223135E-1
180	4.68187496E-1
465	4.6892211E-1
279	4.69478579E-1
769	4.70403458E-1
844	4.7053111E-1
194	4.71986345E-1
900	4.721283E-1
869	4.7230172E-1
907	4.72307709E-1
797	4.72859008E-1
60	4.73248743E-1
537	4.73313673E-1
129	4.73907248E-1
999	4.75827847E-1
961	4.77327513E-1
256	4.78842891E-1
594	4.80578377E-1
785	4.88570395E-1
204	4.88607726E-1
127	4.88827696E-1
664	4.91339415E-1
161	4.91811072E-1
197	4.95588537E-1
730	4.96118692E-1
724	4.96463817E-1
978	4.96598027E-1
579	4.97949279E-1
303	4.9856932E-1
748	4.9952153E-1
513	5.00087847E-1
49	5.01372705E-1
336	5.02440515E-1
372	5.03910034E-1
417	5.0448081E-1
101	5.05305094E-1
329	5.05884293E-1
400	5.06008708E-1
614	5.0601328E-1
275	5.06097647E-1
889	5.06132718E-1
6	5.07458816E-1
487	5.07792088E-1
261	5.07888629E-1
130	5.08828511E-1
751	5.09038371E-1
412	5.09740711E-1
850	5.09800259E-1
808	5.09939929E-1
340	5.10459546E-1
110	5.11494177E-1
97	5.12112226E-1
795	5.13607345E-1
582	5.13931698E-1
168	5.14126127E-1
271	5.1482713E-1
355	5.14932994E-1
710	5.1673699E-1
811	5.17612678E-1
187	5.17948283E-1
446	5.18061468E-1
654	5.1813558E-1
349	5.19802608E-1
914	5.21592527E-1
739	5.22534612E-1
702	5.22700036E-1
539	5.22999542E-1
25	5.23251112E-1
791	5.24880869E-1
834	5.25490738E-1
243	5.26394893E-1
173	5.27215143E-1
593	5.27595597E-1
666	5.28840955E-1
358	5.29226149E-1
102	5.29503596E-1
934	5.30484681E-1
754	5.30886048E-1
107	5.31038398E-1
347	5.33624753E-1
922	5.35759765E-1
580	5.35893901E-1
125	5.36113518E-1
636	5.39413572E-1
723	5.40609144E-1
852	5.42212479E-1
455	5.423366E-1
202	5.43426359E-1
462	5.43520742E-1
94	5.44781311E-1
308	5.45362437E-1
796	5.4624155E-1
116	5.46822255E-1
601	5.47304954E-1
83	5.47313003E-1
1	5.47759615E-1
136	5.51020322E-1
151	5.51692795E-1
225	5.51882583E-1
950	5.52688368E-1
442	5.5304062E-1
192	5.53259375E-1
548	5.54213228E-1
959	5.56033994E-1
899	5.56248089E-1
176	5.56523701E-1
673	5.57305126E-1
388	5.57975372E-1
642	5.59010449E-1
14	5.59619725E-1
174	5.59679233E-1
827	5.60134552E-1
858	5.60633357E-1
389	5.61340732E-1
461	5.61347116E-1
143	5.61903842E-1
488	5.62018379E-1
1014	5.6364647E-1
259	5.63993885E-1
762	5.65172864E-1
699	5.65435224E-1
135	5.65659468E-1
863	5.66120487E-1
557	5.6946728E-1
480	5.70309933E-1
324	5.70448824E-1
90	5.73921165E-1
564	5.75061265E-1
199	5.7559647E-1
441	5.76629841E-1
9	5.76641318E-1
986	5.77007108E-1
278	5.78308673E-1
242	5.79070027E-1
780	5.79119758E-1
17	5.79917103E-1
37	5.80753433E-1
936	5.82868869E-1
589	5.85872127E-1
496	5.89076159E-1
81	5.90495045E-1
847	5.93354856E-1
909	5.94416537E-1
353	5.95568906E-1
123	5.96837134E-1
816	5.98414E-1
170	5.9931723E-1
773	5.99336096E-1
394	5.99513107E-1
364	5.99575291E-1
518	5.99871053E-1
729	6.00958866E-1
140	6.01006951E-1
415	6.01093228E-1
759	6.01731267E-1
527	6.02382283E-1
99	6.02529212E-1
736	6.03139997E-1
29	6.03445397E-1
760	6.0349548E-1
738	6.04385194E-1
711	6.04695172E-1
966	6.05560759E-1
574	6.07819413E-1
70	6.08929703E-1
525	6.09304237E-1
286	6.10101873E-1
486	6.10271237E-1
323	6.11122611E-1
522	6.11894301E-1
386	6.11932587E-1
883	6.12357834E-1
546	6.1346044E-1
47	6.14861541E-1
15	6.15379072E-1
735	6.15519284E-1
965	6.15811058E-1
619	6.15987908E-1
779	6.16720722E-1
550	6.17674923E-1
670	6.18471725E-1
463	6.19232587E-1
432	6.21991811E-1
806	6.22500164E-1
788	6.24959578E-1
122	6.25231811E-1
1010	6.27657351E-1
596	6.2777105E-1
951	6.28449757E-1
1000	6.30166683E-1
871	6.30382281E-1
501	6.31249764E-1
963	6.31405112E-1
828	6.31797078E-1
817	6.33468118E-1
22	6.33519359E-1
483	6.33678901E-1
910	6.35088996E-1
287	6.35094001E-1
423	6.35352974E-1
68	6.3551596E-1
967	6.35536099E-1
144	6.36567357E-1
507	6.37786998E-1
818	6.39367648E-1
786	6.39619357E-1
957	6.39732854E-1
801	6.42890117E-1
88	6.42955776E-1
108	6.45288119E-1
976	6.45551172E-1
587	6.45686211E-1
859	6.4757693E-1
709	6.48353864E-1
608	6.48884103E-1
100	6.50525118E-1
253	6.53061245E-1
105	6.53206469E-1
911	6.53276175E-1
981	6.53567407E-1
145	6.53709614E-1
1020	6.54025988E-1
998	6.55905177E-1
40	6.58913902E-1
903	6.60511474E-1
997	6.61883549E-1
770	6.62008576E-1
8	6.64283236E-1
53	6.65543474E-1
23	6.68667487E-1
575	6.69000924E-1
231	6.6922507E-1
633	6.6975011E-1
357	6.69788303E-1
718	6.69839142E-1
270	6.70419159E-1
554	6.70951584E-1
177	6.72852491E-1
124	6.74488535E-1
299	6.74704738E-1
872	6.76113831E-1
534	6.82086683E-1
943	6.82645833E-1
31	6.82708665E-1
555	6.83307743E-1
437	6.83434321E-1
466	6.84056519E-1
366	6.84980207E-1
1012	6.87349469E-1
21	6.90123434E-1
569	6.91635286E-1
632	6.92762762E-1
988	6.93131364E-1
495	6.94045177E-1
333	6.94476402E-1
690	6.95646505E-1
747	7.00378751E-1
306	7.00556109E-1
126	7.02429603E-1
36	7.03159901E-1
743	7.0365562E-1
302	7.04774082E-1
307	7.05520379E-1
113	7.06264152E-1
618	7.07261469E-1
447	7.07992796E-1
213	7.08704633E-1
245	7.09636662E-1
764	7.10993773E-1
280	7.11732728E-1
384	7.13673756E-1
954	7.14629452E-1
763	7.15521058E-1
203	7.15766901E-1
700	7.15905151E-1
630	7.15954085E-1
470	7.16589348E-1
320	7.1681033E-1
561	7.17345231E-1
196	7.18104545E-1
956	7.18132583E-1
745	7.18760719E-1
549	7.20054981E-1
825	7.20605063E-1
156	7.2128869E-1
132	7.21636008E-1
252	7.27471739E-1
491	7.27786793E-1
707	7.31787912E-1
318	7.31989566E-1
406	7.33070744E-1
244	7.33737699E-1
63	7.34448481E-1
216	7.34760161E-1
189	7.36499874E-1
725	7.37284134E-1
425	7.37446168E-1
69	7.37506993E-1
149	7.37528045E-1
368	7.3791597E-1
971	7.38244973E-1
273	7.3842932E-1
649	7.41496092E-1
128	7.46545692E-1
482	7.47236683E-1
766	7.47994737E-1
906	7.50143353E-1
190	7.51648814E-1
285	7.5189524E-1
970	7.52782501E-1
119	7.53841234E-1
836	7.54313383E-1
516	7.55974071E-1
990	7.55980148E-1
66	7.5761845E-1
1015	7.59056333E-1
201	7.59485717E-1
975	7.61366235E-1
854	7.61715814E-1
26	7.62255988E-1
298	7.63077638E-1
784	7.63416966E-1
1016	7.63807889E-1
293	7.65238963E-1
183	7.66328826E-1
814	7.6940836E-1
698	7.69813397E-1
5	7.70224204E-1
689	7.72887423E-1
361	7.73123384E-1
611	7.73248914E-1
223	7.74237461E-1
804	7.74451493E-1
492	7.77994629E-1
873	7.78298243E-1
326	7.7944172E-1
448	7.8164366E-1
188	7.81971784E-1
617	7.82020949E-1
379	7.82659511E-1
704	7.82785149E-1
916	7.8581104E-1
528	7.85960809E-1
669	7.86273953E-1
713	7.88896419E-1
792	7.8934709E-1
1003	7.89963934E-1
717	7.90070189E-1
150	7.90135074E-1
171	7.90358377E-1
933	7.90877249E-1
944	7.91342626E-1
383	7.92453012E-1
227	7.92645777E-1
139	7.92785264E-1
822	7.94882851E-1
251	7.95257094E-1
948	7.95381658E-1
635	7.95407755E-1
304	7.96818342E-1
776	7.97394999E-1
236	7.97693876E-1
750	7.98274828E-1
856	7.98600593E-1
351	8.02920345E-1
115	8.036953E-1
708	8.03868239E-1
332	8.0591943E-1
371	8.07899987E-1
655	8.08493062E-1
756	8.08498454E-1
162	8.08740031E-1
897	8.098867E-1
904	8.10337776E-1
469	8.104748E-1
498	8.12891988E-1
46	8.15299143E-1
523	8.15310873E-1
551	8.15356727E-1
657	8.16275791E-1
240	8.16365575E-1
312	8.17658876E-1
27	8.18594429E-1
623	8.19393355E-1
553	8.19543636E-1
166	8.19563455E-1
662	8.21997833E-1
504	8.23170319E-1
305	8.24835827E-1
605	8.28240698E-1
330	8.29552622E-1
544	8.29636733E-1
535	8.29704287E-1
719	8.30054016E-1
77	8.31778542E-1
411	8.32721223E-1
896	8.33184475E-1
229	8.3351421E-1
137	8.34052584E-1
214	8.35621114E-1
947	8.37696216E-1
258	8.38028646E-1
430	8.39631328E-1
898	8.43267106E-1
348	8.47605366E-1
164	8.47812231E-1
720	8.48175944E-1
264	8.48312304E-1
993	8.50309434E-1
281	8.50957084E-1
556	8.53046344E-1
727	8.53681679E-1
531	8.54178103E-1
753	8.54752487E-1
460	8.55303739E-1
409	8.56192103E-1
703	8.59191494E-1
217	8.5937957E-1
842	8.60105224E-1
24	8.61612454E-1
200	8.61793423E-1
490	8.62219771E-1
742	8.62712043E-1
58	8.62761953E-1
810	8.65234729E-1
846	8.67627148E-1
600	8.68139964E-1
855	8.70956801E-1
208	8.72347496E-1
696	8.72625693E-1
1022	8.77551513E-1
440	8.83119969E-1
266	8.83216941E-1
381	8.85237186E-1
599	8.85411087E-1
34	8.85546973E-1
375	8.85604793E-1
536	8.85935681E-1
675	8.86801954E-1
475	8.86945672E-1
973	8.86980716E-1
578	8.87608839E-1
428	8.88425845E-1
19	8.89100341E-1
159	8.89382991E-1
291	8.89699835E-1
395	8.90487084E-1
681	8.91283348E-1
296	8.91629708E-1
138	8.92436354E-1
807	8.92803157E-1
918	8.93314645E-1
732	8.93779387E-1
342	8.96387544E-1
422	8.97745853E-1
61	8.98085272E-1
888	8.98535279E-1
798	8.98925724E-1
1011	8.99255365E-1
370	9.00370568E-1
195	9.00563915E-1
862	9.02354068E-1
771	9.0266833E-1
167	9.03491239E-1
532	9.03962069E-1
826	9.04530487E-1
511	9.05006843E-1
493	9.07724657E-1
359	9.07743538E-1
989	9.08465034E-1
661	9.09311025E-1
884	9.0995463E-1
207	9.11510009E-1
120	9.1179668E-1
98	9.12193288E-1
972	9.13380108E-1
775	9.14289441E-1
33	9.15090953E-1
722	9.17152756E-1
977	9.17287222E-1
131	9.17501618E-1
790	9.17662041E-1
693	9.19266743E-1
757	9.19767738E-1
272	9.22071296E-1
925	9.23480736E-1
262	9.23579165E-1
1019	9.23675903E-1
885	9.27785509E-1
154	9.30035808E-1
1002	9.30193635E-1
563	9.30320759E-1
418	9.32645559E-1
505	9.33657989E-1
938	9.3387753E-1
179	9.33903253E-1
987	9.36131359E-1
345	9.38432432E-1
824	9.39942397E-1
660	9.40160477E-1
893	9.40707062E-1
51	9.40872637E-1
85	9.4144054E-1
991	9.4149104E-1
454	9.43466157E-1
205	9.46106924E-1
16	9.47086273E-1
45	9.47254203E-1
880	9.48202992E-1
953	9.50180629E-1
265	9.50258959E-1
949	9.51802294E-1
365	9.51853281E-1
892	9.54533739E-1
870	9.54721088E-1
182	9.547516E-1
927	9.55230031E-1
515	9.55289692E-1
346	9.56379376E-1
674	9.56478492E-1
629	9.56561849E-1
237	9.57120094E-1
571	9.57358285E-1
930	9.5772516E-1
315	9.58121246E-1
288	9.58776259E-1
64	9.59504582E-1
169	9.59647345E-1
915	9.61176943E-1
851	9.62083369E-1
397	9.62154742E-1
805	9.62543498E-1
857	9.62839369E-1
821	9.62898043E-1
694	9.63991505E-1
937	9.64360569E-1
573	9.65390523E-1
908	9.65405364E-1
148	9.66962662E-1
1023	9.67911954E-1
1013	9.70298105E-1
945	9.72150369E-1
721	9.72691474E-1
155	9.74812429E-1
410	9.75307458E-1
141	9.7749174E-1
874	9.77682599E-1
684	9.80903161E-1
274	9.81059579E-1
620	9.81295373E-1
269	9.81354597E-1
728	9.81535527E-1
942	9.82186131E-1
901	9.82708776E-1
146	9.83559641E-1
392	9.85970236E-1
774	9.8703602E-1
118	9.8706488E-1
595	9.8727974E-1
1018	9.89296528E-1
737	9.91117806E-1
185	9.93342158E-1
783	9.93922766E-1
387	9.95568709E-1
290	9.96078957E-1
456	9.96398352E-1
350	9.96410271E-1
877	9.96689617E-1
7	9.9860947E-1
843	9.99625032E-1
941	9.9988454E-1
