Name	chi2Pvalue
663	8.54211488E-4
404	1.02628037E-3
534	1.68662497E-3
538	2.89057995E-3
712	5.01068238E-3
563	5.40517264E-3
938	5.47514425E-3
7	5.79470199E-3
210	7.56012708E-3
875	7.60334219E-3
696	8.3342024E-3
641	8.53513385E-3
152	8.64333319E-3
304	1.32399437E-2
221	1.34366691E-2
135	1.39648983E-2
537	1.59150516E-2
443	1.71089042E-2
581	1.73754807E-2
802	1.8857254E-2
709	1.89519132E-2
615	1.95808166E-2
1014	2.0751465E-2
927	2.13606303E-2
49	2.17251471E-2
786	2.23196694E-2
368	2.25058796E-2
358	2.25823829E-2
160	2.26413489E-2
22	2.32982399E-2
634	2.66386036E-2
610	2.91745991E-2
90	2.93073362E-2
105	3.04800238E-2
5	3.05778419E-2
30	3.12829467E-2
727	3.24143326E-2
131	3.40883181E-2
525	3.42253902E-2
713	3.52340651E-2
710	3.57942887E-2
220	3.5849663E-2
730	3.59169308E-2
361	3.61645808E-2
896	3.72910214E-2
660	3.80243802E-2
431	3.88090692E-2
236	3.93061096E-2
978	4.0432933E-2
982	4.04396637E-2
992	4.07166256E-2
89	4.09838363E-2
904	4.20610508E-2
477	4.2569895E-2
138	4.29303716E-2
119	4.45841212E-2
219	4.47364338E-2
441	4.70174898E-2
527	4.74793003E-2
455	4.89768436E-2
547	4.92382349E-2
100	4.9986424E-2
38	5.45631E-2
981	5.48159064E-2
345	5.542756E-2
256	5.57427074E-2
760	5.61500823E-2
340	5.64391768E-2
959	5.67639769E-2
101	6.09388338E-2
941	6.27304336E-2
17	6.30633399E-2
474	6.39776751E-2
637	6.45517241E-2
423	6.66666667E-2
33	6.72710056E-2
665	6.95441418E-2
778	7.07765714E-2
484	7.14612793E-2
566	7.26186708E-2
186	7.30186622E-2
616	7.52616873E-2
603	7.78678132E-2
324	7.90780144E-2
873	8.00529747E-2
810	8.03723417E-2
921	8.31925252E-2
173	8.3864957E-2
817	8.51611005E-2
903	8.58372063E-2
306	8.96599452E-2
342	9.09282811E-2
107	9.2110192E-2
960	9.34818468E-2
46	9.44891072E-2
479	9.49526938E-2
593	9.65242496E-2
323	9.71604105E-2
879	9.73464886E-2
622	9.78816697E-2
744	9.83339997E-2
893	9.85093152E-2
98	9.88381248E-2
963	9.89828692E-2
869	9.92905431E-2
716	9.93034562E-2
561	1.01982687E-1
1013	1.02034436E-1
35	1.0416726E-1
457	1.048248E-1
23	1.06699318E-1
565	1.07851106E-1
312	1.08455105E-1
782	1.09133343E-1
693	1.10627311E-1
976	1.1114924E-1
4	1.11451861E-1
795	1.11588412E-1
167	1.12211014E-1
964	1.12383892E-1
940	1.14487089E-1
469	1.14738E-1
806	1.14741216E-1
718	1.16520309E-1
860	1.19416738E-1
406	1.21078751E-1
50	1.22259657E-1
171	1.22460559E-1
142	1.22521093E-1
544	1.23610858E-1
190	1.24311659E-1
628	1.24701506E-1
248	1.25613363E-1
695	1.25875382E-1
482	1.25977743E-1
582	1.26952664E-1
26	1.27225112E-1
886	1.28680453E-1
902	1.29534662E-1
599	1.3005326E-1
838	1.30392195E-1
377	1.31033046E-1
203	1.31964154E-1
139	1.32757975E-1
824	1.32838818E-1
892	1.32982648E-1
980	1.3315189E-1
81	1.33361542E-1
837	1.33614616E-1
780	1.34282679E-1
24	1.34684745E-1
832	1.35679664E-1
108	1.35713459E-1
948	1.36086977E-1
395	1.37789719E-1
662	1.3779452E-1
775	1.39216036E-1
970	1.40736509E-1
136	1.41599072E-1
825	1.41660574E-1
209	1.42268622E-1
683	1.42760948E-1
284	1.44281664E-1
183	1.44581093E-1
859	1.4523946E-1
1017	1.45384411E-1
671	1.45770826E-1
573	1.46432999E-1
378	1.47250658E-1
112	1.47550575E-1
92	1.4956466E-1
237	1.49717327E-1
380	1.49799298E-1
605	1.50416075E-1
483	1.54520193E-1
154	1.57358327E-1
930	1.57493977E-1
325	1.59089724E-1
387	1.59285366E-1
604	1.59295586E-1
434	1.62139064E-1
157	1.6297117E-1
575	1.63115106E-1
69	1.63474277E-1
515	1.66150096E-1
205	1.66199567E-1
1008	1.66415514E-1
366	1.66620739E-1
472	1.67390555E-1
777	1.69040729E-1
3	1.69237171E-1
355	1.69472704E-1
168	1.71315476E-1
995	1.74752898E-1
548	1.76060922E-1
508	1.76809341E-1
439	1.78321939E-1
56	1.78368307E-1
300	1.78472997E-1
715	1.81919285E-1
626	1.82557739E-1
642	1.85065656E-1
319	1.85259755E-1
224	1.86543637E-1
141	1.87383048E-1
419	1.87753676E-1
1	1.89264362E-1
270	1.89829296E-1
137	1.90006567E-1
77	1.90047064E-1
746	1.90187541E-1
613	1.90459748E-1
488	1.90876146E-1
341	1.9092828E-1
655	1.91883156E-1
632	1.96432962E-1
74	1.96541762E-1
350	1.9880402E-1
739	1.9985799E-1
654	2.00239139E-1
705	2.00866458E-1
679	2.00983689E-1
403	2.0375497E-1
901	2.07023029E-1
48	2.0924104E-1
735	2.12739724E-1
321	2.13376184E-1
467	2.1549445E-1
151	2.16505447E-1
215	2.18170301E-1
726	2.20023085E-1
462	2.20532888E-1
281	2.23173241E-1
265	2.26913466E-1
986	2.28785085E-1
638	2.29928056E-1
106	2.30903606E-1
509	2.31826402E-1
118	2.31972089E-1
60	2.33166083E-1
844	2.34532441E-1
308	2.35527211E-1
791	2.36088237E-1
733	2.36371823E-1
227	2.38453179E-1
182	2.3894627E-1
374	2.41125344E-1
1007	2.44531372E-1
998	2.46684019E-1
919	2.46695506E-1
496	2.48264689E-1
856	2.49878169E-1
25	2.50116957E-1
91	2.51436674E-1
788	2.51439392E-1
42	2.51550951E-1
568	2.54184829E-1
348	2.54506611E-1
307	2.54550731E-1
652	2.54844033E-1
13	2.56889875E-1
556	2.57848363E-1
867	2.58836861E-1
783	2.60942294E-1
911	2.61116663E-1
649	2.62427272E-1
756	2.62917027E-1
144	2.64577754E-1
66	2.6531554E-1
179	2.65912696E-1
376	2.66453624E-1
714	2.6703341E-1
110	2.67151287E-1
187	2.69176078E-1
635	2.69678869E-1
935	2.72881979E-1
557	2.74745776E-1
776	2.7544075E-1
444	2.76184176E-1
475	2.78227175E-1
522	2.78454193E-1
576	2.79556732E-1
63	2.8171144E-1
485	2.82241329E-1
720	2.83357924E-1
633	2.83366366E-1
339	2.83581885E-1
422	2.83666247E-1
689	2.8423995E-1
386	2.85329256E-1
71	2.85728118E-1
253	2.8778286E-1
80	2.88741469E-1
676	2.89049907E-1
595	2.90827573E-1
278	2.9271921E-1
402	2.93340025E-1
706	2.93622532E-1
373	2.95900022E-1
51	2.9774993E-1
953	2.98479539E-1
45	2.98984992E-1
336	2.99028534E-1
385	2.99371922E-1
961	2.99383818E-1
975	2.99814606E-1
396	2.99997383E-1
678	3.01487118E-1
405	3.02476319E-1
742	3.02864148E-1
588	3.03472652E-1
420	3.04745503E-1
828	3.05858793E-1
698	3.064405E-1
772	3.08501055E-1
435	3.09379232E-1
719	3.10564596E-1
226	3.11309659E-1
94	3.14609927E-1
161	3.15178894E-1
506	3.15374079E-1
554	3.17225828E-1
592	3.17393705E-1
884	3.20288168E-1
371	3.20649729E-1
540	3.21577866E-1
552	3.23686703E-1
939	3.24069135E-1
294	3.25512211E-1
539	3.26187312E-1
514	3.27351021E-1
96	3.28018061E-1
510	3.2882047E-1
546	3.2918866E-1
188	3.33098802E-1
85	3.36082853E-1
968	3.36473627E-1
228	3.38349287E-1
523	3.38417749E-1
240	3.39355001E-1
932	3.39627755E-1
827	3.40383047E-1
255	3.4109132E-1
61	3.42228664E-1
235	3.42266803E-1
365	3.42367836E-1
823	3.45161997E-1
328	3.45997662E-1
375	3.46092213E-1
356	3.48295728E-1
507	3.48579088E-1
266	3.49717696E-1
344	3.50031664E-1
247	3.50866322E-1
317	3.50903585E-1
849	3.53460242E-1
291	3.54897656E-1
672	3.55989584E-1
21	3.5693754E-1
749	3.60009912E-1
887	3.60178517E-1
766	3.62027898E-1
480	3.62319706E-1
994	3.62505143E-1
399	3.65413503E-1
181	3.65529128E-1
842	3.67373196E-1
847	3.6744514E-1
1018	3.67690045E-1
32	3.68679596E-1
1002	3.69097444E-1
464	3.6951293E-1
231	3.70679237E-1
126	3.74627311E-1
648	3.76130156E-1
564	3.76947867E-1
834	3.77673946E-1
1015	3.79863632E-1
793	3.81103906E-1
881	3.81736284E-1
43	3.82753151E-1
36	3.88544471E-1
759	3.91553853E-1
121	3.92745157E-1
956	3.92963068E-1
681	3.93317704E-1
798	3.94807375E-1
212	3.9489736E-1
516	3.95474153E-1
192	3.97745539E-1
732	3.97758178E-1
619	4.0010429E-1
259	4.02895553E-1
762	4.03227503E-1
601	4.04469194E-1
943	4.05295615E-1
513	4.06025951E-1
673	4.07281323E-1
894	4.08099102E-1
364	4.09393554E-1
570	4.11244688E-1
125	4.11671226E-1
908	4.1420662E-1
246	4.17000805E-1
178	4.17033185E-1
72	4.17065683E-1
942	4.17565457E-1
67	4.17914246E-1
309	4.1848262E-1
811	4.20864141E-1
572	4.21213837E-1
989	4.21465753E-1
924	4.23375018E-1
757	4.25297061E-1
349	4.25762745E-1
740	4.26863691E-1
688	4.26948235E-1
389	4.27042952E-1
558	4.27871578E-1
37	4.29551262E-1
822	4.31495621E-1
41	4.3173733E-1
909	4.33758221E-1
702	4.3514942E-1
2	4.38334112E-1
204	4.39252483E-1
580	4.4015948E-1
263	4.41230507E-1
120	4.42787316E-1
651	4.42862518E-1
608	4.44462332E-1
907	4.47348092E-1
76	4.47964516E-1
801	4.48211914E-1
773	4.48306777E-1
456	4.48907197E-1
899	4.49145413E-1
602	4.49482468E-1
524	4.50170497E-1
549	4.54212094E-1
75	4.54941049E-1
631	4.55518419E-1
954	4.57562492E-1
877	4.59495508E-1
1016	4.59897792E-1
293	4.60325077E-1
607	4.61360713E-1
243	4.63861901E-1
541	4.65591574E-1
928	4.66892936E-1
821	4.67054129E-1
445	4.67132285E-1
583	4.69413564E-1
653	4.70269236E-1
611	4.70514318E-1
18	4.71853129E-1
400	4.73929806E-1
117	4.73964858E-1
796	4.74214997E-1
722	4.74643107E-1
923	4.74795038E-1
238	4.75538879E-1
682	4.78025523E-1
789	4.7895759E-1
846	4.78987197E-1
807	4.79939909E-1
845	4.80539275E-1
692	4.81276554E-1
418	4.8165241E-1
446	4.82118568E-1
211	4.82168046E-1
774	4.83067706E-1
196	4.83269344E-1
996	4.83993038E-1
851	4.85748504E-1
413	4.86275332E-1
447	4.88573556E-1
917	4.88612726E-1
794	4.90177941E-1
609	4.90524504E-1
643	4.91387154E-1
799	4.92291552E-1
305	4.93202438E-1
257	4.93978993E-1
925	4.9469455E-1
748	4.95546284E-1
820	4.96536589E-1
197	4.97576391E-1
659	4.97937212E-1
750	5.00003822E-1
20	5.0035878E-1
656	5.02381868E-1
149	5.02829829E-1
731	5.05312995E-1
765	5.05438512E-1
230	5.0545931E-1
451	5.05855026E-1
502	5.07753423E-1
754	5.08296262E-1
728	5.08363086E-1
562	5.14312414E-1
47	5.14527629E-1
372	5.15377045E-1
407	5.15882718E-1
29	5.19054038E-1
620	5.21095536E-1
411	5.21903925E-1
814	5.22279009E-1
147	5.23148773E-1
913	5.23150631E-1
555	5.23733969E-1
657	5.24069139E-1
145	5.24933286E-1
164	5.25189435E-1
28	5.25591316E-1
905	5.25700796E-1
958	5.28317473E-1
931	5.28535685E-1
158	5.30078417E-1
128	5.30734501E-1
330	5.30806722E-1
426	5.31781422E-1
470	5.32369154E-1
9	5.33732986E-1
314	5.37722754E-1
761	5.40555752E-1
62	5.41502968E-1
393	5.42258044E-1
99	5.42508445E-1
489	5.4255194E-1
861	5.42561157E-1
277	5.46034002E-1
897	5.46151532E-1
481	5.46864742E-1
997	5.48125679E-1
915	5.49217774E-1
347	5.4942219E-1
763	5.49694409E-1
166	5.50224972E-1
222	5.52301804E-1
113	5.53349283E-1
0	5.53855481E-1
864	5.55938052E-1
617	5.56662828E-1
55	5.57339261E-1
623	5.57588601E-1
988	5.58144594E-1
863	5.58295084E-1
97	5.58375621E-1
519	5.58829553E-1
486	5.60031567E-1
242	5.6015285E-1
852	5.61056194E-1
327	5.63154089E-1
687	5.63319653E-1
199	5.64864809E-1
973	5.65475957E-1
313	5.66049117E-1
781	5.67242645E-1
343	5.68414269E-1
1023	5.68466407E-1
218	5.68496059E-1
862	5.70543505E-1
545	5.71108642E-1
216	5.72210937E-1
536	5.73957403E-1
1001	5.7482759E-1
979	5.74856869E-1
370	5.74873441E-1
520	5.75664392E-1
491	5.76929532E-1
127	5.78726244E-1
840	5.79337497E-1
578	5.79752974E-1
52	5.79870663E-1
429	5.80016474E-1
636	5.80449247E-1
499	5.82237369E-1
661	5.82883372E-1
232	5.83281608E-1
857	5.84113848E-1
353	5.87761878E-1
741	5.88227501E-1
286	5.8852361E-1
531	5.89270532E-1
871	5.90745128E-1
363	5.91097303E-1
1004	5.91906906E-1
854	5.91929274E-1
6	5.9259075E-1
497	5.93464652E-1
239	5.94200578E-1
747	5.94395296E-1
438	5.95185674E-1
664	5.97329582E-1
104	5.99448466E-1
206	6.01492921E-1
357	6.01800232E-1
667	6.02563825E-1
111	6.03847677E-1
322	6.0413511E-1
658	6.04238842E-1
299	6.04990712E-1
640	6.05070268E-1
437	6.05190659E-1
647	6.06099564E-1
27	6.06257422E-1
585	6.07516385E-1
914	6.08047542E-1
122	6.10280482E-1
424	6.11375238E-1
833	6.1185475E-1
792	6.12677421E-1
699	6.1380044E-1
841	6.14152027E-1
1005	6.15642159E-1
587	6.1591687E-1
517	6.18076985E-1
384	6.18105058E-1
843	6.18229161E-1
282	6.19170303E-1
639	6.20593529E-1
668	6.20814832E-1
354	6.2095829E-1
574	6.22516935E-1
674	6.22526407E-1
542	6.22529096E-1
836	6.2264214E-1
691	6.23416078E-1
241	6.25894345E-1
362	6.27179078E-1
947	6.27447954E-1
14	6.27791346E-1
906	6.28092683E-1
116	6.28262885E-1
93	6.29093292E-1
618	6.29358725E-1
858	6.30090112E-1
883	6.3246776E-1
803	6.35163005E-1
129	6.35773237E-1
670	6.37874145E-1
694	6.38594326E-1
945	6.38937706E-1
170	6.39168236E-1
288	6.39391471E-1
448	6.39446263E-1
301	6.39468336E-1
952	6.39679947E-1
134	6.40589745E-1
985	6.42826019E-1
768	6.43280618E-1
331	6.44238483E-1
880	6.45028322E-1
900	6.4546949E-1
910	6.4595596E-1
487	6.4627523E-1
103	6.46755589E-1
346	6.49057713E-1
966	6.51004469E-1
916	6.51146221E-1
1022	6.51342043E-1
971	6.51390693E-1
1021	6.51821797E-1
972	6.52390801E-1
133	6.53294968E-1
223	6.53378106E-1
829	6.54941234E-1
273	6.55753504E-1
865	6.56210467E-1
326	6.56342009E-1
297	6.57549417E-1
969	6.58140447E-1
262	6.60694688E-1
991	6.62605131E-1
194	6.63442023E-1
172	6.65399895E-1
449	6.66385519E-1
805	6.66987543E-1
433	6.68549554E-1
498	6.69033561E-1
751	6.69059777E-1
78	6.69179804E-1
436	6.71232648E-1
512	6.72201066E-1
287	6.73397403E-1
621	6.74145556E-1
202	6.7432848E-1
279	6.75135741E-1
758	6.75368126E-1
753	6.76372978E-1
624	6.76769317E-1
217	6.77099996E-1
1011	6.77581501E-1
261	6.78298043E-1
11	6.78786348E-1
79	6.80502555E-1
697	6.81076392E-1
812	6.81672929E-1
471	6.81964017E-1
295	6.82023146E-1
272	6.826061E-1
784	6.84066546E-1
320	6.861414E-1
250	6.86697122E-1
88	6.86781354E-1
264	6.87748724E-1
296	6.88807089E-1
528	6.89574625E-1
804	6.90299175E-1
826	6.91555661E-1
40	6.92006342E-1
16	6.92229575E-1
276	6.93805882E-1
745	6.93895623E-1
208	6.94120975E-1
629	6.94136326E-1
666	6.97646012E-1
260	7.00634287E-1
109	7.02033782E-1
579	7.02787875E-1
316	7.0900807E-1
767	7.09018977E-1
352	7.10443673E-1
251	7.12786515E-1
808	7.1462995E-1
379	7.15608505E-1
598	7.16427071E-1
65	7.17079699E-1
933	7.18531476E-1
258	7.19396377E-1
1012	7.20450546E-1
686	7.20936725E-1
625	7.21031778E-1
146	7.23483221E-1
351	7.24125181E-1
630	7.2464553E-1
597	7.26690285E-1
494	7.2829182E-1
401	7.30955514E-1
495	7.31559555E-1
338	7.31913938E-1
511	7.32219268E-1
428	7.33357506E-1
553	7.3473855E-1
684	7.35684578E-1
800	7.36121605E-1
503	7.37159376E-1
461	7.39291108E-1
1003	7.40255255E-1
876	7.41192348E-1
201	7.4178046E-1
929	7.42276781E-1
150	7.43848664E-1
983	7.45434771E-1
1006	7.46158799E-1
360	7.5164332E-1
252	7.52120319E-1
717	7.52301266E-1
398	7.53302721E-1
993	7.55444199E-1
148	7.55760234E-1
505	7.56754079E-1
189	7.56784077E-1
868	7.58396818E-1
70	7.5860838E-1
311	7.58786496E-1
627	7.59049831E-1
957	7.59301834E-1
114	7.59752466E-1
450	7.61636679E-1
115	7.61639402E-1
708	7.61769767E-1
533	7.62847719E-1
614	7.63551402E-1
392	7.64640624E-1
244	7.65077203E-1
410	7.6978097E-1
704	7.69961078E-1
680	7.7090072E-1
453	7.71588635E-1
463	7.71879977E-1
468	7.73102694E-1
275	7.75940546E-1
946	7.78440162E-1
770	7.78487256E-1
685	7.79521413E-1
831	7.80716829E-1
532	7.81161467E-1
1020	7.81373945E-1
388	7.8223763E-1
267	7.8238985E-1
332	7.82990863E-1
737	7.84326217E-1
950	7.85735687E-1
31	7.85978867E-1
298	7.86902123E-1
334	7.89485603E-1
124	7.89629657E-1
454	7.90519444E-1
64	7.93512126E-1
755	7.93706415E-1
274	7.93732146E-1
922	7.94263574E-1
174	7.94803718E-1
813	7.97216285E-1
458	7.97891896E-1
504	7.99789726E-1
271	8.00451904E-1
888	8.01232646E-1
175	8.01644309E-1
414	8.02346753E-1
269	8.02458078E-1
225	8.04297875E-1
412	8.04773483E-1
394	8.06710223E-1
177	8.07170846E-1
589	8.07269747E-1
594	8.07308514E-1
421	8.09787568E-1
559	8.11946318E-1
530	8.13322891E-1
292	8.13514363E-1
290	8.14992852E-1
646	8.15016497E-1
990	8.1624259E-1
87	8.16877234E-1
816	8.17672643E-1
974	8.18189316E-1
839	8.18561613E-1
870	8.20794047E-1
408	8.21438292E-1
882	8.22468288E-1
645	8.22992703E-1
390	8.23038232E-1
934	8.24543957E-1
465	8.24597961E-1
95	8.28725715E-1
944	8.29451829E-1
721	8.29901074E-1
397	8.31236904E-1
391	8.31386314E-1
771	8.3252395E-1
249	8.32620151E-1
12	8.32639709E-1
195	8.32764151E-1
234	8.3305147E-1
738	8.33266918E-1
44	8.33521325E-1
819	8.35592403E-1
551	8.35640714E-1
830	8.37674812E-1
229	8.37810428E-1
427	8.37976304E-1
83	8.38352657E-1
176	8.38690958E-1
736	8.39653385E-1
184	8.40324128E-1
68	8.41958383E-1
885	8.43470335E-1
711	8.43772156E-1
703	8.44608406E-1
529	8.45246309E-1
965	8.45992551E-1
606	8.46174446E-1
526	8.4684584E-1
155	8.51194041E-1
999	8.5191435E-1
584	8.54492862E-1
644	8.57290589E-1
254	8.57616742E-1
193	8.58841924E-1
432	8.59362085E-1
493	8.60062036E-1
132	8.61084518E-1
937	8.61121817E-1
442	8.61705894E-1
675	8.62113082E-1
596	8.63982802E-1
102	8.65476879E-1
73	8.65844037E-1
724	8.66524676E-1
153	8.66721345E-1
835	8.68475841E-1
809	8.68845022E-1
895	8.69425959E-1
500	8.7078395E-1
700	8.72792833E-1
1019	8.73050201E-1
285	8.73492848E-1
1009	8.74355502E-1
165	8.75915852E-1
163	8.76261578E-1
535	8.77373124E-1
815	8.80322497E-1
577	8.8131981E-1
977	8.81868402E-1
8	8.82552345E-1
872	8.84060181E-1
460	8.85512493E-1
729	8.87599881E-1
169	8.89346553E-1
866	8.89471151E-1
381	8.89844602E-1
650	8.91614578E-1
59	8.9174672E-1
926	8.92576559E-1
790	8.94001439E-1
501	8.94643671E-1
233	8.96377709E-1
245	8.98507247E-1
949	8.99114157E-1
191	9.02642497E-1
848	9.02972419E-1
560	9.03225174E-1
889	9.056579E-1
10	9.06140371E-1
162	9.07113434E-1
19	9.09076355E-1
707	9.09532582E-1
490	9.10065931E-1
600	9.10434665E-1
367	9.10669149E-1
586	9.11255764E-1
140	9.11403324E-1
289	9.13443521E-1
54	9.1417046E-1
409	9.14948245E-1
15	9.15374456E-1
890	9.16092371E-1
57	9.16449433E-1
521	9.1680587E-1
213	9.17139618E-1
180	9.18538007E-1
200	9.18915439E-1
268	9.19115458E-1
86	9.22647966E-1
34	9.26974138E-1
280	9.27233026E-1
58	9.29041298E-1
518	9.2963435E-1
417	9.29970818E-1
764	9.30712888E-1
690	9.31144529E-1
571	9.32763088E-1
787	9.35154022E-1
425	9.36870306E-1
318	9.39169276E-1
898	9.42699535E-1
335	9.43906988E-1
39	9.44105423E-1
1000	9.44248357E-1
82	9.44385215E-1
214	9.45254773E-1
723	9.45416375E-1
669	9.45527987E-1
303	9.46102837E-1
743	9.46370093E-1
850	9.46996694E-1
198	9.47479667E-1
310	9.48133124E-1
878	9.48661884E-1
785	9.48939227E-1
984	9.50755757E-1
734	9.52491815E-1
962	9.53181159E-1
459	9.53350178E-1
701	9.53826802E-1
797	9.54711373E-1
430	9.56949862E-1
818	9.5818738E-1
569	9.5883395E-1
478	9.60025972E-1
337	9.60747007E-1
415	9.60996705E-1
591	9.61346784E-1
382	9.61429793E-1
677	9.62740511E-1
853	9.63479083E-1
383	9.66403637E-1
84	9.66505536E-1
476	9.66994303E-1
752	9.67105589E-1
874	9.67340804E-1
779	9.68460986E-1
329	9.68941513E-1
159	9.70010341E-1
912	9.72232458E-1
612	9.73092141E-1
416	9.73646953E-1
359	9.76157651E-1
440	9.77578233E-1
725	9.77854304E-1
891	9.78333416E-1
452	9.79786404E-1
333	9.80599678E-1
769	9.82314663E-1
143	9.83190892E-1
567	9.83326872E-1
936	9.83364218E-1
473	9.84493102E-1
918	9.86628575E-1
53	9.87972219E-1
855	9.8946285E-1
207	9.89588432E-1
123	9.90044255E-1
951	9.91004753E-1
543	9.91459281E-1
130	9.9174832E-1
987	9.93458616E-1
1010	9.95145882E-1
315	9.95158477E-1
492	9.96115792E-1
156	9.9663222E-1
466	9.97367315E-1
302	9.98469773E-1
955	9.98605645E-1
550	9.98738015E-1
185	9.98914554E-1
967	9.99931054E-1
