Name	chi2Pvalue
881	1.96316468E-5
760	1.41472869E-4
938	1.21891818E-3
227	4.27962078E-3
732	1.01312182E-2
587	1.26113769E-2
260	1.26763704E-2
222	1.39598501E-2
352	1.43172322E-2
596	1.75011626E-2
1013	1.81087369E-2
728	1.82055858E-2
742	2.17302996E-2
618	2.22520344E-2
569	2.39294409E-2
663	2.40366068E-2
105	2.43376297E-2
836	2.52734671E-2
835	2.70325175E-2
852	2.80951529E-2
926	2.83438809E-2
359	2.87375251E-2
729	2.88634039E-2
753	3.00548199E-2
839	3.02847887E-2
706	3.039235E-2
87	3.18131836E-2
662	3.33331968E-2
133	3.36416751E-2
489	3.50440414E-2
575	3.52722129E-2
747	3.65946799E-2
385	3.75802029E-2
699	3.77710739E-2
501	3.8225131E-2
655	4.34695544E-2
376	4.43910818E-2
719	4.51055391E-2
256	4.55419399E-2
101	4.6784672E-2
602	5.14317237E-2
624	5.15553664E-2
381	5.33702646E-2
790	5.38961066E-2
813	5.41455609E-2
34	5.4980973E-2
145	5.53119772E-2
206	5.57102109E-2
249	5.65431006E-2
457	5.70137917E-2
876	5.81836598E-2
307	5.84505341E-2
638	6.06668194E-2
707	6.09091855E-2
447	6.18182168E-2
84	6.307932E-2
121	6.33118927E-2
221	6.33808649E-2
326	6.42356724E-2
693	6.49661164E-2
424	6.7218951E-2
692	6.82042806E-2
238	7.01084658E-2
419	7.16598438E-2
885	7.20042834E-2
83	7.26892917E-2
126	7.27898069E-2
382	7.34972714E-2
216	7.49723924E-2
231	7.52558596E-2
858	7.60307958E-2
118	7.62580289E-2
396	7.8684579E-2
664	7.880783E-2
451	8.20421599E-2
288	8.32074755E-2
243	8.34514877E-2
814	8.36640456E-2
366	8.3783949E-2
420	8.49537722E-2
151	8.49700223E-2
550	8.59308025E-2
538	8.67130721E-2
220	8.74314192E-2
591	8.7566152E-2
996	8.80094897E-2
514	8.8298815E-2
554	9.02840425E-2
142	9.0536414E-2
298	9.14445576E-2
314	9.16792306E-2
311	9.20021502E-2
543	9.36779188E-2
521	9.367953E-2
22	9.37341131E-2
21	9.39092628E-2
890	9.59158986E-2
744	9.94750818E-2
749	1.01661935E-1
964	1.03080058E-1
40	1.03234376E-1
244	1.03819191E-1
754	1.04184214E-1
209	1.05275103E-1
324	1.05833866E-1
443	1.06492485E-1
731	1.08001706E-1
5	1.08170327E-1
188	1.09426447E-1
144	1.11457081E-1
784	1.11851789E-1
473	1.12153377E-1
218	1.12379627E-1
861	1.1338051E-1
135	1.13639368E-1
943	1.13835923E-1
600	1.14177013E-1
378	1.15493507E-1
708	1.1560369E-1
483	1.17258703E-1
12	1.19258226E-1
25	1.19284977E-1
551	1.20021905E-1
809	1.20798646E-1
545	1.20838341E-1
990	1.21776752E-1
453	1.21788795E-1
8	1.22336588E-1
400	1.23635628E-1
811	1.24235653E-1
353	1.26198988E-1
666	1.26506759E-1
114	1.26559205E-1
1021	1.29325235E-1
644	1.30887525E-1
833	1.31673733E-1
799	1.35509441E-1
74	1.38192366E-1
442	1.38199019E-1
98	1.38688677E-1
1022	1.39015387E-1
713	1.39535022E-1
103	1.40224135E-1
712	1.4315078E-1
33	1.43247165E-1
394	1.44705271E-1
466	1.45020781E-1
247	1.45505103E-1
642	1.45963556E-1
85	1.47467596E-1
259	1.49920695E-1
998	1.50741544E-1
355	1.5129437E-1
1007	1.57460541E-1
986	1.5852799E-1
952	1.59142313E-1
367	1.60426296E-1
947	1.62652405E-1
379	1.63021763E-1
507	1.63335255E-1
614	1.66508467E-1
349	1.67553672E-1
478	1.67617714E-1
849	1.68242791E-1
265	1.68256111E-1
91	1.68840619E-1
669	1.69648762E-1
612	1.70274211E-1
18	1.70598571E-1
448	1.70910687E-1
774	1.71383822E-1
408	1.72062197E-1
518	1.73354723E-1
24	1.73708311E-1
962	1.73994146E-1
574	1.74898046E-1
236	1.76068146E-1
863	1.76852665E-1
431	1.77091144E-1
779	1.77483964E-1
272	1.79683682E-1
571	1.8159905E-1
417	1.82051999E-1
229	1.85179756E-1
398	1.85599345E-1
392	1.86452891E-1
631	1.86637916E-1
975	1.87231553E-1
72	1.88695503E-1
299	1.91739727E-1
100	1.92775545E-1
150	1.92938378E-1
204	1.95374096E-1
939	1.95618523E-1
826	1.97308728E-1
886	1.98739731E-1
725	1.99044983E-1
768	1.99639265E-1
304	2.01842525E-1
49	2.02343049E-1
951	2.0326398E-1
171	2.0397262E-1
701	2.0558562E-1
239	2.06552964E-1
812	2.07086653E-1
405	2.07461819E-1
598	2.13179659E-1
90	2.14285782E-1
50	2.1555524E-1
253	2.17062199E-1
472	2.19571064E-1
312	2.23022388E-1
903	2.23376054E-1
92	2.23954756E-1
127	2.24022125E-1
181	2.25018964E-1
966	2.25433903E-1
954	2.25636571E-1
497	2.26475346E-1
672	2.26953832E-1
196	2.27736533E-1
305	2.28440815E-1
28	2.285491E-1
64	2.30140453E-1
763	2.31438126E-1
195	2.32904834E-1
270	2.34773402E-1
125	2.35112897E-1
184	2.35911336E-1
570	2.36162448E-1
44	2.36923035E-1
971	2.38473106E-1
536	2.39462839E-1
557	2.39472504E-1
58	2.39654408E-1
1019	2.40000673E-1
909	2.4040319E-1
31	2.40449766E-1
889	2.4200974E-1
765	2.43418515E-1
94	2.45064505E-1
516	2.45339274E-1
893	2.45895446E-1
282	2.46105189E-1
875	2.47536654E-1
520	2.47694597E-1
258	2.48428696E-1
1011	2.49970717E-1
937	2.50902783E-1
280	2.5196711E-1
233	2.52280796E-1
1020	2.52675631E-1
547	2.53397432E-1
793	2.54097185E-1
734	2.54783827E-1
104	2.56258189E-1
781	2.56789948E-1
751	2.56823536E-1
372	2.5750224E-1
200	2.58739422E-1
823	2.58906863E-1
831	2.59215854E-1
140	2.59568329E-1
291	2.61506249E-1
584	2.6164869E-1
371	2.61937569E-1
925	2.6373399E-1
855	2.64114081E-1
979	2.64169974E-1
176	2.64388682E-1
973	2.65983295E-1
888	2.66576827E-1
434	2.67805623E-1
603	2.68247242E-1
794	2.69622684E-1
1018	2.70441764E-1
477	2.72212616E-1
317	2.72986079E-1
696	2.75115814E-1
780	2.75257229E-1
339	2.75583843E-1
308	2.77463419E-1
186	2.79671872E-1
704	2.79711425E-1
289	2.83087211E-1
174	2.86695909E-1
564	2.87342512E-1
482	2.8749216E-1
368	2.87880348E-1
194	2.88123936E-1
476	2.90223107E-1
690	2.91110203E-1
30	2.91245812E-1
407	2.9138992E-1
685	2.92329276E-1
682	2.93025729E-1
503	2.93675554E-1
7	2.95404361E-1
583	2.96108618E-1
79	2.96166397E-1
358	2.9672857E-1
479	2.98857275E-1
148	2.99020717E-1
796	3.00158233E-1
610	3.00550103E-1
242	3.01071512E-1
27	3.02032495E-1
160	3.02746613E-1
342	3.05127876E-1
254	3.05569043E-1
46	3.05983899E-1
71	3.06652781E-1
444	3.06680842E-1
237	3.08969737E-1
733	3.09448432E-1
1017	3.10455183E-1
154	3.15443032E-1
963	3.15513992E-1
364	3.15847034E-1
923	3.16186218E-1
213	3.16482639E-1
14	3.18346822E-1
303	3.18718755E-1
387	3.18905968E-1
63	3.20203191E-1
495	3.20450004E-1
634	3.20536521E-1
492	3.2107081E-1
566	3.22178349E-1
632	3.24994082E-1
460	3.25950918E-1
1023	3.29006479E-1
267	3.29470998E-1
563	3.30135489E-1
656	3.31265043E-1
285	3.31839879E-1
573	3.32207452E-1
687	3.32404037E-1
789	3.32528098E-1
363	3.32651084E-1
530	3.33729246E-1
988	3.36238121E-1
716	3.36392267E-1
613	3.3654921E-1
949	3.36895036E-1
992	3.38309266E-1
517	3.38379332E-1
994	3.38930597E-1
930	3.39326754E-1
864	3.39806737E-1
674	3.39895447E-1
66	3.40883683E-1
68	3.42942377E-1
110	3.43819027E-1
20	3.44468284E-1
61	3.47472997E-1
965	3.4806747E-1
80	3.48926471E-1
633	3.51863484E-1
769	3.52479548E-1
865	3.55069269E-1
758	3.57488674E-1
736	3.60929686E-1
822	3.61507899E-1
931	3.62455684E-1
770	3.64246474E-1
1003	3.65581378E-1
916	3.69269647E-1
504	3.69629178E-1
629	3.69711152E-1
868	3.7064225E-1
874	3.71615582E-1
623	3.71958508E-1
705	3.72865211E-1
857	3.73952475E-1
109	3.73974209E-1
246	3.74113544E-1
131	3.7520199E-1
783	3.75887639E-1
328	3.76088416E-1
252	3.7635864E-1
786	3.79743551E-1
899	3.8106164E-1
785	3.8144316E-1
212	3.82056709E-1
657	3.82578813E-1
878	3.83163296E-1
475	3.83976995E-1
828	3.84842878E-1
502	3.84902362E-1
62	3.86171203E-1
667	3.87426692E-1
778	3.88409051E-1
322	3.88765686E-1
346	3.90662321E-1
458	3.91947948E-1
801	3.92449589E-1
913	3.93064151E-1
284	3.93359258E-1
337	3.94000328E-1
413	3.94219811E-1
287	3.95008745E-1
578	3.96782375E-1
912	3.97298616E-1
625	3.98780736E-1
688	3.99628687E-1
641	4.01218695E-1
93	4.01816734E-1
173	4.02726797E-1
137	4.03192265E-1
316	4.0389674E-1
860	4.04030629E-1
409	4.05514921E-1
51	4.06322347E-1
333	4.0718008E-1
111	4.11497727E-1
95	4.11874034E-1
928	4.14812293E-1
944	4.14883902E-1
757	4.14988669E-1
485	4.16526902E-1
898	4.17252479E-1
410	4.17779722E-1
268	4.1873922E-1
438	4.19500165E-1
620	4.19683057E-1
128	4.21297819E-1
993	4.21724743E-1
391	4.22257967E-1
418	4.25750256E-1
871	4.25873027E-1
41	4.26022865E-1
205	4.26525528E-1
981	4.27226034E-1
296	4.275167E-1
665	4.28527184E-1
436	4.29656349E-1
130	4.29854805E-1
56	4.30365394E-1
911	4.30662781E-1
55	4.31257791E-1
843	4.33134177E-1
654	4.33572372E-1
670	4.34231064E-1
180	4.35549572E-1
108	4.35947022E-1
452	4.3873497E-1
647	4.39496905E-1
621	4.41845984E-1
953	4.42055229E-1
815	4.42801544E-1
354	4.43693538E-1
775	4.44790775E-1
915	4.45535189E-1
715	4.47350999E-1
158	4.48578122E-1
887	4.49164042E-1
32	4.49284537E-1
972	4.49291864E-1
439	4.49964098E-1
658	4.50097295E-1
821	4.51203982E-1
488	4.52261161E-1
678	4.53109304E-1
597	4.56874364E-1
323	4.57861707E-1
686	4.58002113E-1
576	4.59680005E-1
300	4.61673687E-1
175	4.61962247E-1
640	4.62080572E-1
727	4.62552885E-1
77	4.62709702E-1
38	4.63833783E-1
897	4.66429795E-1
1002	4.66639668E-1
537	4.68423467E-1
804	4.68530204E-1
580	4.69086529E-1
1010	4.69180354E-1
766	4.69609761E-1
403	4.71642621E-1
286	4.72096984E-1
47	4.72152355E-1
345	4.7284476E-1
318	4.73656998E-1
224	4.76193855E-1
19	4.76280357E-1
803	4.76895288E-1
295	4.77219218E-1
82	4.7776863E-1
449	4.78167894E-1
157	4.78653489E-1
844	4.79216991E-1
917	4.80399335E-1
198	4.81822906E-1
10	4.8317081E-1
277	4.83578753E-1
69	4.84184271E-1
279	4.86286637E-1
572	4.86741094E-1
389	4.88753927E-1
940	4.88955669E-1
341	4.91063456E-1
853	4.92139932E-1
301	4.92260507E-1
745	4.93373545E-1
834	4.93513648E-1
512	4.9381652E-1
870	4.94358325E-1
795	4.98572803E-1
370	5.02203209E-1
162	5.03898177E-1
515	5.06614394E-1
415	5.06990551E-1
202	5.07559574E-1
219	5.0777023E-1
945	5.09091189E-1
310	5.10231665E-1
958	5.12485902E-1
245	5.13215328E-1
211	5.14613135E-1
225	5.14831336E-1
891	5.15613457E-1
700	5.16399894E-1
138	5.17661045E-1
773	5.17888988E-1
54	5.1992655E-1
837	5.20316885E-1
340	5.21024192E-1
691	5.21562518E-1
201	5.23291444E-1
179	5.23625578E-1
677	5.23721825E-1
281	5.26432926E-1
750	5.26717858E-1
153	5.26719757E-1
344	5.26848947E-1
37	5.30335193E-1
274	5.30985212E-1
741	5.31797357E-1
223	5.34145406E-1
248	5.35622103E-1
842	5.37725243E-1
432	5.38204679E-1
824	5.4245612E-1
983	5.42913809E-1
348	5.4397445E-1
825	5.44120924E-1
950	5.4478476E-1
11	5.4492224E-1
522	5.45615837E-1
941	5.46489312E-1
456	5.49081943E-1
494	5.49623722E-1
290	5.50399447E-1
1006	5.51829901E-1
720	5.56002671E-1
166	5.56173301E-1
271	5.57698682E-1
464	5.58010239E-1
119	5.59228289E-1
525	5.60659707E-1
959	5.63516237E-1
718	5.64227674E-1
102	5.66576643E-1
486	5.67147795E-1
496	5.68304701E-1
756	5.69170481E-1
416	5.6960051E-1
710	5.70491531E-1
797	5.70554881E-1
347	5.72607556E-1
560	5.72981777E-1
273	5.74539427E-1
459	5.76079692E-1
377	5.76600816E-1
960	5.7694223E-1
559	5.77139099E-1
187	5.78095091E-1
257	5.79132159E-1
134	5.79285352E-1
980	5.80255013E-1
615	5.80271649E-1
896	5.80557484E-1
805	5.82037592E-1
116	5.82111035E-1
325	5.82391474E-1
468	5.82451996E-1
735	5.82498361E-1
848	5.8284319E-1
75	5.84087558E-1
689	5.84713452E-1
435	5.84840812E-1
241	5.85124705E-1
45	5.85366974E-1
465	5.87061549E-1
592	5.88539462E-1
365	5.90768915E-1
628	5.91181871E-1
639	5.92081258E-1
882	5.93279709E-1
152	5.93533331E-1
721	5.94135991E-1
430	5.95770854E-1
17	5.96485708E-1
356	5.99224557E-1
15	6.00070555E-1
343	6.01018837E-1
668	6.02068867E-1
955	6.02257173E-1
511	6.0242072E-1
526	6.02519646E-1
9	6.0266129E-1
879	6.02861719E-1
527	6.03034703E-1
556	6.03160227E-1
616	6.03862012E-1
255	6.04702726E-1
895	6.04852231E-1
106	6.04991097E-1
13	6.05472726E-1
493	6.05513483E-1
717	6.0697742E-1
627	6.06978235E-1
414	6.07409047E-1
932	6.0831338E-1
81	6.10518315E-1
143	6.1092145E-1
739	6.11183164E-1
1015	6.11242142E-1
999	6.1226153E-1
390	6.12926218E-1
594	6.13427019E-1
433	6.13801821E-1
411	6.16310218E-1
97	6.1789953E-1
43	6.18235454E-1
167	6.18899206E-1
170	6.20978973E-1
956	6.22518689E-1
934	6.23460181E-1
96	6.24332291E-1
577	6.25646039E-1
276	6.26638438E-1
806	6.27320198E-1
177	6.28865486E-1
581	6.29769881E-1
86	6.29855369E-1
807	6.30865816E-1
362	6.3109244E-1
606	6.31160056E-1
702	6.31564089E-1
351	6.34224619E-1
203	6.35543294E-1
65	6.38084562E-1
902	6.38724883E-1
541	6.40528759E-1
585	6.42253323E-1
929	6.42469776E-1
321	6.42516953E-1
622	6.43425294E-1
872	6.4431304E-1
53	6.44820509E-1
987	6.46184852E-1
78	6.47272494E-1
1012	6.47275762E-1
88	6.47469468E-1
534	6.49498201E-1
540	6.5023952E-1
935	6.50973782E-1
360	6.51132962E-1
120	6.53749703E-1
661	6.5420287E-1
946	6.54249859E-1
169	6.54504987E-1
329	6.58303374E-1
645	6.59367053E-1
847	6.60424091E-1
513	6.60578254E-1
533	6.60733515E-1
6	6.61715934E-1
974	6.6286957E-1
23	6.65859903E-1
788	6.67060181E-1
982	6.67518317E-1
850	6.67938983E-1
149	6.67940056E-1
908	6.71843487E-1
1004	6.72681641E-1
124	6.73170494E-1
428	6.74657555E-1
52	6.75036165E-1
375	6.76046459E-1
648	6.77051998E-1
679	6.77475879E-1
548	6.78497798E-1
907	6.79111485E-1
894	6.79297686E-1
228	6.80886014E-1
499	6.8136063E-1
275	6.8159164E-1
450	6.81624641E-1
829	6.8243504E-1
129	6.82827455E-1
39	6.83467562E-1
490	6.83637267E-1
234	6.86100016E-1
619	6.86493622E-1
397	6.86984565E-1
421	6.87801563E-1
816	6.89239344E-1
565	6.90415071E-1
529	6.92484213E-1
593	6.94632621E-1
802	6.9947284E-1
830	6.99664693E-1
208	7.0076641E-1
163	7.01094485E-1
609	7.01725901E-1
262	7.02546417E-1
263	7.03409647E-1
820	7.04252201E-1
388	7.05124579E-1
463	7.05702892E-1
649	7.06578493E-1
933	7.07287593E-1
89	7.08445853E-1
910	7.0909639E-1
191	7.12767843E-1
737	7.13476424E-1
331	7.13833587E-1
1000	7.14070567E-1
694	7.15948207E-1
867	7.18526738E-1
294	7.20082831E-1
767	7.20360628E-1
60	7.20495121E-1
67	7.21353956E-1
936	7.21681428E-1
4	7.22209889E-1
808	7.22787927E-1
164	7.23397162E-1
189	7.23925964E-1
3	7.2499581E-1
748	7.2521729E-1
984	7.29367872E-1
506	7.29425277E-1
845	7.29937111E-1
650	7.30838963E-1
440	7.33029441E-1
36	7.33840921E-1
553	7.3396485E-1
500	7.34251719E-1
611	7.34479057E-1
1009	7.35627815E-1
752	7.36824559E-1
558	7.37082743E-1
676	7.40463727E-1
927	7.40560112E-1
48	7.40674898E-1
250	7.41105471E-1
873	7.42321536E-1
429	7.42645346E-1
462	7.42943023E-1
567	7.43165656E-1
117	7.43535092E-1
510	7.44009008E-1
762	7.463864E-1
635	7.47854548E-1
880	7.49519665E-1
168	7.50090212E-1
985	7.50965459E-1
722	7.51146985E-1
854	7.51569812E-1
764	7.51642437E-1
605	7.52242061E-1
800	7.52886734E-1
498	7.55334991E-1
746	7.58603357E-1
695	7.6007145E-1
568	7.60796181E-1
182	7.60944903E-1
723	7.61536774E-1
532	7.61684972E-1
948	7.63686212E-1
302	7.63788641E-1
542	7.64470455E-1
942	7.65019777E-1
1008	7.65494851E-1
471	7.66121958E-1
711	7.66672316E-1
549	7.66771479E-1
402	7.67393282E-1
29	7.68010028E-1
777	7.68285687E-1
406	7.68923926E-1
469	7.69111004E-1
437	7.71508314E-1
454	7.7287315E-1
226	7.74143841E-1
361	7.74564554E-1
637	7.75731236E-1
374	7.75823735E-1
215	7.76217629E-1
197	7.76246529E-1
401	7.7745973E-1
230	7.77764845E-1
217	7.81074495E-1
461	7.82553501E-1
338	7.83627912E-1
626	7.83739053E-1
112	7.86455643E-1
192	7.86557127E-1
0	7.86889946E-1
544	7.87775253E-1
914	7.8899444E-1
76	7.89407745E-1
651	7.89850096E-1
132	7.90014571E-1
892	7.92748899E-1
604	7.95685742E-1
178	7.95904831E-1
703	7.97920117E-1
155	7.98811363E-1
393	7.99415482E-1
1005	8.00610273E-1
561	8.00793227E-1
539	8.04710158E-1
480	8.05852327E-1
446	8.05886031E-1
165	8.06860668E-1
373	8.07303623E-1
332	8.11138743E-1
232	8.1127101E-1
698	8.13453191E-1
115	8.13689045E-1
519	8.14578713E-1
601	8.14755987E-1
646	8.16763774E-1
906	8.18429445E-1
183	8.18557759E-1
336	8.19378875E-1
214	8.23442586E-1
193	8.23882146E-1
792	8.24020828E-1
26	8.253397E-1
70	8.2641551E-1
697	8.27935592E-1
776	8.28175823E-1
1014	8.28977312E-1
535	8.29288185E-1
491	8.29644522E-1
724	8.30182288E-1
859	8.3111283E-1
798	8.31164577E-1
386	8.34067968E-1
467	8.36027522E-1
297	8.36287102E-1
869	8.36586991E-1
508	8.3773236E-1
900	8.38464061E-1
970	8.39348264E-1
599	8.43845664E-1
969	8.4630106E-1
313	8.46611038E-1
884	8.49040962E-1
818	8.49175238E-1
841	8.49258228E-1
261	8.52016915E-1
827	8.52198028E-1
846	8.52834213E-1
586	8.5710908E-1
675	8.57679916E-1
327	8.58570719E-1
901	8.59899722E-1
269	8.61125705E-1
474	8.61873545E-1
266	8.62801184E-1
579	8.62996863E-1
207	8.64637987E-1
989	8.65807542E-1
1016	8.67095428E-1
595	8.67262701E-1
136	8.68472175E-1
730	8.68726543E-1
709	8.69175558E-1
787	8.69176414E-1
199	8.72323749E-1
423	8.75318944E-1
309	8.79213111E-1
185	8.7935042E-1
957	8.7959045E-1
292	8.79644016E-1
772	8.80891466E-1
235	8.8139916E-1
905	8.82552612E-1
57	8.83298814E-1
961	8.8441426E-1
399	8.84805103E-1
761	8.86251864E-1
383	8.87432324E-1
113	8.87642865E-1
293	8.87745333E-1
320	8.88253173E-1
683	8.89554914E-1
630	8.9483966E-1
384	8.96519228E-1
546	8.96736585E-1
607	8.97431836E-1
817	8.97534695E-1
404	8.97588635E-1
681	8.97830687E-1
412	9.03696414E-1
967	9.04E-1
139	9.04318818E-1
684	9.04797668E-1
608	9.08509494E-1
251	9.08775572E-1
2	9.08863103E-1
147	9.10593381E-1
562	9.1141992E-1
643	9.11961459E-1
726	9.12784944E-1
851	9.13057553E-1
552	9.15629702E-1
425	9.16121918E-1
59	9.1769382E-1
671	9.18484554E-1
264	9.21112121E-1
995	9.22041247E-1
441	9.23619951E-1
976	9.25121496E-1
978	9.26157858E-1
422	9.27070495E-1
210	9.2708811E-1
190	9.28681513E-1
921	9.29133784E-1
673	9.30397991E-1
380	9.30550668E-1
146	9.31443728E-1
107	9.32631429E-1
395	9.34987821E-1
659	9.35301089E-1
832	9.35901578E-1
487	9.36144691E-1
531	9.36466554E-1
810	9.37308997E-1
617	9.38367292E-1
904	9.40105452E-1
73	9.40428555E-1
42	9.42642931E-1
968	9.43440063E-1
924	9.43491275E-1
918	9.43962538E-1
771	9.44598853E-1
319	9.44706588E-1
427	9.48442749E-1
172	9.48717543E-1
35	9.49058291E-1
660	9.49090649E-1
455	9.49618142E-1
122	9.51604168E-1
840	9.52420829E-1
838	9.53061622E-1
481	9.55080345E-1
509	9.55317014E-1
16	9.55365458E-1
350	9.55938367E-1
523	9.56115943E-1
161	9.5620797E-1
743	9.56314483E-1
445	9.60098641E-1
819	9.60757251E-1
991	9.61387676E-1
582	9.62057633E-1
714	9.63914153E-1
1	9.63993052E-1
334	9.65200842E-1
791	9.66707702E-1
653	9.66919462E-1
740	9.67184552E-1
680	9.67497192E-1
240	9.68174497E-1
636	9.68921946E-1
877	9.69254677E-1
738	9.69813472E-1
862	9.71478989E-1
652	9.71829153E-1
997	9.75569382E-1
123	9.77160315E-1
919	9.78214983E-1
470	9.78465234E-1
528	9.79868351E-1
755	9.80375738E-1
357	9.81057103E-1
866	9.82228583E-1
335	9.83362821E-1
426	9.84211525E-1
505	9.84538388E-1
141	9.84577867E-1
524	9.84597153E-1
977	9.85610104E-1
555	9.87286739E-1
330	9.90110903E-1
156	9.90738411E-1
922	9.91021804E-1
759	9.91450137E-1
1001	9.93308313E-1
588	9.93505104E-1
589	9.93523222E-1
99	9.94438149E-1
782	9.94724443E-1
856	9.95966529E-1
159	9.960003E-1
278	9.96252676E-1
883	9.9750296E-1
315	9.98429273E-1
306	9.98867655E-1
484	9.99454248E-1
