Name	chi2Pvalue
760	2.45453714E-7
105	2.34678657E-4
260	1.21933727E-3
392	1.36337546E-3
881	2.39156291E-3
994	3.00107779E-3
370	4.23683522E-3
938	4.51246836E-3
503	5.31289532E-3
784	6.74005582E-3
217	7.81047317E-3
658	9.07668228E-3
622	1.26737907E-2
768	1.28366982E-2
84	1.40564901E-2
753	1.41786348E-2
238	1.44708268E-2
743	1.47357086E-2
327	1.51171552E-2
157	1.52820595E-2
785	1.74610676E-2
223	2.08125438E-2
634	2.283008E-2
239	2.38684111E-2
578	2.48390361E-2
802	2.49702308E-2
103	2.56672303E-2
405	2.80926717E-2
385	2.87365805E-2
813	2.94523575E-2
192	2.97957267E-2
831	2.99832218E-2
256	3.0089411E-2
928	3.40946892E-2
467	3.44191114E-2
182	3.46083364E-2
170	3.47578286E-2
876	3.5071835E-2
471	3.60280631E-2
884	3.619504E-2
835	3.66602855E-2
689	3.73334324E-2
403	3.76300592E-2
114	3.78249767E-2
456	4.02189509E-2
262	4.08919555E-2
520	4.22981157E-2
491	4.28335792E-2
676	4.59825773E-2
429	4.66434145E-2
349	4.67369222E-2
311	4.83441999E-2
909	5.02482758E-2
692	5.16891362E-2
564	5.23077262E-2
889	5.34040658E-2
642	5.45488732E-2
637	5.53217907E-2
823	5.60629346E-2
719	5.70428783E-2
161	5.90375E-2
871	5.93503847E-2
553	6.06720584E-2
177	6.0745817E-2
227	6.19328575E-2
408	6.37342423E-2
706	6.65736767E-2
117	6.96821474E-2
140	7.00355832E-2
250	7.15785733E-2
218	7.23006574E-2
5	7.24242278E-2
264	7.26527552E-2
206	7.2860416E-2
849	7.37764108E-2
507	7.39937421E-2
301	7.5897758E-2
135	7.61643925E-2
990	7.65268359E-2
641	7.65512835E-2
969	7.75648492E-2
499	7.77464323E-2
253	7.92984101E-2
107	7.93128496E-2
754	7.93450346E-2
235	8.1670157E-2
586	8.41493803E-2
0	8.45358829E-2
782	8.5592254E-2
350	8.60495616E-2
20	8.62486693E-2
875	8.73461691E-2
864	8.77311557E-2
963	8.89295288E-2
284	8.92959846E-2
953	8.92966361E-2
286	8.99303541E-2
951	9.00511452E-2
913	9.00852934E-2
614	9.36110594E-2
28	9.39372078E-2
501	9.66547983E-2
735	9.84529758E-2
939	9.95419961E-2
705	1.00259202E-1
415	1.00785211E-1
734	1.01258053E-1
565	1.01685865E-1
142	1.03344953E-1
599	1.05297915E-1
555	1.055334E-1
101	1.0574229E-1
651	1.06627767E-1
844	1.07329574E-1
888	1.07841702E-1
728	1.08752476E-1
740	1.09233788E-1
443	1.1384315E-1
517	1.16337114E-1
788	1.17074288E-1
381	1.20150112E-1
540	1.20754916E-1
625	1.22824618E-1
959	1.24496969E-1
612	1.25782529E-1
62	1.26572754E-1
617	1.27445844E-1
176	1.29947057E-1
516	1.30827791E-1
576	1.31077085E-1
457	1.32459994E-1
367	1.33241806E-1
777	1.33711507E-1
663	1.33897285E-1
131	1.36186565E-1
324	1.3700571E-1
421	1.3719211E-1
436	1.37995466E-1
895	1.38467649E-1
917	1.40497619E-1
789	1.4065242E-1
526	1.41167746E-1
581	1.43658394E-1
733	1.43840237E-1
129	1.49538961E-1
759	1.50250814E-1
236	1.51940927E-1
699	1.54492367E-1
806	1.54931145E-1
189	1.55237057E-1
683	1.56609985E-1
55	1.56676498E-1
731	1.58467071E-1
231	1.59457376E-1
672	1.61306016E-1
583	1.62482412E-1
347	1.62794123E-1
818	1.63064151E-1
919	1.65092592E-1
538	1.65342244E-1
778	1.66077592E-1
528	1.66142935E-1
571	1.68625057E-1
213	1.70841705E-1
961	1.72235102E-1
833	1.7303983E-1
111	1.73469344E-1
866	1.73715252E-1
47	1.73980413E-1
722	1.75143354E-1
246	1.75584707E-1
816	1.75767469E-1
900	1.76299385E-1
949	1.76407423E-1
344	1.76806457E-1
113	1.78649292E-1
245	1.78730688E-1
975	1.79679943E-1
829	1.80633437E-1
326	1.80713867E-1
979	1.80722161E-1
597	1.81769892E-1
1012	1.82208106E-1
836	1.82262818E-1
389	1.83991813E-1
354	1.84250448E-1
812	1.84708981E-1
982	1.85331936E-1
838	1.88847498E-1
680	1.89235508E-1
34	1.91945396E-1
684	1.92728917E-1
40	1.94671571E-1
690	1.95175414E-1
145	1.95775801E-1
339	1.99066192E-1
911	2.02086948E-1
554	2.0247945E-1
971	2.053399E-1
3	2.062701E-1
243	2.06823311E-1
331	2.07130524E-1
273	2.07255371E-1
386	2.09616635E-1
643	2.1010505E-1
980	2.13950449E-1
265	2.14196112E-1
798	2.1459014E-1
826	2.15297311E-1
879	2.16259453E-1
39	2.16445889E-1
865	2.16484225E-1
664	2.18280363E-1
451	2.18597748E-1
288	2.23166043E-1
210	2.28166273E-1
173	2.2998712E-1
31	2.310785E-1
49	2.31847386E-1
242	2.32534344E-1
654	2.32766623E-1
88	2.34427342E-1
432	2.34555491E-1
762	2.34721016E-1
366	2.35690995E-1
604	2.35950508E-1
399	2.36009998E-1
715	2.37130161E-1
723	2.37613627E-1
305	2.37739027E-1
914	2.38581657E-1
567	2.41751557E-1
198	2.41772272E-1
562	2.42961636E-1
1006	2.4334068E-1
136	2.44267662E-1
274	2.45546135E-1
841	2.45733316E-1
196	2.45928153E-1
37	2.46346804E-1
825	2.47236952E-1
744	2.48372388E-1
956	2.48994198E-1
208	2.49381459E-1
608	2.50256367E-1
46	2.53123291E-1
312	2.53229435E-1
570	2.53331933E-1
224	2.54214277E-1
591	2.55817387E-1
527	2.56786096E-1
32	2.58863455E-1
580	2.60463865E-1
921	2.63564495E-1
380	2.67088325E-1
771	2.67325861E-1
413	2.68918008E-1
695	2.69002622E-1
1008	2.69515786E-1
962	2.69609108E-1
18	2.7044356E-1
685	2.72049069E-1
378	2.73341703E-1
191	2.73360624E-1
626	2.73410564E-1
998	2.7355163E-1
141	2.74172838E-1
682	2.74526904E-1
426	2.74679337E-1
271	2.75557151E-1
960	2.76342476E-1
976	2.76813624E-1
498	2.77114475E-1
29	2.77854809E-1
546	2.77946443E-1
233	2.82471205E-1
377	2.83105912E-1
815	2.83327329E-1
407	2.83697864E-1
673	2.88016505E-1
824	2.88090422E-1
910	2.88840592E-1
947	2.90124375E-1
926	2.90166278E-1
449	2.921918E-1
726	2.92706171E-1
592	2.94068407E-1
194	2.9460876E-1
374	2.95918049E-1
160	2.96132169E-1
946	2.96642355E-1
588	2.97053082E-1
91	2.97203663E-1
708	3.00181198E-1
850	3.00478916E-1
629	3.00848444E-1
352	3.03963234E-1
147	3.04983042E-1
752	3.05385198E-1
267	3.05517241E-1
725	3.07156686E-1
201	3.08793275E-1
476	3.09491511E-1
750	3.09530762E-1
435	3.10066776E-1
703	3.10290216E-1
931	3.10348161E-1
640	3.11361453E-1
729	3.11463539E-1
461	3.11632443E-1
228	3.1280652E-1
87	3.13121939E-1
781	3.13441423E-1
219	3.15386269E-1
365	3.15551807E-1
539	3.16001599E-1
93	3.1662174E-1
792	3.18871278E-1
123	3.18974552E-1
431	3.18975741E-1
48	3.19181941E-1
197	3.2048679E-1
420	3.22748771E-1
133	3.25153014E-1
216	3.26369827E-1
175	3.2750151E-1
294	3.29768876E-1
186	3.30540086E-1
904	3.30672699E-1
679	3.30784438E-1
964	3.31100193E-1
94	3.31739645E-1
106	3.32172122E-1
602	3.33648677E-1
519	3.34773996E-1
81	3.34874355E-1
4	3.36254861E-1
635	3.36731085E-1
285	3.36820531E-1
340	3.37927781E-1
212	3.38471781E-1
897	3.38515883E-1
398	3.38558632E-1
98	3.39063714E-1
547	3.44566084E-1
600	3.44770776E-1
558	3.44936204E-1
638	3.45553794E-1
397	3.45891E-1
99	3.45893289E-1
272	3.47497678E-1
119	3.481348E-1
918	3.49816845E-1
363	3.51742508E-1
646	3.53744084E-1
116	3.5451814E-1
364	3.54604175E-1
579	3.57612974E-1
584	3.58823742E-1
905	3.58838421E-1
30	3.6147623E-1
2	3.61548263E-1
958	3.62956458E-1
353	3.63442592E-1
207	3.64361418E-1
817	3.6602005E-1
1010	3.66596257E-1
463	3.67386979E-1
878	3.67439791E-1
244	3.7034245E-1
125	3.70973567E-1
358	3.71543398E-1
893	3.71621029E-1
869	3.72910915E-1
12	3.74151706E-1
954	3.74907107E-1
702	3.76037437E-1
25	3.7679644E-1
787	3.79254196E-1
409	3.79333362E-1
738	3.83385878E-1
606	3.84763037E-1
805	3.85161637E-1
306	3.85499E-1
639	3.85759854E-1
303	3.87559091E-1
269	3.88464542E-1
656	3.89861552E-1
127	3.90133324E-1
749	3.92261135E-1
873	3.93366364E-1
258	3.95990406E-1
669	3.97933027E-1
24	3.98631789E-1
870	4.00204723E-1
534	4.03228577E-1
396	4.05640923E-1
867	4.06002897E-1
71	4.06898863E-1
314	4.07605218E-1
712	4.08207753E-1
882	4.09742406E-1
993	4.10072297E-1
922	4.1028699E-1
359	4.1054628E-1
1003	4.13928143E-1
756	4.14851356E-1
647	4.15469798E-1
763	4.15482831E-1
820	4.19863617E-1
577	4.20520905E-1
38	4.20800173E-1
185	4.21705414E-1
714	4.22943003E-1
1007	4.25881387E-1
128	4.26048067E-1
470	4.26149989E-1
279	4.27554722E-1
595	4.2872133E-1
627	4.28922033E-1
257	4.2973246E-1
17	4.31460085E-1
418	4.33268458E-1
856	4.36168422E-1
310	4.36527307E-1
585	4.39598147E-1
322	4.40296214E-1
1011	4.41631173E-1
423	4.42628603E-1
401	4.43148182E-1
120	4.43150012E-1
241	4.43978982E-1
906	4.44528754E-1
811	4.45921996E-1
797	4.47044204E-1
35	4.48782573E-1
95	4.49704036E-1
746	4.5181083E-1
164	4.53513722E-1
772	4.53979958E-1
115	4.54205879E-1
511	4.54239905E-1
748	4.54796537E-1
276	4.56612642E-1
68	4.56776784E-1
776	4.57065909E-1
923	4.57124691E-1
59	4.58078291E-1
168	4.58346363E-1
277	4.5857756E-1
996	4.60299735E-1
697	4.60500974E-1
973	4.62560808E-1
575	4.63366207E-1
112	4.63694606E-1
92	4.64143202E-1
33	4.64210759E-1
661	4.64306826E-1
6	4.64876134E-1
872	4.65543402E-1
395	4.65719921E-1
122	4.65917709E-1
371	4.68102931E-1
846	4.68179729E-1
266	4.69079516E-1
613	4.69701936E-1
508	4.72173775E-1
237	4.72427384E-1
109	4.73176114E-1
855	4.73754072E-1
167	4.74400572E-1
368	4.74781281E-1
704	4.7608281E-1
232	4.77674214E-1
417	4.8131489E-1
757	4.81324461E-1
533	4.85441226E-1
56	4.88535961E-1
995	4.88622462E-1
345	4.89774813E-1
832	4.91143872E-1
999	4.96830357E-1
828	4.97874912E-1
203	5.01758456E-1
837	5.02737303E-1
323	5.0313201E-1
707	5.04236954E-1
665	5.04762596E-1
518	5.04764232E-1
912	5.04804665E-1
632	5.04832201E-1
472	5.05861261E-1
903	5.07593484E-1
859	5.07963006E-1
104	5.08274721E-1
275	5.09254561E-1
796	5.10106972E-1
736	5.10384782E-1
505	5.10746113E-1
229	5.13527663E-1
287	5.15974893E-1
775	5.1605226E-1
974	5.17415781E-1
693	5.17765665E-1
252	5.18626476E-1
464	5.18712912E-1
414	5.20395005E-1
21	5.20707147E-1
894	5.20930317E-1
488	5.20983992E-1
487	5.21123155E-1
496	5.21343203E-1
1013	5.2232037E-1
248	5.24519042E-1
214	5.25022297E-1
741	5.25852893E-1
810	5.26311268E-1
901	5.27397608E-1
582	5.30516497E-1
282	5.31960924E-1
991	5.35013175E-1
404	5.35023725E-1
446	5.36361994E-1
79	5.36794157E-1
862	5.36818335E-1
649	5.38385124E-1
678	5.3897356E-1
1000	5.39736999E-1
724	5.41161753E-1
992	5.43178685E-1
696	5.43420225E-1
485	5.44606097E-1
54	5.44696132E-1
263	5.44699745E-1
927	5.45987268E-1
945	5.4602888E-1
393	5.47094012E-1
153	5.47480552E-1
416	5.48625989E-1
574	5.49820812E-1
896	5.4988668E-1
984	5.50283307E-1
531	5.50995134E-1
220	5.53565795E-1
548	5.53664657E-1
970	5.56577923E-1
630	5.56947912E-1
611	5.58795177E-1
1014	5.59646945E-1
433	5.61101173E-1
739	5.61272129E-1
77	5.61395945E-1
607	5.623616E-1
603	5.63309664E-1
240	5.63986695E-1
318	5.64648515E-1
645	5.66591747E-1
845	5.67554858E-1
317	5.68081624E-1
247	5.69534152E-1
165	5.70694712E-1
727	5.70832932E-1
1001	5.71828413E-1
221	5.7225955E-1
151	5.73005746E-1
61	5.73381363E-1
770	5.73561263E-1
535	5.73817394E-1
489	5.74205115E-1
190	5.74292547E-1
193	5.7526236E-1
492	5.75999122E-1
100	5.77331297E-1
27	5.78897866E-1
58	5.78928273E-1
652	5.79074211E-1
667	5.82200696E-1
933	5.83637534E-1
786	5.84311063E-1
861	5.84321403E-1
348	5.84583449E-1
636	5.84603058E-1
944	5.8523479E-1
138	5.85777023E-1
465	5.85993492E-1
10	5.87443831E-1
955	5.87625019E-1
675	5.88171434E-1
82	5.89770014E-1
891	5.90597245E-1
618	5.90892094E-1
148	5.9135831E-1
968	5.91896056E-1
809	5.92319034E-1
483	5.92695002E-1
814	5.9587037E-1
334	5.96599634E-1
150	5.96832234E-1
179	5.97668644E-1
854	5.99260268E-1
1004	5.99742913E-1
767	5.99911439E-1
319	6.01443288E-1
75	6.04625494E-1
863	6.04701797E-1
211	6.05752906E-1
16	6.06035188E-1
458	6.07477783E-1
226	6.09403172E-1
200	6.11236086E-1
932	6.11544748E-1
761	6.11713855E-1
478	6.14646599E-1
297	6.16722921E-1
985	6.17404068E-1
296	6.18029237E-1
631	6.1807281E-1
96	6.18449925E-1
181	6.19845539E-1
425	6.19963173E-1
482	6.20862382E-1
716	6.21654652E-1
268	6.21677915E-1
987	6.2307307E-1
902	6.24904075E-1
361	6.25069491E-1
477	6.25082653E-1
255	6.25489097E-1
338	6.25792766E-1
557	6.26326232E-1
934	6.2867412E-1
718	6.29087509E-1
320	6.3114801E-1
766	6.319718E-1
11	6.32360751E-1
313	6.3306587E-1
981	6.33847078E-1
989	6.34093646E-1
447	6.34104864E-1
388	6.34455477E-1
73	6.34626921E-1
532	6.34677094E-1
144	6.35106929E-1
711	6.36764175E-1
842	6.36777412E-1
316	6.36886995E-1
609	6.36898775E-1
469	6.37046311E-1
333	6.38860903E-1
890	6.39854249E-1
779	6.40142058E-1
126	6.40321114E-1
730	6.40383336E-1
335	6.4195755E-1
1021	6.45583437E-1
522	6.46854377E-1
885	6.46913917E-1
50	6.47306808E-1
205	6.47421024E-1
780	6.47895792E-1
977	6.49361166E-1
924	6.51059968E-1
552	6.52640777E-1
149	6.54023617E-1
551	6.54783814E-1
720	6.5794427E-1
254	6.58609976E-1
668	6.58637088E-1
19	6.60745507E-1
180	6.61574183E-1
623	6.6479255E-1
494	6.65453007E-1
308	6.65778713E-1
188	6.6832618E-1
171	6.68385968E-1
90	6.71018716E-1
717	6.71445656E-1
877	6.72633694E-1
183	6.72676307E-1
943	6.72680716E-1
65	6.73191569E-1
794	6.7400714E-1
650	6.74543371E-1
819	6.7490345E-1
159	6.77010068E-1
556	6.77787724E-1
412	6.78459611E-1
773	6.78609431E-1
541	6.78673045E-1
474	6.79985632E-1
978	6.80142741E-1
790	6.80338034E-1
459	6.80805758E-1
298	6.82488867E-1
411	6.82771825E-1
187	6.83987703E-1
793	6.84135128E-1
560	6.84968935E-1
783	6.85911909E-1
42	6.86592651E-1
234	6.8810688E-1
521	6.91310159E-1
497	6.91932193E-1
674	6.92128216E-1
440	6.92772156E-1
874	6.92893645E-1
545	6.93407236E-1
536	6.94347798E-1
713	6.96271701E-1
506	6.97837536E-1
502	6.98940108E-1
621	7.02269136E-1
292	7.0268411E-1
972	7.0304382E-1
559	7.04473786E-1
801	7.06281912E-1
22	7.09226671E-1
774	7.09372482E-1
328	7.09416242E-1
907	7.10415152E-1
204	7.11947359E-1
935	7.12487526E-1
36	7.12551229E-1
804	7.15450791E-1
687	7.15484828E-1
202	7.16743993E-1
441	7.16968999E-1
270	7.17629081E-1
341	7.18863392E-1
66	7.18905061E-1
1009	7.21062291E-1
834	7.23032538E-1
644	7.23624328E-1
569	7.23987355E-1
134	7.24249116E-1
848	7.26495861E-1
8	7.27133703E-1
130	7.29909322E-1
799	7.30033358E-1
346	7.31296269E-1
439	7.33271533E-1
169	7.33567761E-1
355	7.35045927E-1
839	7.35255804E-1
568	7.35855745E-1
624	7.36401699E-1
515	7.37394538E-1
610	7.40408998E-1
601	7.40774125E-1
563	7.42243969E-1
74	7.43378845E-1
916	7.45086453E-1
97	7.45163609E-1
384	7.48670061E-1
800	7.48865596E-1
1017	7.50424271E-1
512	7.50723052E-1
390	7.51937255E-1
950	7.52637705E-1
529	7.52713505E-1
847	7.53247312E-1
290	7.53261416E-1
80	7.56814496E-1
883	7.57892001E-1
60	7.58019776E-1
620	7.5829648E-1
671	7.61984386E-1
886	7.66423668E-1
709	7.66603624E-1
178	7.66987522E-1
480	7.67833924E-1
450	7.69682264E-1
1005	7.69683701E-1
351	7.71789701E-1
686	7.71916121E-1
102	7.72194245E-1
261	7.72561988E-1
479	7.73274673E-1
70	7.73639711E-1
15	7.7442726E-1
543	7.75064219E-1
343	7.7674196E-1
315	7.77652832E-1
402	7.77821535E-1
406	7.78212127E-1
356	7.78521486E-1
988	7.78630104E-1
542	7.79005071E-1
163	7.79810313E-1
929	7.81239654E-1
438	7.81833117E-1
57	7.81866936E-1
410	7.82437862E-1
587	7.85251283E-1
514	7.86091469E-1
259	7.89132534E-1
747	7.89289196E-1
118	7.89714365E-1
670	7.90966066E-1
700	7.91149095E-1
745	7.92708844E-1
280	7.96340864E-1
1016	7.96357868E-1
442	7.9686841E-1
887	7.97615742E-1
86	7.97915578E-1
332	7.97930746E-1
655	7.98347786E-1
666	7.99610869E-1
373	7.99933807E-1
830	8.0008155E-1
454	8.00907895E-1
383	8.01140932E-1
857	8.01359699E-1
942	8.01535714E-1
23	8.01541093E-1
504	8.02418391E-1
76	8.03834356E-1
550	8.06078532E-1
694	8.07883482E-1
321	8.09091162E-1
860	8.09758665E-1
444	8.11306015E-1
251	8.11458123E-1
69	8.11714981E-1
1	8.12953494E-1
952	8.13284842E-1
758	8.13771295E-1
1002	8.17280843E-1
495	8.17378349E-1
742	8.17609356E-1
930	8.18721895E-1
230	8.22688343E-1
291	8.23216772E-1
596	8.23635585E-1
524	8.23785682E-1
302	8.24398142E-1
152	8.2627648E-1
72	8.2685211E-1
925	8.27576408E-1
525	8.27577498E-1
1020	8.27605061E-1
710	8.27801517E-1
594	8.28288715E-1
460	8.28356077E-1
755	8.28454448E-1
184	8.2853254E-1
382	8.30656783E-1
530	8.32524785E-1
110	8.32611278E-1
172	8.3272513E-1
765	8.32739531E-1
132	8.33354308E-1
721	8.3466178E-1
45	8.34699841E-1
475	8.3506138E-1
769	8.35869669E-1
448	8.36181751E-1
424	8.36271627E-1
146	8.36337383E-1
605	8.36966213E-1
997	8.37337845E-1
965	8.4023194E-1
89	8.41125246E-1
490	8.42245058E-1
427	8.441172E-1
309	8.44355074E-1
299	8.44524018E-1
853	8.44543515E-1
52	8.44758022E-1
124	8.45870452E-1
195	8.46375969E-1
14	8.47724189E-1
155	8.47842487E-1
566	8.48094448E-1
295	8.48202167E-1
948	8.50489E-1
500	8.51072501E-1
376	8.51537863E-1
616	8.52259112E-1
851	8.52560833E-1
336	8.53035323E-1
209	8.531638E-1
764	8.53560708E-1
698	8.54877673E-1
737	8.58233342E-1
156	8.58890052E-1
360	8.59523348E-1
732	8.59950658E-1
659	8.5998043E-1
880	8.60012497E-1
957	8.60437931E-1
936	8.63566466E-1
300	8.63708457E-1
986	8.64385354E-1
330	8.6836842E-1
915	8.68864113E-1
937	8.70852975E-1
573	8.73285217E-1
121	8.7355087E-1
154	8.73784468E-1
493	8.75305812E-1
1015	8.76578359E-1
174	8.76712595E-1
619	8.78024576E-1
701	8.7803705E-1
387	8.79623795E-1
852	8.82094875E-1
53	8.82229256E-1
342	8.84388994E-1
484	8.85450198E-1
940	8.9088602E-1
537	8.92773386E-1
325	8.95329906E-1
453	8.95692656E-1
544	8.9580296E-1
13	8.97055553E-1
513	8.98178967E-1
691	8.98729642E-1
598	8.98970371E-1
1023	8.99781454E-1
391	9.03023231E-1
628	9.05012471E-1
64	9.05024467E-1
677	9.05786939E-1
78	9.05914972E-1
908	9.09501955E-1
1018	9.10578199E-1
843	9.1288069E-1
362	9.13562638E-1
681	9.13759294E-1
898	9.14361248E-1
307	9.14566135E-1
43	9.1546326E-1
473	9.17610004E-1
660	9.17668912E-1
166	9.17928076E-1
51	9.18041767E-1
379	9.21074128E-1
41	9.22122024E-1
434	9.221224E-1
372	9.22128488E-1
807	9.22453377E-1
795	9.23802276E-1
139	9.2494835E-1
983	9.25470088E-1
892	9.26843667E-1
549	9.27555553E-1
821	9.28243533E-1
840	9.28779403E-1
751	9.29038799E-1
803	9.30443411E-1
486	9.33337141E-1
941	9.33390677E-1
26	9.33741198E-1
430	9.33796713E-1
9	9.3627876E-1
615	9.36637014E-1
466	9.39307365E-1
966	9.39375921E-1
589	9.39979648E-1
481	9.41752052E-1
445	9.42729951E-1
791	9.43074633E-1
455	9.43617273E-1
249	9.44149006E-1
400	9.44322801E-1
653	9.44644744E-1
289	9.45447909E-1
452	9.46419986E-1
1022	9.46985272E-1
657	9.47142192E-1
83	9.47564676E-1
572	9.49432063E-1
419	9.49877436E-1
868	9.50592308E-1
633	9.51005163E-1
158	9.51137753E-1
337	9.51620632E-1
357	9.51967845E-1
899	9.55602455E-1
85	9.55896745E-1
808	9.56329861E-1
662	9.57164845E-1
278	9.57897482E-1
7	9.5825571E-1
293	9.59045524E-1
593	9.59130783E-1
468	9.59330318E-1
422	9.60813345E-1
143	9.60907163E-1
688	9.62919357E-1
304	9.65331298E-1
222	9.65586777E-1
63	9.67926931E-1
858	9.7014142E-1
281	9.7237638E-1
162	9.74026773E-1
67	9.74323334E-1
215	9.74383214E-1
437	9.74701646E-1
44	9.74867192E-1
108	9.76460177E-1
428	9.77589683E-1
1019	9.77637522E-1
394	9.80833752E-1
462	9.81172603E-1
509	9.81257636E-1
523	9.84013559E-1
375	9.84403425E-1
827	9.86211781E-1
510	9.8767687E-1
329	9.88773851E-1
561	9.88828373E-1
225	9.90077243E-1
137	9.94172634E-1
199	9.95069079E-1
822	9.97976157E-1
648	9.98862394E-1
967	9.99931039E-1
