Name	chi2Pvalue
309	1.29875796E-4
1014	1.79881002E-3
573	3.88954062E-3
34	4.5541776E-3
508	5.91365827E-3
737	6.38851476E-3
601	7.29368649E-3
370	7.95968227E-3
120	9.23037933E-3
762	9.3788921E-3
256	9.93470955E-3
950	1.1084088E-2
55	1.19230406E-2
993	1.21526794E-2
446	1.29149537E-2
348	1.3414965E-2
677	1.38219635E-2
577	1.41094245E-2
740	1.46046106E-2
634	1.75439323E-2
212	1.76154429E-2
515	1.76261671E-2
238	1.79877254E-2
395	1.83044032E-2
700	1.88110921E-2
277	2.03568376E-2
891	2.04254237E-2
231	2.08971597E-2
602	2.38071043E-2
904	2.42182395E-2
22	2.50223361E-2
853	2.52613384E-2
499	2.52824536E-2
131	2.61508579E-2
897	2.72204947E-2
151	2.73325038E-2
805	2.8508823E-2
65	2.87762562E-2
964	2.91559092E-2
214	2.97762114E-2
650	3.09829874E-2
768	3.22658063E-2
820	3.37773207E-2
761	3.38200236E-2
680	3.41321685E-2
403	3.58824504E-2
851	3.60506054E-2
973	3.61676723E-2
809	3.68977271E-2
104	3.81901204E-2
967	3.88154708E-2
525	4.0728006E-2
582	4.1175105E-2
759	4.28776469E-2
280	4.42711608E-2
273	4.56341529E-2
799	4.64856577E-2
784	4.65238387E-2
956	4.75152417E-2
314	4.85448527E-2
1017	4.86171401E-2
360	4.91188269E-2
703	5.11969524E-2
431	5.20556256E-2
946	5.31283791E-2
92	5.32776775E-2
699	5.38174593E-2
317	5.55127407E-2
253	5.6341607E-2
932	5.83657026E-2
352	6.41188073E-2
834	6.76547886E-2
560	6.78871294E-2
802	7.05882965E-2
553	7.26735288E-2
641	7.3873165E-2
247	7.40754326E-2
354	7.45814307E-2
241	7.49166436E-2
398	7.76485516E-2
1016	7.9172489E-2
803	7.94487102E-2
526	7.96075872E-2
720	7.96656752E-2
482	8.00166194E-2
706	8.00212184E-2
651	8.01815509E-2
444	8.06288035E-2
71	8.15651966E-2
67	8.31778385E-2
16	8.43270215E-2
827	8.45113743E-2
150	8.54024845E-2
51	8.64370233E-2
7	8.64659052E-2
102	8.79618746E-2
731	8.86713326E-2
339	9.07170302E-2
357	9.19170933E-2
522	9.26122545E-2
810	9.31239404E-2
297	9.38941844E-2
160	9.5950075E-2
61	9.81907272E-2
387	1.01827595E-1
503	1.04487513E-1
230	1.04802609E-1
671	1.06438851E-1
472	1.07928601E-1
404	1.09997955E-1
337	1.1067975E-1
461	1.10998098E-1
310	1.11482552E-1
692	1.13858655E-1
719	1.14971302E-1
563	1.15272361E-1
938	1.15548463E-1
220	1.16270083E-1
229	1.17254672E-1
266	1.18483425E-1
435	1.20399466E-1
953	1.20593986E-1
966	1.21344634E-1
754	1.22447881E-1
559	1.23709552E-1
350	1.24462301E-1
48	1.27214368E-1
110	1.27720078E-1
28	1.2835881E-1
344	1.29537249E-1
285	1.29633507E-1
734	1.29896661E-1
981	1.30425759E-1
620	1.30517549E-1
617	1.30885623E-1
375	1.33248114E-1
612	1.33690962E-1
349	1.34043319E-1
545	1.34539401E-1
206	1.35322039E-1
881	1.35462611E-1
742	1.35558688E-1
69	1.36385145E-1
32	1.37877255E-1
338	1.37978241E-1
598	1.38520503E-1
322	1.44656019E-1
567	1.45385074E-1
963	1.45759397E-1
884	1.46601406E-1
1002	1.47616453E-1
755	1.49220727E-1
218	1.49540732E-1
117	1.49843872E-1
555	1.51165106E-1
54	1.51668357E-1
667	1.53233438E-1
57	1.56304317E-1
1009	1.57039472E-1
937	1.5751869E-1
957	1.58060967E-1
192	1.58373362E-1
689	1.59987726E-1
465	1.60355726E-1
416	1.63563877E-1
330	1.64421219E-1
86	1.64451539E-1
144	1.64611104E-1
738	1.65075441E-1
246	1.65962833E-1
43	1.67114146E-1
708	1.67156661E-1
588	1.67249115E-1
180	1.67801831E-1
529	1.68417558E-1
489	1.70603114E-1
551	1.71981395E-1
152	1.72728175E-1
361	1.76061465E-1
812	1.76197065E-1
494	1.76525282E-1
611	1.78144551E-1
59	1.78513817E-1
168	1.80650637E-1
589	1.81280974E-1
988	1.85986067E-1
880	1.86516994E-1
600	1.88979926E-1
902	1.89058859E-1
372	1.8967382E-1
145	1.90061483E-1
850	1.93359701E-1
908	1.93953368E-1
473	1.94923126E-1
30	1.95056429E-1
867	1.96554455E-1
140	1.97349656E-1
856	1.98930122E-1
795	1.99519357E-1
885	2.00056191E-1
757	2.01079E-1
376	2.01634128E-1
910	2.03235844E-1
785	2.04269368E-1
705	2.05476299E-1
504	2.05477162E-1
794	2.05657714E-1
389	2.05819927E-1
760	2.06312772E-1
776	2.06367388E-1
649	2.06695195E-1
710	2.08345851E-1
156	2.09757939E-1
684	2.153984E-1
922	2.15561514E-1
475	2.18372002E-1
95	2.184829E-1
507	2.18939083E-1
37	2.19130488E-1
175	2.19492499E-1
382	2.20229265E-1
205	2.21665444E-1
813	2.22975076E-1
414	2.23189565E-1
999	2.23493189E-1
178	2.25806581E-1
82	2.26417462E-1
831	2.27193409E-1
686	2.27573011E-1
90	2.28266129E-1
855	2.29131899E-1
119	2.3082632E-1
227	2.31016288E-1
50	2.31025349E-1
858	2.31157842E-1
538	2.31592082E-1
260	2.31703956E-1
791	2.32302133E-1
533	2.34395339E-1
208	2.36919037E-1
962	2.37309147E-1
961	2.38393178E-1
747	2.39288209E-1
821	2.40556271E-1
477	2.40596564E-1
753	2.42146383E-1
254	2.43000372E-1
900	2.43845796E-1
281	2.44759025E-1
605	2.45025575E-1
12	2.4702692E-1
490	2.49230572E-1
532	2.50038439E-1
476	2.51036835E-1
903	2.5116604E-1
221	2.51519512E-1
128	2.51772472E-1
913	2.5177412E-1
326	2.52787211E-1
393	2.52917033E-1
787	2.52942147E-1
670	2.53776011E-1
188	2.54959846E-1
524	2.55026446E-1
89	2.55078118E-1
629	2.56314859E-1
46	2.57197973E-1
174	2.57358108E-1
528	2.57963594E-1
852	2.58011374E-1
621	2.5953037E-1
276	2.60802957E-1
698	2.64779444E-1
267	2.65845558E-1
876	2.66006091E-1
157	2.66452016E-1
459	2.6688932E-1
735	2.67888398E-1
441	2.70468529E-1
420	2.73149601E-1
15	2.73259774E-1
909	2.74159169E-1
658	2.74416227E-1
980	2.76900713E-1
547	2.77081551E-1
687	2.78904196E-1
138	2.79860056E-1
607	2.80415445E-1
394	2.8074107E-1
98	2.82371987E-1
845	2.83101844E-1
378	2.83989842E-1
521	2.8419506E-1
676	2.84809856E-1
915	2.85550377E-1
564	2.86289972E-1
597	2.86649185E-1
554	2.86687383E-1
407	2.87343063E-1
467	2.88890514E-1
585	2.9006661E-1
763	2.91788831E-1
606	2.92542701E-1
72	2.93460859E-1
305	2.93620674E-1
328	2.93672246E-1
391	2.96243301E-1
878	2.96995018E-1
142	2.98135065E-1
890	2.98373694E-1
452	3.00269022E-1
491	3.01038121E-1
663	3.03503276E-1
498	3.03733709E-1
659	3.04258019E-1
183	3.04451072E-1
429	3.04857607E-1
134	3.06177572E-1
114	3.0626154E-1
390	3.0688585E-1
155	3.07201315E-1
126	3.07330957E-1
1008	3.07437186E-1
302	3.0763159E-1
437	3.08167359E-1
675	3.08924759E-1
772	3.09326921E-1
451	3.09588866E-1
572	3.10301545E-1
41	3.10513036E-1
823	3.10962514E-1
257	3.1174764E-1
797	3.12737728E-1
917	3.14738731E-1
792	3.15207458E-1
965	3.17470257E-1
0	3.18005067E-1
556	3.18871297E-1
379	3.20891403E-1
833	3.20975549E-1
24	3.21222425E-1
883	3.21562362E-1
505	3.23157251E-1
765	3.24060111E-1
888	3.24719232E-1
624	3.2552159E-1
927	3.25726305E-1
571	3.25773527E-1
228	3.28836779E-1
474	3.29120372E-1
469	3.29433815E-1
892	3.30055667E-1
495	3.30224501E-1
616	3.33289553E-1
1013	3.33310933E-1
315	3.33538267E-1
622	3.33939658E-1
14	3.35734456E-1
342	3.3667364E-1
829	3.36687476E-1
252	3.40543417E-1
436	3.41162409E-1
865	3.43808311E-1
558	3.43818098E-1
837	3.46063982E-1
707	3.46768739E-1
215	3.46912382E-1
907	3.47201033E-1
975	3.47558134E-1
863	3.4912465E-1
857	3.50879908E-1
60	3.51852846E-1
245	3.526555E-1
308	3.52936085E-1
864	3.53095092E-1
944	3.55249284E-1
454	3.57109292E-1
1000	3.57632374E-1
816	3.58988432E-1
240	3.59168735E-1
320	3.59824484E-1
566	3.60469671E-1
866	3.6110773E-1
817	3.61674158E-1
425	3.61769342E-1
396	3.62699189E-1
93	3.64074055E-1
619	3.67134987E-1
364	3.67251416E-1
27	3.67857195E-1
63	3.68331712E-1
237	3.70016173E-1
270	3.71467877E-1
216	3.7165068E-1
91	3.7282638E-1
614	3.73020321E-1
107	3.7305176E-1
455	3.7320848E-1
351	3.74063811E-1
518	3.7513252E-1
882	3.75701664E-1
296	3.76194893E-1
132	3.77083885E-1
716	3.77994487E-1
979	3.79499374E-1
958	3.80191566E-1
19	3.80935893E-1
311	3.81751276E-1
23	3.82007616E-1
147	3.86231015E-1
219	3.86382121E-1
683	3.87401433E-1
544	3.88067311E-1
87	3.88160224E-1
426	3.88559453E-1
165	3.9082007E-1
236	3.92548869E-1
840	3.92851669E-1
730	3.93079507E-1
662	3.93367202E-1
225	3.93939253E-1
374	3.94799855E-1
628	3.95266055E-1
363	3.95854463E-1
655	3.99071752E-1
18	3.99553256E-1
534	3.99922821E-1
367	4.00269288E-1
190	4.020407E-1
926	4.03028313E-1
789	4.03098589E-1
292	4.0319165E-1
861	4.03309398E-1
162	4.04245759E-1
541	4.05029942E-1
235	4.0661774E-1
255	4.08207029E-1
405	4.08304385E-1
844	4.11350658E-1
130	4.14158945E-1
848	4.15148073E-1
713	4.15171011E-1
732	4.15805101E-1
758	4.16242318E-1
955	4.16469372E-1
66	4.178186E-1
530	4.17994163E-1
331	4.20025495E-1
25	4.20693361E-1
6	4.21608407E-1
906	4.23685847E-1
656	4.24377901E-1
724	4.2452988E-1
952	4.2491008E-1
646	4.25364129E-1
9	4.25558957E-1
978	4.2637435E-1
42	4.26970688E-1
31	4.28497284E-1
870	4.28890067E-1
924	4.3056022E-1
278	4.32879899E-1
511	4.34174941E-1
889	4.35749489E-1
397	4.36390032E-1
406	4.3659531E-1
673	4.36924876E-1
318	4.3748907E-1
830	4.41147224E-1
197	4.41522639E-1
552	4.41688028E-1
665	4.42208469E-1
170	4.43869596E-1
550	4.44321521E-1
329	4.45101807E-1
921	4.45478178E-1
546	4.46012278E-1
766	4.46302615E-1
954	4.50629313E-1
721	4.51979998E-1
307	4.51990736E-1
786	4.52558831E-1
779	4.53154064E-1
224	4.54496168E-1
826	4.54717496E-1
638	4.55002673E-1
1010	4.57741932E-1
911	4.58537762E-1
923	4.58803882E-1
284	4.59444343E-1
182	4.60653645E-1
159	4.61671509E-1
749	4.61817269E-1
341	4.6313217E-1
630	4.70932304E-1
64	4.72552622E-1
49	4.72805361E-1
164	4.76227731E-1
181	4.7689221E-1
942	4.77001424E-1
970	4.77570863E-1
4	4.79884623E-1
275	4.80628586E-1
8	4.81237404E-1
828	4.8182014E-1
84	4.82445533E-1
579	4.82619691E-1
313	4.82678629E-1
77	4.82776658E-1
171	4.82844755E-1
608	4.83557801E-1
542	4.84771912E-1
410	4.85668765E-1
263	4.85779358E-1
213	4.86066176E-1
807	4.91020841E-1
200	4.91903715E-1
332	4.93054287E-1
261	4.95698633E-1
460	4.97743246E-1
207	4.98835651E-1
783	4.99026034E-1
790	5.00148171E-1
968	5.01500955E-1
485	5.03509146E-1
743	5.03754763E-1
697	5.07487323E-1
35	5.07663269E-1
709	5.08939201E-1
868	5.11143448E-1
631	5.11321055E-1
76	5.11606007E-1
479	5.11880884E-1
324	5.13523782E-1
195	5.14476281E-1
918	5.15263496E-1
262	5.19317619E-1
259	5.1978691E-1
274	5.211727E-1
618	5.21704409E-1
269	5.22171446E-1
543	5.22507308E-1
570	5.22662531E-1
304	5.23009322E-1
919	5.24837275E-1
383	5.26224875E-1
222	5.27844142E-1
992	5.28637937E-1
146	5.29238915E-1
353	5.29941104E-1
714	5.29999771E-1
678	5.34413629E-1
701	5.34603715E-1
294	5.35764901E-1
149	5.36249642E-1
875	5.3658235E-1
661	5.39235694E-1
347	5.39669171E-1
11	5.40421802E-1
862	5.4082968E-1
13	5.44301005E-1
135	5.44514213E-1
74	5.46090975E-1
125	5.46426272E-1
464	5.47265163E-1
976	5.47923669E-1
751	5.49238625E-1
343	5.49280384E-1
442	5.51449232E-1
439	5.52149109E-1
36	5.52232216E-1
741	5.53278226E-1
97	5.53500191E-1
335	5.53939664E-1
997	5.54946731E-1
712	5.55782381E-1
972	5.55831779E-1
81	5.58327297E-1
914	5.59471965E-1
136	5.597369E-1
191	5.62037853E-1
75	5.62110077E-1
940	5.62644668E-1
517	5.62833795E-1
346	5.63168385E-1
599	5.64844895E-1
80	5.66725243E-1
819	5.73373892E-1
83	5.73457454E-1
327	5.73878616E-1
408	5.75318317E-1
290	5.76240296E-1
943	5.76633321E-1
832	5.7670222E-1
415	5.76770773E-1
300	5.78223916E-1
800	5.78361711E-1
640	5.79576158E-1
971	5.80248707E-1
282	5.80560681E-1
103	5.82757711E-1
860	5.84369248E-1
549	5.85211217E-1
778	5.86006473E-1
462	5.86485347E-1
905	5.88493242E-1
527	5.88679196E-1
428	5.88722069E-1
514	5.89221013E-1
569	5.91966586E-1
801	5.92130278E-1
666	5.92617249E-1
166	5.92881682E-1
287	5.95037052E-1
62	5.95199613E-1
243	5.9631543E-1
501	5.97443878E-1
561	5.98792877E-1
869	6.02286462E-1
773	6.0313083E-1
264	6.03560007E-1
1001	6.0428022E-1
610	6.04740056E-1
422	6.0701245E-1
334	6.08544915E-1
272	6.10476152E-1
930	6.10889945E-1
233	6.11255795E-1
613	6.12969125E-1
161	6.13760346E-1
657	6.13917157E-1
447	6.17625462E-1
583	6.18831398E-1
502	6.19361E-1
990	6.19449328E-1
186	6.20695857E-1
540	6.22502413E-1
319	6.24520224E-1
199	6.24706137E-1
201	6.25865847E-1
643	6.26147064E-1
194	6.26324021E-1
925	6.2832E-1
635	6.29343364E-1
594	6.29706148E-1
626	6.32904386E-1
362	6.33078674E-1
196	6.33595965E-1
586	6.3439431E-1
568	6.35699326E-1
268	6.3734948E-1
581	6.38321929E-1
711	6.38916152E-1
211	6.39293633E-1
728	6.41403809E-1
298	6.41566279E-1
483	6.4185999E-1
184	6.43312611E-1
209	6.47446892E-1
448	6.47737217E-1
798	6.51103601E-1
893	6.53752049E-1
639	6.53945041E-1
781	6.54686509E-1
633	6.55168956E-1
777	6.56346976E-1
411	6.56377395E-1
105	6.57098922E-1
400	6.5741828E-1
129	6.5879009E-1
402	6.5960047E-1
116	6.60251663E-1
615	6.60425477E-1
584	6.60528489E-1
537	6.60979241E-1
385	6.61783582E-1
756	6.62145747E-1
960	6.6294085E-1
384	6.64532828E-1
449	6.64978693E-1
669	6.65957285E-1
234	6.66733448E-1
782	6.66836383E-1
945	6.68315516E-1
453	6.70414702E-1
167	6.71536079E-1
3	6.73789578E-1
592	6.76149175E-1
121	6.76641742E-1
516	6.77288694E-1
432	6.77765789E-1
279	6.77891368E-1
288	6.77965313E-1
896	6.80051619E-1
172	6.80174572E-1
445	6.81699844E-1
702	6.85242747E-1
481	6.88646068E-1
456	6.8869152E-1
654	6.88710128E-1
989	6.88764801E-1
434	6.89170062E-1
984	6.89871915E-1
409	6.89939138E-1
388	6.90334475E-1
854	6.93302346E-1
951	6.93938247E-1
674	6.95083533E-1
736	6.96482807E-1
226	6.96968477E-1
623	6.99907929E-1
969	7.0026824E-1
321	7.00611329E-1
974	7.01089326E-1
303	7.03158998E-1
418	7.03541347E-1
591	7.05120375E-1
587	7.05660556E-1
838	7.06045187E-1
664	7.06393354E-1
141	7.07655615E-1
289	7.08827364E-1
371	7.14495157E-1
413	7.14801508E-1
345	7.18014219E-1
96	7.19620631E-1
959	7.20288772E-1
931	7.20770158E-1
780	7.24368132E-1
58	7.27763451E-1
764	7.27860115E-1
796	7.28655944E-1
841	7.29009959E-1
808	7.29506842E-1
106	7.29726749E-1
696	7.30926349E-1
29	7.32739011E-1
412	7.33242128E-1
647	7.34050707E-1
835	7.36090666E-1
842	7.36413375E-1
271	7.37654943E-1
486	7.38898217E-1
333	7.39109849E-1
694	7.39111086E-1
1	7.40083398E-1
512	7.42010643E-1
836	7.43715757E-1
10	7.44281453E-1
265	7.44469183E-1
1020	7.4589288E-1
693	7.46113304E-1
652	7.4616119E-1
879	7.46393761E-1
565	7.47042346E-1
248	7.473462E-1
154	7.4814705E-1
143	7.48752879E-1
578	7.49153013E-1
690	7.49601755E-1
122	7.49839659E-1
68	7.4996877E-1
814	7.50458563E-1
85	7.50551731E-1
948	7.50812984E-1
637	7.52024362E-1
575	7.53190065E-1
377	7.55513771E-1
739	7.55949303E-1
769	7.56302915E-1
112	7.56883764E-1
947	7.5819792E-1
381	7.58277744E-1
688	7.59103246E-1
251	7.59343626E-1
223	7.59620655E-1
996	7.60630275E-1
176	7.62312997E-1
531	7.62543389E-1
523	7.63965453E-1
849	7.6468428E-1
158	7.65268286E-1
458	7.66342829E-1
519	7.66566648E-1
770	7.68753609E-1
681	7.6887182E-1
239	7.69585026E-1
118	7.6980444E-1
471	7.72695474E-1
746	7.72828807E-1
457	7.74678852E-1
1023	7.76261405E-1
53	7.76389061E-1
258	7.77840085E-1
423	7.81098658E-1
632	7.81908873E-1
767	7.82497937E-1
901	7.83882366E-1
506	7.83909397E-1
839	7.83930837E-1
463	7.85328792E-1
983	7.85719718E-1
644	7.85872423E-1
56	7.86477731E-1
468	7.87291804E-1
535	7.87419085E-1
1022	7.87668473E-1
928	7.87779721E-1
991	7.88286807E-1
679	7.89569736E-1
935	7.91033205E-1
982	7.93138072E-1
232	7.93191932E-1
38	7.93432684E-1
939	7.93793033E-1
593	7.94471784E-1
484	7.97105434E-1
440	8.00960133E-1
356	8.01123549E-1
47	8.04077455E-1
877	8.04732871E-1
203	8.05600033E-1
872	8.06272189E-1
438	8.06790758E-1
340	8.08414767E-1
873	8.08965366E-1
443	8.10220774E-1
580	8.10465011E-1
929	8.10735274E-1
336	8.10973086E-1
204	8.11514603E-1
5	8.12169868E-1
189	8.12206344E-1
169	8.12255216E-1
627	8.1289078E-1
886	8.16844924E-1
399	8.17707808E-1
682	8.18165449E-1
986	8.1978945E-1
793	8.20515749E-1
210	8.20619948E-1
574	8.21930614E-1
115	8.23360271E-1
695	8.24309456E-1
668	8.25102407E-1
148	8.25513977E-1
636	8.26317673E-1
748	8.29410769E-1
380	8.32391093E-1
139	8.33135855E-1
17	8.33307967E-1
488	8.33546659E-1
995	8.33583839E-1
365	8.35615084E-1
470	8.35929316E-1
722	8.36310234E-1
774	8.37648421E-1
887	8.39095863E-1
39	8.39206412E-1
187	8.42686868E-1
26	8.44696598E-1
427	8.44786145E-1
987	8.45182235E-1
478	8.45763322E-1
660	8.4766005E-1
177	8.47815835E-1
912	8.48022737E-1
109	8.49176698E-1
871	8.50637174E-1
301	8.51834306E-1
729	8.53673724E-1
153	8.53952327E-1
733	8.56209168E-1
717	8.56960552E-1
163	8.60149639E-1
401	8.63454529E-1
293	8.64046115E-1
788	8.64292287E-1
653	8.66620526E-1
825	8.68950673E-1
691	8.69783403E-1
202	8.70869844E-1
113	8.72198926E-1
20	8.72402172E-1
179	8.73356401E-1
645	8.73500681E-1
1011	8.73569703E-1
73	8.73829943E-1
496	8.75326449E-1
33	8.75493906E-1
718	8.75835618E-1
424	8.76096276E-1
609	8.78163844E-1
386	8.7993202E-1
312	8.80785123E-1
480	8.81166963E-1
941	8.8542674E-1
977	8.85696864E-1
111	8.85710675E-1
933	8.86093692E-1
752	8.87523864E-1
936	8.87717027E-1
359	8.87874492E-1
244	8.89736144E-1
723	8.90916012E-1
79	8.9165213E-1
45	8.92376559E-1
625	8.93126637E-1
433	8.94134636E-1
1003	8.94823075E-1
539	8.94915808E-1
1021	8.94989336E-1
355	8.95157066E-1
358	8.96414698E-1
306	8.97509558E-1
934	9.00919432E-1
745	9.04323451E-1
250	9.0448479E-1
493	9.04835323E-1
750	9.05577642E-1
513	9.08061797E-1
557	9.0806454E-1
874	9.09712165E-1
419	9.1039048E-1
185	9.10667206E-1
895	9.11708585E-1
127	9.12813077E-1
949	9.1353243E-1
818	9.13981277E-1
822	9.14823244E-1
325	9.14855775E-1
366	9.16459799E-1
487	9.18172159E-1
299	9.18713683E-1
101	9.19495038E-1
133	9.19537176E-1
994	9.22206956E-1
806	9.22705295E-1
137	9.24770292E-1
648	9.2490161E-1
492	9.25108743E-1
815	9.25523386E-1
44	9.26277169E-1
99	9.26574719E-1
998	9.26806206E-1
430	9.26816837E-1
1018	9.33503661E-1
1012	9.3368214E-1
1007	9.36535098E-1
417	9.38748984E-1
500	9.39654685E-1
40	9.40171335E-1
193	9.40477454E-1
295	9.41275904E-1
510	9.41462261E-1
217	9.43669493E-1
672	9.44881951E-1
685	9.45554002E-1
744	9.46380164E-1
1015	9.48801763E-1
894	9.5017877E-1
771	9.51371587E-1
898	9.53500761E-1
846	9.54623681E-1
466	9.54803366E-1
173	9.55826363E-1
985	9.56055529E-1
596	9.56562191E-1
108	9.5683788E-1
804	9.57136023E-1
497	9.59614208E-1
323	9.60091769E-1
124	9.60609985E-1
242	9.62491758E-1
603	9.63052132E-1
509	9.63199976E-1
21	9.63239285E-1
392	9.64570946E-1
726	9.66553696E-1
576	9.67075577E-1
198	9.67209191E-1
249	9.67367508E-1
775	9.67664586E-1
123	9.67860199E-1
70	9.70006318E-1
1005	9.70650689E-1
847	9.71370698E-1
286	9.71590656E-1
715	9.71700088E-1
52	9.72147383E-1
824	9.7245655E-1
704	9.73494225E-1
450	9.73915942E-1
859	9.74792109E-1
1006	9.75393819E-1
1004	9.76914165E-1
421	9.80747023E-1
916	9.83170391E-1
78	9.84732176E-1
520	9.85094868E-1
725	9.8560576E-1
536	9.88909666E-1
316	9.9013424E-1
811	9.90194811E-1
2	9.90948253E-1
94	9.91467215E-1
642	9.92092814E-1
100	9.93048831E-1
843	9.94099892E-1
548	9.94414578E-1
604	9.94619203E-1
595	9.94810689E-1
727	9.96003874E-1
1019	9.96035275E-1
368	9.97208047E-1
88	9.99195492E-1
291	9.99231906E-1
562	9.99390915E-1
373	9.99391405E-1
899	9.99978457E-1
