Name	chi2Pvalue
41	9.68352738E-4
962	1.52633036E-3
552	3.44960603E-3
735	5.40943207E-3
227	9.34919093E-3
584	9.88303105E-3
999	1.00625859E-2
878	1.46249912E-2
186	1.47538746E-2
778	1.75217055E-2
671	1.81233237E-2
562	2.01374324E-2
238	2.1350588E-2
259	2.20730695E-2
540	2.30433485E-2
245	2.41090725E-2
51	2.42181619E-2
474	2.42901119E-2
234	2.46751013E-2
513	2.47528016E-2
396	2.56622982E-2
15	2.80918413E-2
695	2.815166E-2
826	2.86244593E-2
119	2.87023861E-2
731	2.92113682E-2
144	2.95049422E-2
296	2.99392866E-2
677	3.12399339E-2
676	3.20457931E-2
470	3.44868884E-2
529	3.45762313E-2
965	3.45903116E-2
248	3.51913213E-2
71	3.54598451E-2
759	3.56017111E-2
361	3.59121483E-2
983	3.65101318E-2
340	3.66689085E-2
891	3.67715892E-2
551	3.70771707E-2
909	3.74313862E-2
376	3.9830947E-2
897	4.04055945E-2
476	4.17821374E-2
13	4.20564727E-2
417	4.219453E-2
946	4.33143863E-2
728	4.38672879E-2
560	4.41772088E-2
522	4.47169729E-2
466	4.47244988E-2
976	4.49653956E-2
591	4.72787144E-2
18	4.78372808E-2
501	4.79168667E-2
722	4.91107727E-2
44	4.96956799E-2
60	5.03832464E-2
836	5.10796164E-2
45	5.13452721E-2
699	5.35071974E-2
479	5.42473812E-2
407	5.5598321E-2
992	5.60692633E-2
764	5.74621151E-2
840	5.84550425E-2
292	6.01589816E-2
969	6.37757856E-2
964	6.4635944E-2
468	6.50140749E-2
744	6.50673622E-2
146	6.57943021E-2
592	6.6911248E-2
30	6.89204737E-2
711	6.92827942E-2
745	7.09491652E-2
727	7.20133064E-2
960	7.26968742E-2
856	7.34681076E-2
989	7.51822274E-2
366	7.59735221E-2
916	7.61246294E-2
915	7.72580989E-2
431	7.83937574E-2
243	7.8752024E-2
538	7.9478348E-2
719	8.08074427E-2
1001	8.15052214E-2
600	8.19873262E-2
949	8.23858241E-2
798	8.24507962E-2
526	8.38965343E-2
528	8.46370678E-2
291	8.47941025E-2
882	8.50406034E-2
308	8.5314883E-2
326	8.64948097E-2
459	8.65429106E-2
496	8.69320622E-2
500	8.79396927E-2
879	8.82540763E-2
317	9.10988764E-2
971	9.19159779E-2
661	9.36829548E-2
556	9.39168129E-2
502	9.42290931E-2
747	9.42371094E-2
855	9.50934648E-2
673	9.5915924E-2
714	9.63798173E-2
812	9.70486905E-2
981	9.73130255E-2
409	9.77670267E-2
200	9.85361129E-2
39	9.96175583E-2
101	1.00257924E-1
850	1.00657475E-1
559	1.01835551E-1
104	1.02131193E-1
554	1.02244793E-1
270	1.02514375E-1
800	1.03485284E-1
975	1.04218111E-1
525	1.04376325E-1
339	1.04667842E-1
847	1.05163234E-1
894	1.05261834E-1
939	1.05472862E-1
430	1.07033815E-1
73	1.07701376E-1
354	1.07874343E-1
272	1.08231158E-1
107	1.08945549E-1
666	1.09424414E-1
839	1.10903505E-1
390	1.13179911E-1
81	1.14224754E-1
777	1.14580991E-1
1008	1.14586402E-1
310	1.15032769E-1
707	1.16365527E-1
657	1.18137215E-1
240	1.18277931E-1
43	1.18465497E-1
873	1.19260989E-1
465	1.19550259E-1
689	1.20030193E-1
159	1.21851647E-1
371	1.22554394E-1
357	1.25075562E-1
147	1.25100861E-1
667	1.25110447E-1
152	1.26461213E-1
416	1.2684716E-1
190	1.26938994E-1
698	1.2808315E-1
579	1.28453725E-1
445	1.28617114E-1
424	1.28907105E-1
730	1.29248026E-1
647	1.30056109E-1
995	1.30668369E-1
953	1.33122111E-1
980	1.33132748E-1
221	1.35217152E-1
773	1.35605151E-1
843	1.38734777E-1
69	1.39528194E-1
80	1.40918062E-1
271	1.41283158E-1
113	1.4662997E-1
55	1.4690111E-1
410	1.48988251E-1
888	1.50776494E-1
242	1.50935658E-1
418	1.5125475E-1
65	1.51893011E-1
603	1.52426349E-1
111	1.53303714E-1
480	1.55313303E-1
775	1.5813149E-1
757	1.58639317E-1
923	1.60719749E-1
177	1.60765986E-1
908	1.61811354E-1
463	1.62032037E-1
750	1.64455405E-1
217	1.64705914E-1
782	1.6494819E-1
663	1.66050571E-1
467	1.66250107E-1
846	1.66739064E-1
495	1.67377051E-1
367	1.69436067E-1
219	1.69615833E-1
810	1.70803522E-1
710	1.71491666E-1
402	1.73602481E-1
530	1.73624534E-1
54	1.7489608E-1
586	1.76114945E-1
84	1.77055753E-1
262	1.83153141E-1
547	1.85598579E-1
729	1.86133407E-1
823	1.87065817E-1
489	1.89520198E-1
160	1.91364383E-1
539	1.91910116E-1
802	1.92002231E-1
205	1.92505956E-1
36	1.93238724E-1
638	1.9359629E-1
307	1.94468451E-1
260	1.95552137E-1
791	1.96096258E-1
53	1.96304913E-1
705	1.96894111E-1
787	1.98602691E-1
613	1.9905278E-1
578	1.99091756E-1
567	2.00129952E-1
322	2.00238813E-1
161	2.04445521E-1
266	2.05451097E-1
451	2.05551866E-1
1011	2.06761685E-1
533	2.07745081E-1
799	2.0948523E-1
930	2.11129299E-1
852	2.12970695E-1
575	2.12977797E-1
987	2.13850804E-1
732	2.14369534E-1
163	2.1514217E-1
134	2.16275187E-1
199	2.16877992E-1
945	2.16957918E-1
494	2.17194001E-1
415	2.17242205E-1
176	2.17561069E-1
901	2.1775341E-1
372	2.18653008E-1
825	2.18927738E-1
380	2.19499682E-1
7	2.196912E-1
955	2.2000572E-1
83	2.20296904E-1
212	2.20372325E-1
87	2.20720697E-1
646	2.23522731E-1
642	2.255772E-1
587	2.25580104E-1
503	2.26707532E-1
558	2.28114564E-1
312	2.28302324E-1
858	2.31243559E-1
269	2.32156635E-1
883	2.32488865E-1
332	2.33663313E-1
645	2.34088307E-1
420	2.34136083E-1
29	2.3565148E-1
389	2.3571848E-1
166	2.3626715E-1
606	2.37032052E-1
504	2.37034041E-1
1004	2.38967373E-1
368	2.39255908E-1
776	2.39399764E-1
842	2.41603012E-1
246	2.4219912E-1
314	2.43380002E-1
519	2.45435755E-1
373	2.45924544E-1
607	2.4651555E-1
318	2.48578612E-1
886	2.49362489E-1
784	2.50780515E-1
829	2.50846969E-1
19	2.52257352E-1
580	2.52517208E-1
100	2.53033341E-1
563	2.5335147E-1
874	2.54196356E-1
204	2.55567037E-1
694	2.56148106E-1
704	2.60354636E-1
748	2.60642313E-1
869	2.63966506E-1
386	2.65659877E-1
123	2.65919754E-1
961	2.66802912E-1
974	2.67493111E-1
469	2.67754181E-1
305	2.69080734E-1
35	2.69670638E-1
783	2.73441558E-1
289	2.74289489E-1
191	2.75755809E-1
972	2.75846828E-1
433	2.76175772E-1
325	2.77653006E-1
184	2.81511035E-1
900	2.82167815E-1
948	2.83789244E-1
996	2.84289413E-1
79	2.85147219E-1
344	2.86029691E-1
335	2.86687193E-1
444	2.89242651E-1
725	2.90258368E-1
507	2.90932315E-1
582	2.9400039E-1
665	2.95900114E-1
374	2.96144178E-1
651	2.96727025E-1
925	2.99538642E-1
903	3.00281636E-1
924	3.00462243E-1
885	3.00905531E-1
854	3.01363606E-1
20	3.03762533E-1
423	3.03902574E-1
173	3.04209426E-1
541	3.05573093E-1
139	3.06123453E-1
641	3.06409679E-1
328	3.06572021E-1
984	3.06860602E-1
75	3.07158071E-1
620	3.08875547E-1
341	3.09090425E-1
333	3.09487335E-1
439	3.10184767E-1
555	3.10491242E-1
566	3.11122539E-1
545	3.13223381E-1
224	3.1323036E-1
864	3.13944563E-1
162	3.15326846E-1
913	3.18805465E-1
937	3.20929768E-1
446	3.2220617E-1
475	3.2242842E-1
303	3.22451495E-1
460	3.2256915E-1
910	3.2266632E-1
27	3.22722444E-1
583	3.22905294E-1
527	3.24010118E-1
114	3.24903246E-1
282	3.25937342E-1
405	3.28969775E-1
820	3.29087234E-1
616	3.2980503E-1
912	3.2985337E-1
813	3.3017903E-1
22	3.30452661E-1
490	3.30689186E-1
395	3.3096188E-1
492	3.33038472E-1
155	3.34256134E-1
364	3.36447474E-1
252	3.36656131E-1
517	3.37112307E-1
623	3.39178486E-1
803	3.39343843E-1
742	3.39915706E-1
848	3.40696633E-1
687	3.43282506E-1
351	3.46384587E-1
853	3.47829946E-1
180	3.48468192E-1
1007	3.50034614E-1
553	3.53131775E-1
822	3.54848331E-1
488	3.56210004E-1
436	3.56489681E-1
394	3.60127006E-1
596	3.61145626E-1
297	3.64854451E-1
450	3.66485358E-1
902	3.66585877E-1
116	3.68336272E-1
461	3.68489667E-1
62	3.68900913E-1
917	3.70702783E-1
1020	3.70743338E-1
951	3.72431498E-1
94	3.72586226E-1
5	3.73556989E-1
112	3.73590195E-1
837	3.73830947E-1
164	3.74320974E-1
510	3.74440328E-1
285	3.74458065E-1
40	3.7652908E-1
117	3.78297954E-1
914	3.78342999E-1
546	3.79082581E-1
99	3.79534474E-1
182	3.79606573E-1
216	3.80279102E-1
91	3.8070372E-1
401	3.81163349E-1
594	3.83057554E-1
610	3.84745326E-1
751	3.85342933E-1
59	3.86835494E-1
571	3.90527745E-1
832	3.91457942E-1
520	3.92197718E-1
359	3.93647439E-1
615	3.93929827E-1
309	3.94290375E-1
781	3.98975278E-1
632	3.99086479E-1
634	3.99240215E-1
887	4.00019529E-1
611	4.02202421E-1
532	4.03412291E-1
383	4.05234844E-1
811	4.0613899E-1
868	4.07482912E-1
921	4.0761482E-1
1021	4.09495236E-1
979	4.10200245E-1
181	4.11569333E-1
89	4.12572854E-1
287	4.13507033E-1
327	4.14673191E-1
718	4.15887333E-1
808	4.1610984E-1
637	4.16418634E-1
806	4.1650783E-1
220	4.17987289E-1
928	4.18838814E-1
206	4.19630396E-1
174	4.19921443E-1
640	4.19985817E-1
203	4.20134637E-1
16	4.22692565E-1
831	4.22887036E-1
258	4.23834684E-1
0	4.26984177E-1
118	4.27462927E-1
922	4.28374392E-1
241	4.29235346E-1
1015	4.31037802E-1
871	4.31046334E-1
740	4.31972503E-1
933	4.32206952E-1
295	4.32240717E-1
197	4.32419251E-1
605	4.32809733E-1
360	4.32955925E-1
429	4.33717675E-1
140	4.35727182E-1
505	4.36675797E-1
770	4.37650032E-1
17	4.40818055E-1
743	4.41208448E-1
557	4.41319093E-1
574	4.42395011E-1
449	4.43730761E-1
290	4.44088757E-1
9	4.44646849E-1
1000	4.46221177E-1
32	4.46985371E-1
807	4.48272015E-1
353	4.49856134E-1
237	4.50804015E-1
814	4.50991429E-1
564	4.51709358E-1
696	4.52126743E-1
954	4.52347486E-1
658	4.5419104E-1
512	4.56532348E-1
167	4.57399337E-1
442	4.58115786E-1
963	4.58877256E-1
712	4.59088177E-1
604	4.59360967E-1
685	4.60863811E-1
136	4.60912754E-1
1013	4.60951078E-1
63	4.61934731E-1
697	4.63110418E-1
865	4.6402808E-1
628	4.64657849E-1
300	4.66061611E-1
675	4.66331506E-1
733	4.68232998E-1
208	4.69021106E-1
524	4.71032857E-1
622	4.71298696E-1
597	4.71447668E-1
1006	4.72607595E-1
21	4.73634322E-1
256	4.75468306E-1
398	4.78338165E-1
6	4.78536905E-1
967	4.80589579E-1
414	4.81995197E-1
49	4.83218103E-1
1012	4.83742959E-1
570	4.84439403E-1
255	4.86686671E-1
179	4.88925803E-1
652	4.89527705E-1
788	4.89801326E-1
31	4.90178217E-1
393	4.92556656E-1
835	4.93009112E-1
785	4.9360123E-1
769	4.9438669E-1
958	4.95181829E-1
132	4.95486231E-1
50	4.96093367E-1
754	4.97227933E-1
631	4.9734346E-1
157	4.99277897E-1
625	5.00065663E-1
683	5.00080214E-1
643	5.01936129E-1
183	5.02079339E-1
316	5.04959223E-1
794	5.05777936E-1
192	5.0714846E-1
78	5.08496244E-1
149	5.08967754E-1
12	5.11741343E-1
484	5.11766767E-1
569	5.12365579E-1
828	5.15268156E-1
263	5.17591329E-1
627	5.18533601E-1
375	5.19391491E-1
350	5.2194871E-1
346	5.22599973E-1
523	5.2318216E-1
780	5.26587039E-1
381	5.27750797E-1
514	5.28407833E-1
235	5.28585367E-1
304	5.28736475E-1
222	5.29722244E-1
454	5.317072E-1
264	5.31962708E-1
859	5.34488997E-1
635	5.34589281E-1
135	5.3542302E-1
664	5.36063673E-1
1002	5.36357456E-1
411	5.38266574E-1
723	5.3836084E-1
660	5.39687071E-1
406	5.3992107E-1
497	5.40965394E-1
125	5.43062966E-1
141	5.43340167E-1
779	5.44956294E-1
102	5.45281481E-1
790	5.45742492E-1
674	5.47390325E-1
708	5.4789907E-1
993	5.48229345E-1
382	5.48919638E-1
391	5.49769984E-1
990	5.49973172E-1
131	5.50120764E-1
624	5.52232349E-1
124	5.56350223E-1
85	5.58245148E-1
772	5.58749369E-1
342	5.5983511E-1
608	5.60103981E-1
286	5.60430593E-1
66	5.63413076E-1
422	5.63552018E-1
130	5.63716734E-1
441	5.64325051E-1
247	5.67356656E-1
294	5.69948311E-1
320	5.7042818E-1
515	5.7153623E-1
668	5.71540977E-1
319	5.7268399E-1
973	5.72806926E-1
899	5.73209567E-1
218	5.74253522E-1
536	5.7434172E-1
434	5.74829198E-1
57	5.75000318E-1
428	5.77189783E-1
108	5.77353516E-1
302	5.77380801E-1
348	5.77987812E-1
1	5.79333383E-1
860	5.80750833E-1
72	5.81933402E-1
315	5.83273394E-1
827	5.83629424E-1
653	5.85267011E-1
299	5.85515171E-1
95	5.86884286E-1
193	5.87056943E-1
352	5.87853375E-1
734	5.88372998E-1
752	5.88646453E-1
680	5.89110236E-1
261	5.90515913E-1
833	5.91938084E-1
593	5.94381063E-1
478	5.95158134E-1
602	5.96337343E-1
301	5.96487391E-1
881	5.97053632E-1
426	5.99790387E-1
384	6.03293532E-1
400	6.03984342E-1
115	6.04924109E-1
2	6.05465193E-1
109	6.06490451E-1
158	6.06779435E-1
521	6.06937606E-1
86	6.08388413E-1
929	6.09083566E-1
293	6.09876369E-1
76	6.11471571E-1
821	6.11739305E-1
232	6.15499069E-1
168	6.16213579E-1
481	6.19612478E-1
588	6.19639157E-1
370	6.19832332E-1
455	6.19937212E-1
845	6.21266887E-1
250	6.21812773E-1
809	6.26095194E-1
106	6.26346071E-1
601	6.27426377E-1
47	6.2812743E-1
617	6.29604095E-1
313	6.3050615E-1
150	6.31233342E-1
1018	6.31439241E-1
684	6.32611576E-1
24	6.33443847E-1
413	6.34224412E-1
956	6.34408043E-1
795	6.34692105E-1
672	6.35259294E-1
690	6.3539781E-1
966	6.35897162E-1
207	6.36469308E-1
938	6.36807578E-1
935	6.38723245E-1
896	6.39196122E-1
763	6.41656381E-1
706	6.41949987E-1
225	6.44339074E-1
767	6.46415109E-1
153	6.46479813E-1
534	6.46633263E-1
64	6.47010026E-1
68	6.47210433E-1
978	6.47213462E-1
801	6.47289669E-1
171	6.47911185E-1
432	6.49614666E-1
273	6.51364506E-1
618	6.56132381E-1
145	6.56163415E-1
169	6.57967276E-1
276	6.58159307E-1
877	6.61904937E-1
397	6.62007849E-1
766	6.62450735E-1
866	6.63663401E-1
926	6.64359848E-1
682	6.66275013E-1
509	6.66938492E-1
198	6.6706049E-1
629	6.67903959E-1
437	6.71245707E-1
38	6.71310566E-1
736	6.7147852E-1
438	6.71541549E-1
404	6.73855743E-1
726	6.73956423E-1
399	6.75692965E-1
453	6.78906558E-1
927	6.80070536E-1
128	6.83852632E-1
614	6.85593843E-1
755	6.8560584E-1
10	6.88468648E-1
700	6.88769193E-1
42	6.92051247E-1
452	6.9359843E-1
321	6.93629199E-1
148	6.9418935E-1
202	6.94793979E-1
516	6.96149404E-1
721	6.9881197E-1
876	6.99824656E-1
669	7.0116715E-1
508	7.02066366E-1
934	7.03138842E-1
892	7.03160153E-1
392	7.03951976E-1
56	7.0432136E-1
737	7.05112964E-1
98	7.0619183E-1
863	7.0781079E-1
741	7.13234934E-1
385	7.13662942E-1
443	7.13720069E-1
96	7.14314765E-1
268	7.15308207E-1
103	7.15645355E-1
25	7.18724357E-1
143	7.21374482E-1
867	7.22417531E-1
724	7.24454175E-1
549	7.25131466E-1
23	7.25389241E-1
599	7.29732415E-1
229	7.29843055E-1
122	7.30592667E-1
548	7.32007035E-1
861	7.33612924E-1
639	7.33964718E-1
284	7.34482837E-1
792	7.34756195E-1
58	7.35022861E-1
92	7.35410701E-1
121	7.36115805E-1
994	7.36454806E-1
485	7.36907433E-1
189	7.37970225E-1
796	7.38249241E-1
612	7.38961103E-1
493	7.39677763E-1
499	7.39763121E-1
543	7.42664146E-1
619	7.4304717E-1
448	7.43355268E-1
440	7.44207764E-1
331	7.44444803E-1
720	7.46861734E-1
275	7.47029273E-1
762	7.47067717E-1
670	7.4766926E-1
356	7.48849045E-1
904	7.48972678E-1
4	7.49932425E-1
338	7.51083748E-1
1014	7.5484362E-1
988	7.5784127E-1
715	7.58203692E-1
196	7.59517963E-1
37	7.60138431E-1
561	7.61468736E-1
577	7.62289788E-1
997	7.62482015E-1
421	7.63119182E-1
427	7.6486774E-1
34	7.67431632E-1
355	7.67934033E-1
841	7.689141E-1
127	7.71307489E-1
648	7.7478416E-1
872	7.77032374E-1
765	7.77981334E-1
942	7.78440729E-1
982	7.78546138E-1
28	7.79209845E-1
890	7.79218978E-1
542	7.81719985E-1
849	7.82151389E-1
834	7.82367443E-1
774	7.82634761E-1
679	7.82757581E-1
819	7.83351508E-1
968	7.87079725E-1
940	7.87406432E-1
110	7.89293158E-1
472	7.92554664E-1
387	7.9313077E-1
771	7.93626606E-1
142	7.94512269E-1
279	7.95130612E-1
905	7.96064077E-1
329	7.96258006E-1
298	8.00059021E-1
257	8.01320032E-1
1003	8.02279E-1
138	8.03411393E-1
97	8.0512769E-1
932	8.07248072E-1
838	8.07447405E-1
786	8.07488316E-1
457	8.09354433E-1
288	8.10679652E-1
506	8.1079169E-1
82	8.10849194E-1
895	8.11109639E-1
349	8.12219213E-1
254	8.12262364E-1
568	8.13641292E-1
388	8.14419083E-1
277	8.14770143E-1
862	8.15121905E-1
595	8.16295424E-1
572	8.16750256E-1
170	8.19333014E-1
758	8.19898963E-1
14	8.20250043E-1
129	8.21619463E-1
187	8.27648081E-1
760	8.28087556E-1
518	8.281118E-1
644	8.28812621E-1
573	8.28917898E-1
985	8.29065114E-1
691	8.29686207E-1
435	8.29995118E-1
172	8.3009662E-1
919	8.3087748E-1
239	8.31919265E-1
67	8.326296E-1
944	8.32952978E-1
267	8.33356401E-1
630	8.35770905E-1
185	8.36498086E-1
692	8.38317776E-1
693	8.38541011E-1
655	8.39351309E-1
824	8.39599523E-1
911	8.4041284E-1
544	8.40698998E-1
456	8.41605383E-1
565	8.43293734E-1
713	8.43372212E-1
487	8.43453862E-1
403	8.43966059E-1
959	8.44963128E-1
589	8.46217634E-1
462	8.46414269E-1
511	8.47836191E-1
209	8.48206652E-1
717	8.49088083E-1
931	8.49123462E-1
498	8.4964487E-1
889	8.49681169E-1
1016	8.50684237E-1
425	8.5072475E-1
749	8.54088386E-1
761	8.54953538E-1
491	8.56346009E-1
550	8.57609565E-1
998	8.58720285E-1
74	8.59374272E-1
957	8.59442755E-1
311	8.63487897E-1
236	8.63611012E-1
936	8.63785792E-1
650	8.64324476E-1
223	8.64564185E-1
70	8.6582441E-1
805	8.65921066E-1
306	8.67138818E-1
531	8.68283952E-1
365	8.70479639E-1
738	8.70782661E-1
702	8.71031434E-1
483	8.71247969E-1
280	8.71620777E-1
793	8.7198733E-1
952	8.72339931E-1
377	8.72554702E-1
709	8.73005475E-1
188	8.73273261E-1
991	8.74177542E-1
659	8.76156493E-1
815	8.76510628E-1
986	8.76623793E-1
880	8.77293635E-1
581	8.79012925E-1
739	8.79034982E-1
598	8.79508735E-1
363	8.7977027E-1
249	8.81234358E-1
636	8.84751312E-1
343	8.85368327E-1
281	8.85477658E-1
678	8.85694943E-1
768	8.86404199E-1
358	8.87528769E-1
77	8.88500226E-1
213	8.88736333E-1
412	8.90017792E-1
830	8.90591252E-1
907	8.91015292E-1
486	8.94723768E-1
226	8.96532417E-1
330	8.97225698E-1
626	8.97661223E-1
464	8.986924E-1
211	8.98897291E-1
274	8.99603401E-1
576	9.00362833E-1
471	9.00565225E-1
337	9.02329561E-1
818	9.02603888E-1
633	9.05129051E-1
323	9.06151407E-1
656	9.06643671E-1
265	9.0698422E-1
535	9.07183092E-1
52	9.08215832E-1
105	9.08454297E-1
482	9.08987028E-1
175	9.10221459E-1
214	9.10895134E-1
133	9.1310874E-1
46	9.15282871E-1
875	9.16565642E-1
195	9.17781138E-1
1023	9.19481746E-1
1005	9.19601641E-1
746	9.20768202E-1
3	9.21003284E-1
1009	9.2155643E-1
701	9.23469476E-1
378	9.23649822E-1
228	9.25592808E-1
662	9.26020174E-1
756	9.26457234E-1
33	9.26633661E-1
688	9.27924536E-1
537	9.30131213E-1
447	9.30157482E-1
244	9.31557911E-1
345	9.32085698E-1
408	9.32108276E-1
857	9.32727201E-1
716	9.35259575E-1
1022	9.35570374E-1
11	9.37337233E-1
251	9.42392478E-1
585	9.42795961E-1
703	9.43539806E-1
137	9.44430799E-1
201	9.46239465E-1
156	9.46467017E-1
654	9.48600082E-1
789	9.49017761E-1
950	9.49310567E-1
93	9.49607971E-1
609	9.5194831E-1
906	9.52095866E-1
898	9.53763637E-1
851	9.54698977E-1
1010	9.59041026E-1
210	9.59553238E-1
61	9.59584233E-1
379	9.59641748E-1
278	9.60450909E-1
194	9.61238966E-1
941	9.6143106E-1
165	9.63692686E-1
970	9.64286417E-1
870	9.67148997E-1
686	9.67370346E-1
90	9.69222494E-1
649	9.71305592E-1
893	9.71495122E-1
347	9.74011207E-1
362	9.74153339E-1
231	9.74309456E-1
419	9.7542228E-1
797	9.75441243E-1
336	9.77715492E-1
817	9.78157727E-1
473	9.80332441E-1
753	9.81263472E-1
233	9.81483596E-1
844	9.81673736E-1
253	9.82365539E-1
230	9.8283363E-1
884	9.82905249E-1
1019	9.84466656E-1
48	9.84723363E-1
621	9.85837552E-1
918	9.87703878E-1
215	9.88713797E-1
681	9.88796772E-1
458	9.905569E-1
947	9.90758484E-1
26	9.90923831E-1
8	9.91208079E-1
324	9.91495684E-1
477	9.92708648E-1
178	9.93347045E-1
334	9.94534242E-1
120	9.94831874E-1
977	9.95754321E-1
126	9.95951225E-1
151	9.96601682E-1
943	9.96986637E-1
1017	9.97037232E-1
154	9.97154757E-1
816	9.9826593E-1
804	9.99115514E-1
88	9.99532678E-1
