Name	chi2Pvalue
231	1.04054095E-3
78	1.25338596E-3
349	2.00700729E-3
220	3.29531012E-3
860	4.09639027E-3
904	4.22779332E-3
370	4.89569891E-3
656	5.49602796E-3
847	5.57196535E-3
522	5.5793382E-3
1000	6.34608066E-3
820	9.87686561E-3
174	1.01040731E-2
745	1.03119726E-2
558	1.04714258E-2
176	1.05460297E-2
948	1.14680314E-2
224	1.27783333E-2
750	1.52206709E-2
846	1.60966018E-2
684	1.70024056E-2
79	1.91456122E-2
697	2.03688472E-2
529	2.09679458E-2
446	2.11371456E-2
863	2.16786408E-2
184	2.17239172E-2
29	2.41030295E-2
555	2.47192925E-2
119	2.47738706E-2
955	2.57455544E-2
480	2.62990635E-2
51	2.65279165E-2
774	2.82363562E-2
677	2.82956937E-2
913	2.87931091E-2
575	2.95118746E-2
18	2.98393414E-2
150	3.0515822E-2
894	3.22022706E-2
424	3.42163067E-2
406	3.45785403E-2
608	3.70910875E-2
484	3.7476236E-2
838	3.86349101E-2
468	3.97121441E-2
171	4.03772303E-2
1012	4.24064312E-2
737	4.3663586E-2
198	4.41880067E-2
910	4.47898664E-2
429	4.49253024E-2
257	4.65058774E-2
398	4.65936592E-2
799	4.73756855E-2
976	4.80990358E-2
848	4.97741515E-2
147	5.15067416E-2
740	5.20222106E-2
743	5.27569006E-2
953	5.38431547E-2
591	5.43289909E-2
517	5.60124989E-2
785	5.60978211E-2
592	5.61564807E-2
794	5.67954258E-2
538	5.70889055E-2
294	5.93626212E-2
408	6.11486949E-2
578	6.29553681E-2
139	6.39873557E-2
770	6.50450535E-2
59	6.59971611E-2
82	6.61300882E-2
200	6.67396079E-2
405	6.7648331E-2
515	6.82744975E-2
193	6.83447574E-2
118	6.8619863E-2
502	6.86441494E-2
61	7.03439698E-2
65	7.07225246E-2
380	7.29317646E-2
297	7.30729842E-2
316	7.35679925E-2
267	7.47031207E-2
962	7.48807114E-2
236	7.53558903E-2
603	7.64944045E-2
730	7.99207968E-2
858	8.02780315E-2
74	8.11255191E-2
890	8.32808487E-2
299	8.33275014E-2
136	8.39347539E-2
705	8.41379985E-2
111	8.5798283E-2
577	8.58297035E-2
435	8.94191649E-2
239	8.9842746E-2
569	9.04029583E-2
440	9.11125668E-2
983	9.25884611E-2
664	9.34463428E-2
994	9.40460741E-2
700	9.42042977E-2
195	9.46989475E-2
22	9.6202608E-2
145	9.66751545E-2
493	9.7027968E-2
223	9.73000503E-2
467	9.88773165E-2
1003	9.93354928E-2
501	1.0009407E-1
871	1.01652386E-1
883	1.01890147E-1
876	1.02448548E-1
519	1.0333649E-1
836	1.03726875E-1
606	1.04499732E-1
42	1.04592123E-1
643	1.07055195E-1
635	1.08090449E-1
124	1.09562348E-1
290	1.10903928E-1
613	1.11275576E-1
186	1.14114008E-1
138	1.15460661E-1
636	1.16124316E-1
66	1.1617638E-1
75	1.17234824E-1
253	1.1732264E-1
505	1.18101287E-1
287	1.18503059E-1
506	1.18792428E-1
747	1.19883188E-1
701	1.20512546E-1
748	1.23759238E-1
15	1.26253205E-1
728	1.26582616E-1
273	1.26716856E-1
229	1.273684E-1
385	1.31641959E-1
653	1.32721747E-1
99	1.32892843E-1
645	1.33367097E-1
619	1.33607234E-1
69	1.34362866E-1
320	1.3466862E-1
893	1.35979868E-1
993	1.36232408E-1
113	1.38587345E-1
554	1.41637334E-1
731	1.41948103E-1
918	1.43741817E-1
324	1.4451112E-1
807	1.46072268E-1
53	1.47000683E-1
806	1.47034265E-1
882	1.4790233E-1
417	1.47980712E-1
131	1.49481779E-1
879	1.50753356E-1
291	1.5262526E-1
759	1.52793886E-1
672	1.54249436E-1
44	1.56051195E-1
633	1.56189858E-1
802	1.57206994E-1
360	1.57609459E-1
404	1.58081739E-1
121	1.58320272E-1
173	1.59760139E-1
71	1.60524458E-1
984	1.60876417E-1
865	1.62308089E-1
711	1.62588657E-1
336	1.62870563E-1
98	1.63445426E-1
706	1.64075362E-1
26	1.66932401E-1
303	1.67891615E-1
718	1.68196441E-1
418	1.69061852E-1
782	1.69387025E-1
23	1.6954434E-1
254	1.7008323E-1
999	1.70229799E-1
813	1.72477268E-1
702	1.72711691E-1
492	1.74708562E-1
844	1.75620185E-1
50	1.78633513E-1
352	1.78944951E-1
382	1.79402359E-1
68	1.80370315E-1
371	1.80390852E-1
394	1.80417066E-1
103	1.80886738E-1
456	1.81857389E-1
772	1.83044444E-1
992	1.85245867E-1
396	1.85694709E-1
907	1.86620212E-1
565	1.8715653E-1
795	1.90582384E-1
869	1.90963462E-1
611	1.92688217E-1
914	1.94279187E-1
314	1.95994296E-1
110	2.00385741E-1
929	2.00589025E-1
696	2.01608857E-1
928	2.0203886E-1
722	2.02605838E-1
551	2.02824578E-1
943	2.06520713E-1
403	2.07170745E-1
321	2.08373846E-1
472	2.12204887E-1
556	2.13595485E-1
476	2.13898848E-1
338	2.14205635E-1
640	2.1469533E-1
600	2.16533247E-1
87	2.17300917E-1
856	2.18195021E-1
55	2.19745009E-1
584	2.20053234E-1
580	2.21137481E-1
791	2.21257628E-1
777	2.21498646E-1
714	2.21788097E-1
358	2.22730311E-1
328	2.22904897E-1
9	2.22905805E-1
344	2.23476186E-1
125	2.23686838E-1
372	2.24016115E-1
733	2.24542993E-1
793	2.24972952E-1
1006	2.26996013E-1
391	2.27463572E-1
169	2.29353499E-1
1002	2.30140374E-1
933	2.31522826E-1
170	2.32768601E-1
247	2.32902351E-1
76	2.36326564E-1
628	2.37563415E-1
251	2.38533555E-1
41	2.43046349E-1
107	2.43067585E-1
104	2.43821621E-1
36	2.44462727E-1
178	2.45299855E-1
248	2.45815617E-1
828	2.46883852E-1
329	2.46900105E-1
128	2.47738366E-1
977	2.48248615E-1
1011	2.48524872E-1
43	2.48613454E-1
129	2.49153817E-1
426	2.52090683E-1
300	2.5318491E-1
366	2.53299789E-1
425	2.55137226E-1
212	2.55159006E-1
457	2.56802772E-1
680	2.57933989E-1
221	2.58893161E-1
497	2.59230313E-1
769	2.60723463E-1
384	2.6153268E-1
378	2.6260149E-1
319	2.62961498E-1
536	2.64741006E-1
237	2.66056831E-1
199	2.67033383E-1
209	2.67876434E-1
381	2.6887331E-1
233	2.69848601E-1
668	2.7093873E-1
934	2.71435425E-1
1015	2.76404516E-1
644	2.79235124E-1
182	2.7936781E-1
305	2.79402665E-1
864	2.79596423E-1
289	2.79764216E-1
375	2.8001345E-1
814	2.80791703E-1
525	2.82263562E-1
433	2.83081957E-1
77	2.83294992E-1
7	2.83484147E-1
709	2.84100037E-1
152	2.84500478E-1
196	2.85342619E-1
32	2.86624658E-1
757	2.8679109E-1
832	2.86839623E-1
1001	2.88832313E-1
946	2.88981764E-1
161	2.89199551E-1
39	2.90268765E-1
444	2.91886743E-1
306	2.92798501E-1
535	2.93454079E-1
166	2.94266343E-1
897	2.95425615E-1
447	2.96230245E-1
764	2.99315375E-1
489	2.99680132E-1
393	3.00431149E-1
270	3.01515193E-1
407	3.03242548E-1
245	3.03322308E-1
564	3.04123444E-1
402	3.04196041E-1
164	3.05563243E-1
808	3.05953244E-1
658	3.07069365E-1
692	3.07581745E-1
960	3.08755325E-1
462	3.08776118E-1
500	3.09487931E-1
683	3.09818962E-1
687	3.10270689E-1
400	3.10673292E-1
902	3.16729212E-1
3	3.18293368E-1
729	3.18526009E-1
803	3.19807198E-1
201	3.19883723E-1
850	3.20003359E-1
660	3.20114747E-1
190	3.20532456E-1
610	3.23713339E-1
924	3.24163954E-1
938	3.24542623E-1
252	3.25859483E-1
226	3.26206835E-1
307	3.2695433E-1
682	3.28200344E-1
552	3.28218627E-1
28	3.2862202E-1
930	3.29605456E-1
213	3.32641496E-1
800	3.33011854E-1
177	3.33188625E-1
746	3.33235675E-1
670	3.33536694E-1
135	3.34755296E-1
925	3.35317369E-1
951	3.35832118E-1
908	3.36416033E-1
259	3.38119564E-1
626	3.39224078E-1
361	3.40651467E-1
101	3.41007525E-1
812	3.43445418E-1
189	3.43740087E-1
310	3.45668476E-1
735	3.4610707E-1
144	3.48166344E-1
659	3.49017232E-1
0	3.49054229E-1
669	3.49905052E-1
674	3.51759477E-1
512	3.53829026E-1
825	3.54021284E-1
553	3.56361513E-1
870	3.58416273E-1
495	3.59867001E-1
362	3.62047875E-1
979	3.62291893E-1
141	3.63105293E-1
585	3.63484457E-1
570	3.64014656E-1
952	3.64996094E-1
932	3.65537069E-1
471	3.66387478E-1
657	3.664226E-1
327	3.6695897E-1
146	3.68191199E-1
19	3.68332338E-1
108	3.68370654E-1
269	3.72274755E-1
618	3.73512553E-1
646	3.7448398E-1
459	3.7540437E-1
742	3.78113955E-1
348	3.79287414E-1
780	3.80687068E-1
427	3.81703086E-1
6	3.82785595E-1
449	3.82883188E-1
981	3.83669033E-1
514	3.84589894E-1
222	3.85978756E-1
181	3.86511114E-1
771	3.87236135E-1
652	3.88589356E-1
95	3.88733547E-1
596	3.89753701E-1
899	3.9014162E-1
478	3.91277198E-1
234	3.92515765E-1
473	3.94869619E-1
63	3.95466619E-1
280	3.95469291E-1
8	3.95652173E-1
192	3.96894794E-1
356	3.99236162E-1
123	3.99297424E-1
509	4.00936112E-1
67	4.02069484E-1
594	4.02718947E-1
62	4.03466498E-1
997	4.04636078E-1
162	4.04658902E-1
574	4.06719569E-1
263	4.06743193E-1
354	4.07358829E-1
689	4.07687988E-1
276	4.08961871E-1
576	4.09797178E-1
31	4.10039895E-1
545	4.10417131E-1
20	4.12585447E-1
880	4.14309923E-1
416	4.15036051E-1
1021	4.15793786E-1
308	4.16546777E-1
286	4.18332074E-1
208	4.18597479E-1
927	4.20310742E-1
295	4.21429698E-1
560	4.2209625E-1
180	4.22166234E-1
959	4.22959892E-1
204	4.22968451E-1
126	4.2599391E-1
629	4.26173425E-1
105	4.26194005E-1
345	4.27126611E-1
622	4.29145885E-1
751	4.29997053E-1
818	4.30926511E-1
598	4.31269139E-1
1017	4.31343074E-1
837	4.31920912E-1
499	4.35015108E-1
886	4.3596811E-1
120	4.36072225E-1
255	4.36528952E-1
211	4.36581903E-1
89	4.37934607E-1
875	4.4054285E-1
540	4.45101935E-1
937	4.47415696E-1
439	4.48221561E-1
561	4.499457E-1
464	4.54283814E-1
725	4.54491265E-1
833	4.55564849E-1
54	4.55646059E-1
958	4.56137635E-1
97	4.56196162E-1
117	4.57100252E-1
240	4.5869633E-1
132	4.62567295E-1
458	4.63187762E-1
887	4.65149997E-1
311	4.65478177E-1
557	4.66040974E-1
624	4.68076021E-1
824	4.68654917E-1
947	4.70333095E-1
390	4.70779897E-1
648	4.71348339E-1
422	4.71737707E-1
685	4.71788709E-1
142	4.76072416E-1
956	4.76125505E-1
165	4.79742046E-1
543	4.79799454E-1
450	4.80319213E-1
56	4.8195037E-1
30	4.82196035E-1
160	4.82455495E-1
339	4.82551495E-1
205	4.82823277E-1
544	4.8312436E-1
2	4.83813552E-1
533	4.85039586E-1
926	4.85165696E-1
216	4.8520763E-1
990	4.8552866E-1
415	4.85929281E-1
228	4.8669282E-1
318	4.8674207E-1
243	4.91020782E-1
699	4.91616939E-1
516	4.92242764E-1
681	4.93028634E-1
688	4.93075432E-1
859	4.96424012E-1
326	4.99945743E-1
5	5.01144496E-1
974	5.02113255E-1
513	5.02944804E-1
332	5.03713913E-1
434	5.03833704E-1
550	5.07618057E-1
172	5.08318462E-1
210	5.0841002E-1
888	5.10095285E-1
25	5.10754406E-1
410	5.128641E-1
511	5.15265665E-1
477	5.16131923E-1
811	5.1635232E-1
368	5.1782672E-1
809	5.18103764E-1
708	5.18619604E-1
83	5.19411251E-1
333	5.19860407E-1
607	5.20481501E-1
153	5.22253232E-1
862	5.22313439E-1
609	5.22733549E-1
921	5.22874205E-1
998	5.23131451E-1
712	5.2498862E-1
451	5.25179498E-1
367	5.27622043E-1
768	5.27821708E-1
843	5.28835349E-1
38	5.31122747E-1
597	5.31582624E-1
917	5.31621633E-1
154	5.32251768E-1
593	5.3692243E-1
822	5.38508248E-1
197	5.38584839E-1
241	5.39132126E-1
503	5.39414466E-1
159	5.39831562E-1
304	5.40393166E-1
840	5.43048454E-1
667	5.43298862E-1
753	5.43337428E-1
219	5.43610399E-1
651	5.44680439E-1
374	5.44854768E-1
796	5.45890844E-1
466	5.46070708E-1
155	5.463526E-1
37	5.46944879E-1
996	5.47279776E-1
143	5.49590919E-1
830	5.50439819E-1
49	5.53827499E-1
548	5.57643861E-1
641	5.57736457E-1
911	5.58737979E-1
679	5.61164448E-1
507	5.61940065E-1
827	5.62315489E-1
980	5.62804134E-1
188	5.66602738E-1
676	5.68584482E-1
475	5.69083075E-1
614	5.69124997E-1
313	5.69288976E-1
227	5.70824293E-1
532	5.71449414E-1
732	5.71693412E-1
323	5.7416171E-1
214	5.74177463E-1
942	5.75139499E-1
420	5.79224946E-1
421	5.80365823E-1
296	5.80999734E-1
202	5.81064078E-1
781	5.81908354E-1
353	5.83271865E-1
528	5.85637343E-1
969	5.86173758E-1
978	5.86821172E-1
487	5.87661093E-1
24	5.88785703E-1
623	5.89700575E-1
238	5.90222093E-1
265	5.9226207E-1
337	5.9378234E-1
1020	5.95646847E-1
266	5.96877882E-1
579	5.96896163E-1
690	6.00958028E-1
373	6.02501916E-1
230	6.04151384E-1
885	6.04629728E-1
763	6.05405689E-1
957	6.06357423E-1
401	6.07916597E-1
109	6.08932763E-1
542	6.09855688E-1
302	6.1023373E-1
130	6.10459053E-1
436	6.10780758E-1
616	6.12123807E-1
965	6.12449793E-1
232	6.12771649E-1
834	6.13121285E-1
261	6.14048677E-1
140	6.18033047E-1
409	6.18985576E-1
786	6.19542515E-1
874	6.2138854E-1
602	6.220434E-1
599	6.22924649E-1
726	6.2309918E-1
490	6.23290939E-1
573	6.24435081E-1
627	6.26229225E-1
1009	6.26598998E-1
632	6.26669534E-1
1008	6.27150358E-1
412	6.30893769E-1
784	6.31224648E-1
392	6.31566372E-1
179	6.32647424E-1
901	6.33978642E-1
638	6.35891368E-1
518	6.37094895E-1
931	6.37280994E-1
264	6.38674401E-1
250	6.39294109E-1
1023	6.40576721E-1
278	6.40949708E-1
605	6.41335599E-1
939	6.42046424E-1
964	6.43044023E-1
966	6.4321756E-1
258	6.43931888E-1
765	6.47341596E-1
411	6.50052611E-1
923	6.5112104E-1
309	6.52427823E-1
491	6.54465411E-1
292	6.55806868E-1
94	6.56434519E-1
571	6.56582191E-1
719	6.57785591E-1
530	6.58594929E-1
854	6.59209191E-1
376	6.59699187E-1
817	6.60426808E-1
881	6.61006476E-1
587	6.62356443E-1
191	6.62361037E-1
72	6.63399376E-1
175	6.64505934E-1
738	6.66775282E-1
288	6.67495341E-1
691	6.68311436E-1
949	6.70545336E-1
524	6.70675633E-1
496	6.70893239E-1
922	6.70900901E-1
217	6.70924733E-1
40	6.71225711E-1
168	6.71447033E-1
783	6.72277432E-1
526	6.7263376E-1
389	6.74301165E-1
752	6.74781496E-1
861	6.749389E-1
621	6.74984683E-1
284	6.75518941E-1
414	6.75524246E-1
916	6.75647755E-1
386	6.75927518E-1
322	6.76044308E-1
16	6.77365002E-1
666	6.80162438E-1
498	6.80994524E-1
285	6.81323746E-1
797	6.86227141E-1
275	6.86326771E-1
431	6.86958942E-1
207	6.87098118E-1
149	6.87238617E-1
631	6.87667673E-1
85	6.9134415E-1
805	6.91344363E-1
563	6.91486174E-1
399	6.92204611E-1
364	6.93098328E-1
445	6.94527539E-1
539	6.95090998E-1
919	6.96200893E-1
470	6.97996188E-1
562	7.00549894E-1
342	7.01794633E-1
537	7.03596964E-1
972	7.03951996E-1
744	7.04149699E-1
483	7.05978456E-1
452	7.06272838E-1
274	7.07097718E-1
428	7.07478263E-1
81	7.0794959E-1
521	7.08378562E-1
383	7.10304801E-1
298	7.10470524E-1
950	7.10636888E-1
819	7.10837404E-1
878	7.11279589E-1
756	7.12078669E-1
639	7.15884713E-1
845	7.15974599E-1
388	7.16754437E-1
60	7.17128071E-1
581	7.18019259E-1
620	7.18388052E-1
432	7.18544412E-1
789	7.19014476E-1
474	7.19649346E-1
106	7.23552379E-1
868	7.2401389E-1
156	7.24100852E-1
589	7.25656402E-1
114	7.26548063E-1
93	7.2887046E-1
821	7.29606078E-1
842	7.29813994E-1
246	7.30334796E-1
694	7.3170623E-1
673	7.33038768E-1
397	7.33594045E-1
482	7.34185135E-1
256	7.37009116E-1
341	7.37238221E-1
494	7.38717435E-1
654	7.39152282E-1
455	7.39192221E-1
454	7.3981375E-1
281	7.40390646E-1
724	7.41178089E-1
1013	7.42028224E-1
158	7.42411606E-1
749	7.42434371E-1
767	7.42560344E-1
157	7.45315986E-1
47	7.46802104E-1
52	7.46988956E-1
954	7.4844282E-1
27	7.48659989E-1
215	7.48898719E-1
235	7.49350158E-1
963	7.49448366E-1
73	7.52467961E-1
741	7.52972402E-1
678	7.53886639E-1
206	7.55680932E-1
453	7.55998667E-1
906	7.56736296E-1
1004	7.5922394E-1
163	7.59760912E-1
84	7.60366399E-1
991	7.63347176E-1
739	7.63896087E-1
244	7.65862963E-1
546	7.66155864E-1
102	7.68048441E-1
1	7.70439647E-1
637	7.70941233E-1
443	7.71079377E-1
92	7.71859135E-1
203	7.72828169E-1
315	7.73632444E-1
379	7.75778022E-1
33	7.76748559E-1
841	7.78522932E-1
48	7.79488668E-1
1016	7.81336823E-1
549	7.81657812E-1
58	7.83473277E-1
1010	7.83862467E-1
508	7.83983592E-1
720	7.84384235E-1
889	7.84926947E-1
1014	7.86276405E-1
675	7.87949306E-1
566	7.88041358E-1
671	7.88945505E-1
438	7.90232123E-1
762	7.90626744E-1
441	7.92071332E-1
559	7.9346498E-1
465	7.93985405E-1
872	7.94746431E-1
413	7.94810034E-1
816	7.94850182E-1
778	7.94860595E-1
798	7.95766808E-1
982	7.95786476E-1
17	7.96137092E-1
359	7.9798644E-1
941	7.98311959E-1
185	8.00292873E-1
988	8.01796057E-1
249	8.01929544E-1
568	8.04082236E-1
760	8.04561393E-1
892	8.04819922E-1
831	8.05375095E-1
686	8.05891765E-1
331	8.05971844E-1
588	8.06470624E-1
855	8.06710604E-1
877	8.08044804E-1
851	8.08573527E-1
970	8.08616868E-1
663	8.10571067E-1
1007	8.14866588E-1
650	8.15188396E-1
647	8.15289558E-1
1022	8.17002494E-1
64	8.17291291E-1
340	8.19611312E-1
662	8.20432085E-1
442	8.21503192E-1
387	8.22535834E-1
485	8.23650961E-1
46	8.24329192E-1
520	8.24852129E-1
1019	8.25006278E-1
21	8.25282709E-1
134	8.26779904E-1
35	8.29253852E-1
4	8.29377513E-1
754	8.30855943E-1
183	8.31242024E-1
293	8.31322733E-1
448	8.32311474E-1
12	8.33009786E-1
815	8.38015527E-1
347	8.38980748E-1
727	8.39026753E-1
330	8.42748941E-1
852	8.43977147E-1
935	8.45118648E-1
721	8.45219579E-1
523	8.47262391E-1
430	8.48312135E-1
527	8.48603817E-1
891	8.48734503E-1
776	8.49769021E-1
10	8.51733003E-1
80	8.52758165E-1
634	8.53159866E-1
187	8.54282734E-1
829	8.54477746E-1
968	8.5680378E-1
884	8.5717852E-1
504	8.590346E-1
703	8.595605E-1
710	8.60197692E-1
582	8.6029692E-1
835	8.62563561E-1
586	8.6363916E-1
810	8.64668977E-1
260	8.64681391E-1
112	8.64967067E-1
971	8.65165586E-1
479	8.65826985E-1
625	8.66292037E-1
242	8.67227681E-1
225	8.67437721E-1
787	8.69628441E-1
698	8.70513431E-1
973	8.71637294E-1
903	8.71820228E-1
357	8.73327506E-1
151	8.76024764E-1
839	8.76110854E-1
775	8.76703886E-1
133	8.79607672E-1
115	8.84036618E-1
312	8.84223276E-1
350	8.86224454E-1
723	8.90391969E-1
792	8.91249529E-1
788	8.93319908E-1
423	8.95347232E-1
460	8.96224809E-1
90	8.96297756E-1
716	8.97360174E-1
995	8.9892282E-1
282	8.99321741E-1
481	8.99666228E-1
346	9.01716918E-1
486	9.03444961E-1
325	9.03994915E-1
271	9.05646029E-1
365	9.06429347E-1
127	9.0687172E-1
912	9.0793981E-1
1018	9.08559564E-1
915	9.08804779E-1
693	9.12669439E-1
755	9.13252576E-1
301	9.13368412E-1
167	9.13468E-1
531	9.1448176E-1
975	9.14696336E-1
437	9.1765263E-1
595	9.17834798E-1
642	9.18295352E-1
986	9.1989916E-1
736	9.20066428E-1
13	9.20565052E-1
801	9.2080905E-1
649	9.21790287E-1
896	9.21842261E-1
70	9.22274044E-1
419	9.22460373E-1
615	9.2260921E-1
944	9.22675267E-1
377	9.22889679E-1
909	9.2379667E-1
936	9.25862554E-1
695	9.26668462E-1
898	9.29423823E-1
895	9.3008549E-1
612	9.30353681E-1
96	9.31053436E-1
567	9.32621137E-1
665	9.32855015E-1
116	9.33636635E-1
355	9.34100709E-1
86	9.34525898E-1
761	9.35400726E-1
91	9.3570881E-1
268	9.37010881E-1
867	9.37334713E-1
488	9.40122859E-1
218	9.40506599E-1
773	9.40826175E-1
790	9.41142057E-1
137	9.42854952E-1
987	9.4388084E-1
34	9.44028748E-1
122	9.44388793E-1
463	9.4706818E-1
617	9.48418437E-1
100	9.50556243E-1
279	9.50560636E-1
148	9.51576582E-1
510	9.51649361E-1
194	9.52123848E-1
88	9.53320676E-1
601	9.54811341E-1
849	9.54937446E-1
713	9.54967026E-1
900	9.55846983E-1
734	9.56522909E-1
317	9.57046934E-1
395	9.58699605E-1
604	9.60064717E-1
343	9.61420398E-1
804	9.63452018E-1
461	9.64710542E-1
655	9.65361154E-1
826	9.65752114E-1
985	9.65829024E-1
857	9.69016768E-1
758	9.69168739E-1
14	9.69551345E-1
766	9.6983949E-1
277	9.71389177E-1
661	9.73121625E-1
363	9.7353696E-1
715	9.74124472E-1
630	9.76139116E-1
572	9.76241389E-1
940	9.77195139E-1
272	9.8007762E-1
262	9.80309332E-1
1005	9.81060311E-1
873	9.81269676E-1
335	9.81529824E-1
866	9.83392327E-1
717	9.83951968E-1
583	9.84164878E-1
541	9.84556085E-1
534	9.85396262E-1
961	9.85424949E-1
11	9.86321543E-1
704	9.86844296E-1
905	9.88035396E-1
989	9.89939445E-1
945	9.93540468E-1
707	9.93881545E-1
45	9.94078458E-1
853	9.94667733E-1
823	9.95383283E-1
351	9.95852225E-1
334	9.96414941E-1
779	9.97638382E-1
469	9.98418589E-1
57	9.9862096E-1
547	9.99610201E-1
967	9.99930963E-1
