Name	chi2Pvalue
973	4.45101195E-4
780	5.41147486E-4
353	1.04690823E-3
881	1.10034298E-3
745	1.63532922E-3
684	2.1316543E-3
313	2.20102343E-3
699	3.12782637E-3
971	3.64797087E-3
719	5.31122062E-3
218	5.63057993E-3
105	8.57425915E-3
480	8.78493052E-3
409	9.21036252E-3
145	1.03012099E-2
3	1.07243198E-2
117	1.16261964E-2
560	1.2770935E-2
243	1.45915389E-2
431	1.49128837E-2
195	1.53018116E-2
710	1.53339756E-2
401	1.58650464E-2
456	1.66141304E-2
706	1.70223673E-2
452	1.89437126E-2
1011	1.90040048E-2
584	2.04544777E-2
402	2.2004426E-2
767	2.27961833E-2
702	2.35851052E-2
923	2.41592927E-2
476	2.43731489E-2
440	2.58949143E-2
744	2.69255591E-2
250	2.72060538E-2
668	2.72339086E-2
873	2.73677356E-2
501	2.94224086E-2
30	3.10096709E-2
172	3.30597839E-2
625	3.3719441E-2
543	3.4516811E-2
493	3.52686412E-2
332	3.61488853E-2
979	3.84127704E-2
212	4.0039139E-2
842	4.17855016E-2
36	4.35845615E-2
823	4.5259918E-2
211	4.6231882E-2
996	4.63093584E-2
326	4.73897002E-2
569	4.87903302E-2
135	4.94076157E-2
128	5.05336284E-2
208	5.08128073E-2
534	5.09022968E-2
112	5.12287163E-2
681	5.12312743E-2
709	5.27048201E-2
38	5.30437758E-2
227	5.32480427E-2
444	5.38950161E-2
786	5.40019982E-2
532	5.51075896E-2
771	5.56105633E-2
729	5.85260116E-2
247	5.91297082E-2
761	6.2525066E-2
390	6.34594499E-2
441	6.47766176E-2
743	6.75017083E-2
396	6.85441351E-2
457	6.87284145E-2
193	6.9557518E-2
159	7.00867052E-2
262	7.03182837E-2
913	7.16120745E-2
0	7.33383645E-2
538	7.37278189E-2
958	7.43859017E-2
674	7.44451543E-2
740	7.46805942E-2
374	7.60038735E-2
903	7.61878539E-2
619	7.72760108E-2
614	7.76336117E-2
296	7.99107796E-2
481	8.04029733E-2
365	8.0816498E-2
238	8.08562151E-2
304	8.35193903E-2
465	8.4407943E-2
239	8.47023844E-2
236	8.50383305E-2
622	8.5798147E-2
494	8.63107186E-2
810	8.6437103E-2
506	8.69279737E-2
917	8.74464718E-2
693	8.83036914E-2
912	9.00231638E-2
914	9.15515838E-2
180	9.18011124E-2
536	9.33562443E-2
160	9.35014772E-2
938	9.43413315E-2
975	9.63267777E-2
676	9.64489566E-2
403	9.68875205E-2
606	9.94138416E-2
755	1.00364981E-1
704	1.02249815E-1
918	1.02269395E-1
324	1.02565373E-1
948	1.02909975E-1
809	1.04098155E-1
930	1.04471572E-1
1000	1.04698689E-1
508	1.05076318E-1
202	1.05370802E-1
451	1.06210095E-1
663	1.06365721E-1
430	1.06886216E-1
301	1.11539155E-1
571	1.12384063E-1
565	1.12791947E-1
93	1.1408192E-1
694	1.14648817E-1
524	1.15444869E-1
346	1.15569068E-1
624	1.17489944E-1
889	1.17832453E-1
256	1.1799663E-1
183	1.20118483E-1
33	1.20169262E-1
101	1.20229645E-1
646	1.22751029E-1
713	1.2433749E-1
651	1.24642678E-1
108	1.25273823E-1
664	1.26281226E-1
188	1.27762521E-1
1001	1.28021438E-1
240	1.29154395E-1
521	1.29607115E-1
231	1.30271978E-1
88	1.31781777E-1
393	1.3197784E-1
978	1.35113291E-1
792	1.36717061E-1
963	1.38186839E-1
999	1.39586508E-1
482	1.42607253E-1
691	1.42713564E-1
192	1.42748777E-1
865	1.42784283E-1
119	1.42931023E-1
355	1.44026975E-1
596	1.45535302E-1
610	1.46350739E-1
496	1.46677226E-1
341	1.47572351E-1
427	1.47948432E-1
598	1.50545295E-1
885	1.51128409E-1
245	1.51705774E-1
954	1.51759921E-1
530	1.53316522E-1
525	1.55466551E-1
551	1.57107056E-1
79	1.57875287E-1
672	1.5878015E-1
555	1.58997707E-1
604	1.60463966E-1
129	1.60693966E-1
928	1.61108646E-1
952	1.63004293E-1
395	1.64212935E-1
312	1.64435709E-1
643	1.64626395E-1
19	1.66393786E-1
660	1.6795432E-1
800	1.70175934E-1
965	1.70805373E-1
572	1.71072459E-1
377	1.71669103E-1
611	1.72165194E-1
157	1.72189167E-1
205	1.72918496E-1
28	1.73547543E-1
187	1.74706043E-1
601	1.75351905E-1
721	1.75364727E-1
539	1.75657792E-1
53	1.75946404E-1
143	1.76701991E-1
802	1.77513704E-1
861	1.77652672E-1
264	1.78030292E-1
570	1.78543378E-1
518	1.81817192E-1
186	1.81861284E-1
869	1.82105693E-1
149	1.82402055E-1
770	1.83800411E-1
733	1.8471263E-1
436	1.86046138E-1
836	1.86738555E-1
1008	1.91087819E-1
413	1.91780027E-1
850	1.92632414E-1
581	1.94030072E-1
910	1.95877993E-1
384	1.9709316E-1
528	1.97382772E-1
44	1.98422009E-1
246	1.98524546E-1
1	1.99036332E-1
519	2.00519252E-1
673	2.00899405E-1
196	2.0118179E-1
138	2.01304296E-1
727	2.02149321E-1
378	2.02875521E-1
455	2.03602699E-1
832	2.04547973E-1
61	2.0676272E-1
417	2.07024876E-1
425	2.08948494E-1
882	2.10197722E-1
114	2.10457241E-1
854	2.10873508E-1
266	2.1312551E-1
974	2.15206732E-1
609	2.16250094E-1
189	2.17378638E-1
230	2.18644377E-1
124	2.19138621E-1
343	2.20932364E-1
463	2.22478009E-1
389	2.22524462E-1
871	2.23409167E-1
223	2.24852401E-1
632	2.25773827E-1
894	2.25848836E-1
995	2.26579813E-1
270	2.27379578E-1
874	2.27709982E-1
498	2.29331614E-1
12	2.29381348E-1
109	2.30089917E-1
778	2.31398266E-1
623	2.34404968E-1
215	2.34922814E-1
811	2.36044214E-1
173	2.37328228E-1
70	2.38764437E-1
420	2.39907877E-1
592	2.40104163E-1
488	2.41441925E-1
876	2.43241188E-1
177	2.45113612E-1
641	2.45271996E-1
993	2.45952879E-1
613	2.48632762E-1
134	2.49394777E-1
628	2.50442106E-1
759	2.5131362E-1
410	2.51625295E-1
1016	2.52203422E-1
182	2.52910158E-1
248	2.5343367E-1
533	2.57039401E-1
285	2.57502686E-1
867	2.58306863E-1
728	2.60157299E-1
147	2.61440542E-1
949	2.61738672E-1
868	2.62557981E-1
509	2.62652958E-1
574	2.63733841E-1
491	2.65787544E-1
983	2.66736427E-1
720	2.67349015E-1
92	2.67753089E-1
507	2.67858172E-1
618	2.70839185E-1
517	2.70910573E-1
115	2.75188637E-1
504	2.75689062E-1
495	2.75992206E-1
8	2.76073763E-1
831	2.78885406E-1
394	2.79033672E-1
577	2.79738304E-1
816	2.80247061E-1
557	2.80786231E-1
338	2.80881556E-1
421	2.81073143E-1
424	2.81976416E-1
583	2.82069565E-1
342	2.82899341E-1
656	2.83285081E-1
259	2.83879255E-1
608	2.84506693E-1
685	2.84872444E-1
414	2.85858466E-1
478	2.87574767E-1
915	2.88380943E-1
317	2.89478769E-1
251	2.89517735E-1
142	2.90863388E-1
319	2.90955119E-1
322	2.91245714E-1
349	2.91468826E-1
1012	2.91764362E-1
846	2.94327733E-1
957	2.96878025E-1
798	2.97343372E-1
50	2.97509907E-1
891	2.97796696E-1
397	2.98085764E-1
366	2.98490687E-1
970	2.99723245E-1
144	3.00145935E-1
477	3.00189117E-1
982	3.02258231E-1
760	3.04515175E-1
692	3.06789409E-1
547	3.07740926E-1
843	3.07901268E-1
946	3.08807317E-1
303	3.10696898E-1
864	3.13132254E-1
795	3.13312531E-1
69	3.15031618E-1
357	3.18570244E-1
483	3.18659352E-1
85	3.20406813E-1
774	3.22815801E-1
804	3.27387662E-1
637	3.27604208E-1
936	3.2834697E-1
241	3.29051633E-1
337	3.29381719E-1
458	3.30523443E-1
567	3.30689863E-1
564	3.31404845E-1
696	3.32100747E-1
951	3.33642651E-1
931	3.3521963E-1
981	3.35536967E-1
669	3.36786668E-1
659	3.40925952E-1
55	3.41229587E-1
980	3.42123274E-1
460	3.42378463E-1
890	3.42608736E-1
904	3.43704656E-1
453	3.45132704E-1
671	3.45921778E-1
638	3.47555583E-1
1006	3.48547019E-1
905	3.48953163E-1
139	3.49154433E-1
432	3.50243256E-1
787	3.50848794E-1
834	3.50985553E-1
252	3.5128705E-1
450	3.51782149E-1
1002	3.51912908E-1
803	3.52572528E-1
407	3.55262861E-1
785	3.56177947E-1
615	3.57453529E-1
726	3.58549721E-1
392	3.58598224E-1
984	3.58714284E-1
126	3.60067623E-1
373	3.60116066E-1
821	3.60727551E-1
26	3.61557812E-1
368	3.62310069E-1
96	3.62686376E-1
654	3.64923998E-1
136	3.65517426E-1
472	3.66971741E-1
336	3.67212627E-1
153	3.70766476E-1
10	3.719266E-1
879	3.72722452E-1
939	3.74332454E-1
271	3.74499768E-1
751	3.7501555E-1
662	3.75242547E-1
273	3.79612057E-1
634	3.80513675E-1
892	3.81164407E-1
769	3.81310665E-1
385	3.82644083E-1
185	3.84071933E-1
514	3.84225529E-1
198	3.86068973E-1
146	3.87640163E-1
299	3.90169761E-1
279	3.90683869E-1
714	3.91107591E-1
825	3.91503743E-1
267	3.91810518E-1
89	3.92611875E-1
857	3.93269441E-1
897	3.93897719E-1
323	4.02094682E-1
132	4.06064096E-1
260	4.07305543E-1
163	4.07992505E-1
127	4.08463729E-1
98	4.09724106E-1
689	4.10000469E-1
435	4.10270916E-1
642	4.10571491E-1
104	4.1120745E-1
102	4.11734268E-1
586	4.13148593E-1
563	4.16096561E-1
540	4.16486429E-1
824	4.17353689E-1
959	4.17576103E-1
284	4.18337607E-1
461	4.18525136E-1
399	4.18630964E-1
711	4.20221901E-1
63	4.20276666E-1
828	4.20399995E-1
237	4.20470831E-1
168	4.20710337E-1
617	4.22099885E-1
380	4.22119911E-1
700	4.23538203E-1
68	4.23706247E-1
848	4.23798024E-1
893	4.24376309E-1
960	4.24522761E-1
860	4.24641793E-1
263	4.25193689E-1
655	4.25922899E-1
54	4.26737957E-1
679	4.29158774E-1
433	4.30121555E-1
929	4.30704381E-1
289	4.34284269E-1
1004	4.34995968E-1
152	4.35612284E-1
1003	4.38765463E-1
962	4.39358528E-1
75	4.39679522E-1
944	4.4013143E-1
591	4.41457982E-1
174	4.42194285E-1
473	4.42732115E-1
940	4.43516462E-1
391	4.4396474E-1
485	4.44914528E-1
221	4.45394466E-1
492	4.46014209E-1
210	4.47554123E-1
464	4.47699146E-1
680	4.49377231E-1
708	4.49505834E-1
635	4.50908261E-1
352	4.50976557E-1
750	4.51389367E-1
839	4.5236673E-1
345	4.53693393E-1
265	4.54567049E-1
932	4.56300147E-1
41	4.57430836E-1
269	4.60758096E-1
408	4.63619427E-1
56	4.65242666E-1
815	4.65289964E-1
91	4.66447144E-1
878	4.66834566E-1
718	4.66891826E-1
81	4.68609506E-1
898	4.69118865E-1
386	4.69851254E-1
291	4.70816506E-1
758	4.72127362E-1
520	4.73208207E-1
562	4.7453846E-1
516	4.74646946E-1
314	4.74989095E-1
398	4.75192341E-1
738	4.79308957E-1
329	4.79384357E-1
900	4.80012808E-1
827	4.80473926E-1
511	4.80832998E-1
130	4.80993687E-1
754	4.81537644E-1
629	4.83195645E-1
229	4.8345506E-1
58	4.85578629E-1
924	4.85904367E-1
955	4.8808201E-1
602	4.89153838E-1
749	4.90622207E-1
840	4.92842968E-1
166	4.94660188E-1
558	4.95483455E-1
1022	4.97152579E-1
561	4.98295844E-1
97	4.9961341E-1
833	5.00234209E-1
568	5.00369921E-1
933	5.05518561E-1
47	5.05835637E-1
806	5.07101903E-1
306	5.07828312E-1
645	5.08157635E-1
21	5.09837382E-1
302	5.10252268E-1
376	5.12463989E-1
1023	5.12610598E-1
156	5.13241732E-1
95	5.15344815E-1
683	5.1757E-1
6	5.1886871E-1
165	5.20663985E-1
858	5.20779449E-1
429	5.20982415E-1
73	5.24345834E-1
383	5.25973638E-1
781	5.26674086E-1
747	5.28360682E-1
80	5.30188368E-1
479	5.30933825E-1
739	5.31837657E-1
37	5.31984713E-1
275	5.32035078E-1
665	5.3353656E-1
896	5.34282136E-1
292	5.34671508E-1
445	5.38154848E-1
797	5.40451951E-1
921	5.40783558E-1
228	5.41020627E-1
316	5.41248424E-1
513	5.41423288E-1
686	5.43775638E-1
287	5.44688306E-1
213	5.46844709E-1
466	5.47821626E-1
919	5.48823838E-1
768	5.51725446E-1
110	5.52516127E-1
42	5.53206113E-1
106	5.54431599E-1
515	5.55104777E-1
690	5.55270375E-1
164	5.55883212E-1
717	5.57282013E-1
387	5.58065899E-1
782	5.65198492E-1
909	5.66056552E-1
219	5.66203074E-1
216	5.68003847E-1
90	5.68460933E-1
796	5.69805636E-1
77	5.70475081E-1
737	5.72149985E-1
502	5.72163524E-1
280	5.73096224E-1
688	5.76842222E-1
297	5.78622399E-1
64	5.81807964E-1
382	5.81875589E-1
600	5.81947281E-1
201	5.82505626E-1
423	5.8445729E-1
294	5.87078271E-1
191	5.90271942E-1
82	5.9080666E-1
820	5.91375181E-1
512	5.91880435E-1
400	5.92003854E-1
705	5.92726397E-1
554	5.92865639E-1
852	5.92942166E-1
788	5.94322092E-1
934	5.95608979E-1
790	5.95820234E-1
990	5.95959238E-1
422	5.96743129E-1
925	5.96968234E-1
32	5.97776496E-1
775	5.9842447E-1
253	5.99405561E-1
350	5.9957627E-1
232	5.99803595E-1
716	6.01074914E-1
298	6.0116129E-1
851	6.02332881E-1
11	6.04164651E-1
437	6.0509503E-1
1005	6.05134646E-1
49	6.05138263E-1
549	6.06225877E-1
579	6.06251043E-1
976	6.06387807E-1
190	6.06411802E-1
48	6.07545582E-1
741	6.08012944E-1
630	6.08213683E-1
829	6.10450648E-1
682	6.11224168E-1
813	6.13351316E-1
899	6.13752048E-1
799	6.14235441E-1
956	6.15400578E-1
977	6.15525038E-1
233	6.17556916E-1
2	6.17918068E-1
462	6.204717E-1
214	6.20798601E-1
1020	6.21126856E-1
866	6.21243287E-1
125	6.21809537E-1
732	6.22333435E-1
39	6.22681466E-1
677	6.23372181E-1
282	6.24120354E-1
4	6.2429541E-1
779	6.26250616E-1
652	6.27486544E-1
9	6.2802252E-1
94	6.29014827E-1
884	6.29064856E-1
404	6.29344061E-1
235	6.2965639E-1
438	6.2985336E-1
83	6.30317104E-1
14	6.31400204E-1
724	6.32159079E-1
503	6.32338952E-1
987	6.32388281E-1
74	6.33119249E-1
886	6.35634715E-1
122	6.35795173E-1
65	6.36550754E-1
66	6.36611862E-1
578	6.36635812E-1
181	6.36721259E-1
845	6.36733487E-1
748	6.38035968E-1
620	6.38533283E-1
5	6.39189135E-1
1009	6.41330269E-1
428	6.41731049E-1
926	6.41844587E-1
330	6.43224149E-1
599	6.44086611E-1
277	6.45008963E-1
675	6.45096878E-1
51	6.45322541E-1
742	6.45359549E-1
580	6.45835708E-1
556	6.48183159E-1
607	6.48248144E-1
588	6.48883733E-1
225	6.49176968E-1
344	6.4975865E-1
989	6.51147769E-1
1013	6.52260722E-1
633	6.53727852E-1
167	6.57547064E-1
735	6.57564078E-1
362	6.58935289E-1
339	6.59202478E-1
631	6.5944898E-1
603	6.63071713E-1
639	6.63262446E-1
18	6.63879007E-1
333	6.67706815E-1
419	6.67835455E-1
595	6.67899205E-1
908	6.68268353E-1
906	6.69829158E-1
791	6.71670213E-1
783	6.72068521E-1
171	6.73205327E-1
901	6.73384216E-1
84	6.73552592E-1
527	6.73633915E-1
405	6.74978827E-1
911	6.75764585E-1
849	6.7606542E-1
203	6.76669609E-1
184	6.76929915E-1
587	6.78401028E-1
566	6.80984847E-1
1019	6.82227943E-1
575	6.83991395E-1
118	6.84192499E-1
548	6.85829675E-1
766	6.85936645E-1
793	6.87836211E-1
356	6.89989376E-1
695	6.90380945E-1
103	6.92400952E-1
137	6.93160728E-1
249	6.93839134E-1
935	6.94442056E-1
320	6.94877166E-1
107	6.9634123E-1
895	6.96724715E-1
537	6.98623457E-1
178	6.98926902E-1
371	7.00208322E-1
290	7.01623627E-1
985	7.02744312E-1
161	7.03016335E-1
45	7.03162966E-1
757	7.03716486E-1
87	7.06519558E-1
947	7.06529345E-1
15	7.06626628E-1
950	7.07732759E-1
307	7.09346952E-1
27	7.11549129E-1
701	7.11618242E-1
888	7.12143614E-1
826	7.14418486E-1
553	7.14994931E-1
487	7.16489931E-1
311	7.2262198E-1
67	7.23584819E-1
777	7.25613892E-1
772	7.28023191E-1
217	7.28066884E-1
244	7.28566033E-1
25	7.28885563E-1
776	7.29773445E-1
998	7.30524905E-1
794	7.32872867E-1
7	7.338651E-1
359	7.34532767E-1
13	7.38346365E-1
207	7.39256534E-1
72	7.4226642E-1
24	7.43242363E-1
752	7.44202627E-1
883	7.44649354E-1
46	7.45790291E-1
226	7.45834001E-1
922	7.47506017E-1
486	7.47716149E-1
286	7.48900125E-1
334	7.49049234E-1
351	7.50081827E-1
945	7.50715756E-1
490	7.53107467E-1
616	7.54643847E-1
835	7.54656391E-1
62	7.54985574E-1
697	7.55342224E-1
261	7.61503473E-1
258	7.64195817E-1
988	7.65592949E-1
381	7.65972273E-1
416	7.6681733E-1
308	7.70893492E-1
765	7.71435453E-1
859	7.71936298E-1
471	7.72276458E-1
805	7.76377035E-1
347	7.77310729E-1
500	7.79995507E-1
222	7.80590057E-1
576	7.8101181E-1
657	7.81167282E-1
169	7.82537334E-1
305	7.84348603E-1
961	7.84514447E-1
523	7.85241169E-1
194	7.8613979E-1
140	7.87551703E-1
411	7.8951244E-1
559	7.89725709E-1
20	7.90900925E-1
418	7.91371625E-1
593	7.91666561E-1
234	7.93576288E-1
510	7.94316056E-1
34	7.94503297E-1
71	7.9600877E-1
597	7.98248032E-1
653	7.9849535E-1
489	8.00334859E-1
310	8.01160111E-1
535	8.01327274E-1
621	8.03377122E-1
667	8.03691075E-1
870	8.04047562E-1
841	8.04953562E-1
242	8.0589564E-1
992	8.05995047E-1
158	8.06474908E-1
200	8.07470894E-1
499	8.07869011E-1
972	8.12995273E-1
594	8.1450133E-1
446	8.148975E-1
372	8.15936862E-1
763	8.17024565E-1
541	8.19575619E-1
994	8.19649486E-1
626	8.20086705E-1
991	8.21378606E-1
170	8.22709764E-1
526	8.23703037E-1
887	8.24434013E-1
78	8.24608729E-1
968	8.27356542E-1
1015	8.28193167E-1
100	8.28450514E-1
937	8.28526982E-1
162	8.2880778E-1
997	8.28953425E-1
730	8.29940524E-1
927	8.30489184E-1
762	8.30829382E-1
276	8.30857363E-1
734	8.31053649E-1
155	8.32395196E-1
736	8.33426519E-1
585	8.33845744E-1
295	8.34550447E-1
197	8.34573051E-1
863	8.35169358E-1
822	8.35462128E-1
756	8.36434789E-1
497	8.3666498E-1
288	8.39018879E-1
388	8.39740486E-1
300	8.42224831E-1
131	8.44828969E-1
670	8.45641811E-1
278	8.47659431E-1
220	8.47676759E-1
967	8.48173424E-1
224	8.4823789E-1
941	8.49799359E-1
627	8.49817254E-1
148	8.49900519E-1
819	8.49958609E-1
281	8.50118152E-1
550	8.5179833E-1
255	8.52506795E-1
522	8.52762651E-1
179	8.53999358E-1
375	8.54095221E-1
844	8.58381913E-1
943	8.59873099E-1
29	8.60383213E-1
439	8.61351584E-1
531	8.61534534E-1
116	8.61546813E-1
817	8.61870884E-1
86	8.63417429E-1
801	8.65276303E-1
1007	8.65976957E-1
360	8.67778053E-1
123	8.69532728E-1
348	8.70304289E-1
52	8.71449769E-1
830	8.7146051E-1
969	8.72602517E-1
902	8.73716726E-1
204	8.7444178E-1
505	8.74690521E-1
474	8.75039086E-1
120	8.75728697E-1
340	8.76313492E-1
60	8.78539365E-1
877	8.7867053E-1
448	8.79389079E-1
589	8.82663086E-1
459	8.85016614E-1
370	8.86058993E-1
335	8.86546312E-1
111	8.87044617E-1
731	8.89085053E-1
853	8.90859388E-1
31	8.90928472E-1
406	8.91002764E-1
354	8.95472062E-1
328	8.96668101E-1
872	8.96961116E-1
789	9.00046026E-1
327	9.00220326E-1
99	9.00660931E-1
636	9.00850996E-1
470	9.01003428E-1
582	9.01380176E-1
272	9.01574693E-1
257	9.02021512E-1
449	9.02972669E-1
818	9.08201818E-1
151	9.08430596E-1
966	9.09334041E-1
1021	9.13238615E-1
666	9.14019956E-1
678	9.14842371E-1
121	9.14972669E-1
434	9.17294748E-1
647	9.17821148E-1
687	9.18142174E-1
544	9.18462723E-1
154	9.19019662E-1
442	9.20740911E-1
367	9.21680997E-1
649	9.22093703E-1
361	9.2295262E-1
43	9.2791037E-1
113	9.28676358E-1
475	9.29108077E-1
725	9.29178193E-1
57	9.29703395E-1
847	9.30301414E-1
40	9.30331705E-1
875	9.32331051E-1
658	9.32477746E-1
986	9.32561678E-1
443	9.35572013E-1
746	9.35916418E-1
59	9.36655188E-1
855	9.36855811E-1
176	9.38454229E-1
133	9.38712168E-1
907	9.38985927E-1
964	9.39153378E-1
426	9.39684691E-1
484	9.40149467E-1
293	9.40428846E-1
529	9.41239704E-1
274	9.41827869E-1
552	9.43296798E-1
808	9.44788209E-1
175	9.46835106E-1
942	9.4726423E-1
412	9.49842492E-1
363	9.50133901E-1
199	9.50453521E-1
542	9.51106781E-1
467	9.53462265E-1
17	9.5430476E-1
545	9.57245077E-1
812	9.57670654E-1
773	9.58170409E-1
814	9.5934192E-1
661	9.60275123E-1
318	9.6029619E-1
321	9.63076318E-1
715	9.63118846E-1
468	9.64188536E-1
838	9.65273165E-1
447	9.66468347E-1
150	9.66525641E-1
22	9.66661831E-1
364	9.66767552E-1
325	9.67027549E-1
358	9.67338314E-1
309	9.68368658E-1
268	9.68746697E-1
837	9.69540406E-1
209	9.69878183E-1
1010	9.70511731E-1
1018	9.71697896E-1
141	9.71737123E-1
16	9.71744515E-1
315	9.72464071E-1
23	9.7433821E-1
76	9.74440154E-1
605	9.74934203E-1
379	9.75023586E-1
640	9.75184294E-1
784	9.75410392E-1
807	9.75863611E-1
650	9.76039078E-1
469	9.76147421E-1
916	9.77140045E-1
707	9.77301546E-1
612	9.77329989E-1
856	9.78767154E-1
331	9.79325078E-1
206	9.801511E-1
764	9.82862491E-1
703	9.82968027E-1
862	9.8393815E-1
712	9.84165112E-1
953	9.84626413E-1
573	9.85856287E-1
722	9.86157499E-1
35	9.87171389E-1
753	9.87249329E-1
254	9.88051826E-1
546	9.92376141E-1
415	9.93623877E-1
454	9.93924618E-1
880	9.95582041E-1
698	9.96495455E-1
648	9.98931652E-1
1017	9.99220315E-1
723	9.99668433E-1
