Name	chi2Pvalue
881	5.68256874E-4
250	1.51590795E-3
684	1.58451875E-3
440	1.60066696E-3
780	3.00717513E-3
313	3.56687675E-3
183	3.85556654E-3
239	4.02296192E-3
444	4.51194231E-3
709	5.19430867E-3
973	6.24057032E-3
674	8.49997323E-3
971	8.70366151E-3
218	1.18364019E-2
353	1.22826649E-2
606	1.2632485E-2
181	1.39589524E-2
696	1.461674E-2
979	1.51134527E-2
396	1.75162771E-2
938	1.78556285E-2
202	1.92773572E-2
236	1.99555241E-2
624	2.07282146E-2
668	2.45849742E-2
332	2.49190665E-2
38	2.49732261E-2
212	2.54807689E-2
1011	2.77585166E-2
105	2.91253218E-2
51	3.03466639E-2
390	3.24716477E-2
196	3.24858703E-2
608	3.25611078E-2
734	3.37212025E-2
702	3.48799769E-2
427	3.55555238E-2
67	3.6962396E-2
719	3.73041551E-2
133	3.78703101E-2
584	4.02621191E-2
243	4.25572578E-2
324	4.26473034E-2
128	4.32554706E-2
317	4.35177909E-2
699	4.60992852E-2
609	4.61560205E-2
864	4.86392528E-2
245	5.01777624E-2
795	5.02990378E-2
125	5.07651438E-2
101	5.14721006E-2
270	5.16977507E-2
586	5.39042813E-2
421	5.42781763E-2
861	5.43475534E-2
710	5.47127712E-2
104	5.49374611E-2
359	5.53356641E-2
970	5.71392035E-2
402	5.79356446E-2
879	5.88502952E-2
368	6.15524767E-2
262	6.24651882E-2
394	6.30807778E-2
451	6.51996346E-2
238	6.55694758E-2
848	6.72952475E-2
512	6.78541361E-2
352	7.03284436E-2
70	7.07751708E-2
520	7.14064109E-2
660	7.2460793E-2
193	7.38527662E-2
532	7.40685317E-2
604	7.43594401E-2
830	7.44795688E-2
506	7.52202529E-2
83	7.52626659E-2
912	7.69582782E-2
507	7.70424663E-2
891	7.7124089E-2
932	7.73645767E-2
457	7.905247E-2
227	7.9408672E-2
900	7.9905211E-2
172	8.13563767E-2
117	8.27157382E-2
530	8.33584399E-2
878	8.38770309E-2
957	8.39718069E-2
164	8.40928545E-2
479	8.42119325E-2
579	8.50607324E-2
326	8.53152979E-2
126	8.58689729E-2
1006	8.61030183E-2
458	8.85415171E-2
562	8.86280393E-2
338	8.92957405E-2
776	8.99908231E-2
374	9.08399307E-2
12	9.15003939E-2
8	9.24843699E-2
910	9.38702254E-2
476	9.40763325E-2
706	9.68270524E-2
543	9.69261869E-2
195	9.69358072E-2
577	9.7439231E-2
208	9.74540411E-2
149	9.80445377E-2
823	9.85190852E-2
409	1.00392474E-1
931	1.05205069E-1
944	1.0633721E-1
637	1.06663902E-1
572	1.06984118E-1
343	1.08928924E-1
511	1.09072329E-1
425	1.11200792E-1
94	1.11405847E-1
3	1.11954386E-1
744	1.12708974E-1
68	1.12838421E-1
771	1.1467244E-1
521	1.14765192E-1
811	1.15905643E-1
145	1.18951799E-1
933	1.1938101E-1
76	1.21913131E-1
501	1.22554248E-1
39	1.23697092E-1
996	1.26328221E-1
415	1.26577367E-1
1	1.2796903E-1
578	1.29392143E-1
837	1.29413262E-1
219	1.2992911E-1
622	1.30458871E-1
1002	1.31316619E-1
611	1.32478382E-1
160	1.32924236E-1
770	1.35811437E-1
391	1.36786699E-1
911	1.36952177E-1
404	1.37315773E-1
144	1.3788049E-1
509	1.38218739E-1
536	1.38344075E-1
41	1.38414731E-1
566	1.38586393E-1
119	1.39100032E-1
54	1.40357625E-1
951	1.40573199E-1
704	1.43627895E-1
663	1.44665606E-1
967	1.447132E-1
246	1.45696815E-1
441	1.46659052E-1
266	1.47928582E-1
80	1.4962425E-1
221	1.50512138E-1
459	1.51456985E-1
6	1.52130244E-1
568	1.52537945E-1
205	1.53170103E-1
620	1.54846259E-1
64	1.55777509E-1
432	1.56917065E-1
694	1.58290236E-1
983	1.60058511E-1
802	1.60410104E-1
77	1.62639409E-1
761	1.65811299E-1
786	1.6594131E-1
693	1.66650885E-1
135	1.66790116E-1
868	1.67477485E-1
664	1.68347899E-1
241	1.69933747E-1
720	1.70829199E-1
189	1.70907416E-1
774	1.72660543E-1
733	1.73202785E-1
211	1.7404391E-1
58	1.74852893E-1
767	1.74912421E-1
228	1.78252321E-1
452	1.78977758E-1
681	1.79487385E-1
30	1.79553207E-1
460	1.80542538E-1
465	1.81542366E-1
549	1.81654318E-1
66	1.8297637E-1
871	1.83694887E-1
53	1.83761536E-1
583	1.84313678E-1
492	1.84844847E-1
978	1.8503233E-1
166	1.85503597E-1
629	1.85698495E-1
894	1.90967772E-1
118	1.91181826E-1
111	1.94947766E-1
280	1.95674569E-1
431	1.96421376E-1
114	1.96528695E-1
354	1.966692E-1
866	1.97902591E-1
186	1.97918725E-1
600	1.98871928E-1
1008	2.00330896E-1
45	2.02373139E-1
1001	2.02734293E-1
131	2.02850232E-1
477	2.03478415E-1
289	2.06210324E-1
640	2.06913745E-1
844	2.08188954E-1
223	2.08319825E-1
180	2.09013923E-1
892	2.13089042E-1
523	2.14100763E-1
480	2.14274728E-1
676	2.1481539E-1
499	2.15636011E-1
651	2.16740706E-1
442	2.18173884E-1
750	2.20430683E-1
137	2.2051845E-1
662	2.21416222E-1
453	2.22664293E-1
229	2.22963606E-1
14	2.23295966E-1
958	2.27391758E-1
109	2.29286159E-1
387	2.29900634E-1
975	2.30726932E-1
789	2.30960425E-1
372	2.31818032E-1
601	2.32443928E-1
690	2.32495883E-1
993	2.34314412E-1
498	2.35353079E-1
1005	2.38746918E-1
560	2.38804511E-1
799	2.38826486E-1
954	2.39753631E-1
888	2.41430573E-1
377	2.42638707E-1
845	2.45399436E-1
671	2.46213432E-1
565	2.46697775E-1
645	2.47078284E-1
420	2.48441317E-1
88	2.4925196E-1
759	2.50756948E-1
247	2.52022428E-1
383	2.52302805E-1
230	2.5313503E-1
168	2.53145923E-1
738	2.53279741E-1
925	2.54860215E-1
333	2.55669299E-1
24	2.55963517E-1
430	2.56217148E-1
635	2.5660111E-1
773	2.57257729E-1
413	2.58653718E-1
279	2.58922912E-1
890	2.61058083E-1
525	2.62392425E-1
903	2.6427567E-1
963	2.65957568E-1
689	2.66589803E-1
959	2.666316E-1
489	2.66679821E-1
407	2.6691154E-1
296	2.68137149E-1
675	2.69027167E-1
423	2.70471978E-1
112	2.72532009E-1
405	2.72790497E-1
55	2.73798068E-1
745	2.74965856E-1
152	2.75370409E-1
727	2.75636018E-1
757	2.77703468E-1
263	2.7823287E-1
401	2.78526524E-1
569	2.78859542E-1
777	2.79174603E-1
916	2.79516468E-1
952	2.79781667E-1
323	2.79852313E-1
414	2.80068437E-1
915	2.81247408E-1
999	2.81721414E-1
842	2.83953814E-1
906	2.84356884E-1
591	2.84800379E-1
434	2.85161773E-1
726	2.85221738E-1
278	2.85848046E-1
42	2.86783031E-1
534	2.87125517E-1
173	2.88896724E-1
691	2.93249682E-1
284	2.94730328E-1
561	2.96215045E-1
345	2.99632266E-1
519	3.00001414E-1
628	3.00631758E-1
91	3.00839987E-1
798	3.01741195E-1
251	3.06037094E-1
100	3.06744286E-1
956	3.07961576E-1
547	3.08765003E-1
1000	3.09065234E-1
887	3.0948845E-1
923	3.11866978E-1
380	3.13038163E-1
672	3.15269888E-1
188	3.15976794E-1
721	3.16424806E-1
93	3.17034097E-1
939	3.19457027E-1
953	3.21443577E-1
778	3.22385089E-1
909	3.228681E-1
972	3.2312013E-1
392	3.25533627E-1
384	3.25942507E-1
852	3.26080929E-1
216	3.26345861E-1
464	3.26944342E-1
743	3.27118759E-1
153	3.27202974E-1
965	3.28242415E-1
969	3.28929885E-1
508	3.2896439E-1
469	3.29249866E-1
15	3.29967315E-1
416	3.32566106E-1
35	3.32661389E-1
255	3.3352907E-1
613	3.34086278E-1
455	3.37368065E-1
328	3.37547229E-1
365	3.39433134E-1
948	3.40105952E-1
515	3.40386737E-1
161	3.40469766E-1
810	3.40779357E-1
1012	3.4079685E-1
344	3.41262457E-1
990	3.41359856E-1
472	3.42339852E-1
746	3.42404806E-1
806	3.42890594E-1
165	3.43276789E-1
26	3.46248461E-1
857	3.47246089E-1
827	3.47721317E-1
71	3.49459053E-1
435	3.51420968E-1
203	3.52693501E-1
849	3.52879134E-1
316	3.55293309E-1
593	3.55406282E-1
687	3.56016142E-1
542	3.56818675E-1
787	3.57037834E-1
633	3.57374663E-1
265	3.58104224E-1
518	3.59333315E-1
564	3.60187638E-1
883	3.60211894E-1
905	3.6135341E-1
571	3.61401983E-1
870	3.62179717E-1
191	3.62426198E-1
207	3.62709054E-1
290	3.63840192E-1
470	3.64795661E-1
889	3.65093542E-1
339	3.65701468E-1
907	3.65973524E-1
490	3.66012824E-1
898	3.66515758E-1
10	3.67791796E-1
48	3.69560788E-1
349	3.70645322E-1
297	3.73917075E-1
395	3.7408711E-1
92	3.75746261E-1
793	3.77099957E-1
882	3.77406951E-1
502	3.77556832E-1
329	3.77636989E-1
730	3.79423325E-1
832	3.79990283E-1
537	3.80548466E-1
803	3.80929044E-1
765	3.82140459E-1
550	3.84576673E-1
388	3.85351958E-1
95	3.86098105E-1
673	3.86396738E-1
714	3.8662674E-1
614	3.86663483E-1
259	3.86842651E-1
13	3.90958833E-1
947	3.9106916E-1
874	3.91939891E-1
429	3.92575937E-1
602	3.92587475E-1
412	3.94307857E-1
968	3.94784134E-1
84	3.95114692E-1
576	3.95166991E-1
491	3.9552405E-1
639	3.9622827E-1
98	3.97728164E-1
994	3.98864092E-1
350	4.00042229E-1
567	4.02199434E-1
615	4.0307325E-1
809	4.0381574E-1
342	4.03847757E-1
670	4.05235505E-1
482	4.05778221E-1
538	4.07155566E-1
554	4.08149534E-1
897	4.103909E-1
930	4.10842156E-1
661	4.11345447E-1
301	4.11428257E-1
884	4.1171108E-1
592	4.12225792E-1
303	4.12855275E-1
785	4.13098554E-1
623	4.14374382E-1
742	4.14450463E-1
921	4.1654654E-1
244	4.18213946E-1
665	4.19187452E-1
610	4.19767018E-1
679	4.21373662E-1
669	4.22681844E-1
21	4.23321119E-1
700	4.2342923E-1
31	4.24435636E-1
747	4.2446613E-1
598	4.24468537E-1
902	4.25765909E-1
456	4.28308038E-1
155	4.28720448E-1
755	4.32272164E-1
847	4.32883834E-1
935	4.33377723E-1
840	4.339749E-1
835	4.34934375E-1
839	4.35564511E-1
330	4.37015521E-1
616	4.39203463E-1
949	4.40457361E-1
422	4.40580972E-1
253	4.41134557E-1
200	4.43874992E-1
97	4.44724852E-1
822	4.4512727E-1
461	4.46390054E-1
766	4.47579046E-1
638	4.48098598E-1
336	4.48741049E-1
552	4.49729086E-1
136	4.5092678E-1
170	4.52479518E-1
725	4.52682199E-1
96	4.54299391E-1
299	4.56493311E-1
346	4.57018304E-1
139	4.57761634E-1
1019	4.5921342E-1
0	4.6031063E-1
715	4.63480611E-1
150	4.63895456E-1
859	4.65310532E-1
731	4.65874896E-1
834	4.66628072E-1
711	4.68149469E-1
302	4.6853757E-1
595	4.68735553E-1
18	4.7147174E-1
454	4.73504928E-1
399	4.7575244E-1
816	4.76055049E-1
156	4.76414382E-1
2	4.76442233E-1
103	4.77470634E-1
7	4.77734753E-1
110	4.77789429E-1
991	4.77810175E-1
987	4.7805228E-1
74	4.78122038E-1
505	4.7913272E-1
252	4.79382126E-1
1015	4.79696839E-1
603	4.79800693E-1
234	4.80561852E-1
268	4.80590424E-1
893	4.8074797E-1
708	4.82930918E-1
618	4.83006618E-1
184	4.84517107E-1
1003	4.84934003E-1
862	4.85146413E-1
249	4.85316614E-1
656	4.86045248E-1
625	4.87878945E-1
362	4.89577699E-1
914	4.91927485E-1
535	4.92383514E-1
231	4.93398099E-1
341	4.95536444E-1
641	4.96000018E-1
474	4.96628017E-1
955	4.96913847E-1
273	4.9766606E-1
116	4.98213655E-1
627	5.02234333E-1
1013	5.04174146E-1
40	5.07026246E-1
1007	5.07258832E-1
841	5.07379116E-1
815	5.0787677E-1
917	5.09025773E-1
277	5.10884227E-1
286	5.13159602E-1
44	5.14874014E-1
107	5.18043473E-1
226	5.18532138E-1
146	5.20535663E-1
683	5.20657078E-1
908	5.21309961E-1
248	5.21452201E-1
667	5.23245735E-1
818	5.23469923E-1
899	5.23679472E-1
334	5.24798593E-1
934	5.26271303E-1
886	5.26458965E-1
177	5.28465994E-1
831	5.29465181E-1
510	5.3006373E-1
176	5.30445438E-1
1023	5.30668823E-1
985	5.33019786E-1
873	5.34927164E-1
929	5.36063704E-1
397	5.36967791E-1
367	5.37739149E-1
194	5.38203303E-1
185	5.38577593E-1
43	5.39086768E-1
790	5.39584995E-1
419	5.39837422E-1
736	5.39857143E-1
596	5.4164924E-1
222	5.41902591E-1
937	5.42008574E-1
626	5.43639002E-1
148	5.44247247E-1
648	5.45269905E-1
385	5.47329296E-1
895	5.48550032E-1
237	5.51739401E-1
411	5.54635408E-1
558	5.55196152E-1
376	5.55920418E-1
599	5.56365505E-1
17	5.57814769E-1
403	5.58994403E-1
851	5.59253835E-1
445	5.62034697E-1
138	5.64072416E-1
716	5.64122479E-1
240	5.65242124E-1
800	5.66571864E-1
749	5.6913054E-1
962	5.69428622E-1
649	5.69538708E-1
843	5.71049891E-1
233	5.72141356E-1
308	5.74152834E-1
438	5.74899585E-1
865	5.77157542E-1
264	5.78061054E-1
740	5.78446824E-1
528	5.79916537E-1
52	5.82266054E-1
942	5.82290255E-1
72	5.82429628E-1
541	5.82651139E-1
82	5.83724473E-1
621	5.85373699E-1
960	5.85789045E-1
358	5.87409963E-1
647	5.87862661E-1
408	5.90734619E-1
130	5.91303229E-1
735	5.9230323E-1
167	5.92835352E-1
551	5.93104843E-1
688	6.0079955E-1
312	6.02008336E-1
703	6.02529818E-1
686	6.04730304E-1
29	6.06488492E-1
713	6.07491111E-1
224	6.08734806E-1
548	6.09276301E-1
820	6.09527276E-1
945	6.11080812E-1
271	6.11129559E-1
293	6.11717197E-1
132	6.1219296E-1
781	6.12931237E-1
517	6.13002344E-1
646	6.13079778E-1
513	6.13485553E-1
493	6.13660728E-1
187	6.14653836E-1
737	6.14656982E-1
102	6.14728309E-1
680	6.14816691E-1
90	6.15229686E-1
269	6.15855116E-1
151	6.173544E-1
792	6.17988869E-1
360	6.18188491E-1
488	6.18874934E-1
340	6.20045202E-1
924	6.20886126E-1
309	6.21723539E-1
896	6.25182649E-1
654	6.26194247E-1
47	6.26300131E-1
964	6.27941146E-1
217	6.2928427E-1
804	6.2998484E-1
863	6.30400503E-1
19	6.30433219E-1
163	6.31779443E-1
318	6.32322434E-1
337	6.32838264E-1
471	6.35725175E-1
437	6.36504738E-1
768	6.3810066E-1
524	6.40842008E-1
496	6.42315823E-1
124	6.4351225E-1
175	6.44762725E-1
760	6.44780213E-1
758	6.45477042E-1
574	6.46302543E-1
869	6.47417228E-1
775	6.48816442E-1
322	6.49528381E-1
643	6.50160964E-1
463	6.51047603E-1
707	6.51085371E-1
147	6.51204417E-1
634	6.51556205E-1
1021	6.51729589E-1
504	6.5317599E-1
81	6.53551269E-1
570	6.53809338E-1
449	6.55502E-1
988	6.55705244E-1
56	6.55780479E-1
393	6.59912333E-1
400	6.61966E-1
386	6.63531386E-1
272	6.67312419E-1
801	6.67595225E-1
581	6.67695221E-1
154	6.68455142E-1
919	6.69202573E-1
858	6.71081726E-1
473	6.71658368E-1
22	6.71899925E-1
439	6.73204854E-1
306	6.74901164E-1
997	6.77125475E-1
926	6.77916594E-1
171	6.79313283E-1
291	6.79989895E-1
981	6.80797754E-1
108	6.80996191E-1
483	6.850697E-1
27	6.8639821E-1
274	6.87429698E-1
73	6.88153591E-1
516	6.89317838E-1
989	6.90372377E-1
697	6.90742659E-1
856	6.93419389E-1
307	6.96546061E-1
122	6.96965083E-1
585	6.97053117E-1
321	6.9789852E-1
331	6.98968995E-1
494	6.98985875E-1
99	7.02272977E-1
192	7.03188003E-1
961	7.03496339E-1
127	7.05046232E-1
677	7.05112044E-1
204	7.05676824E-1
281	7.06636138E-1
659	7.07532068E-1
285	7.08909564E-1
974	7.09410389E-1
753	7.12388481E-1
913	7.1290609E-1
850	7.14088431E-1
1016	7.15042984E-1
653	7.16559231E-1
113	7.18263102E-1
78	7.18520058E-1
982	7.18551452E-1
450	7.19459951E-1
500	7.21994163E-1
28	7.2278093E-1
497	7.25918354E-1
980	7.2600003E-1
927	7.26197254E-1
901	7.31057414E-1
650	7.32847343E-1
123	7.32897259E-1
198	7.34455611E-1
46	7.36779095E-1
885	7.37350666E-1
813	7.37505365E-1
597	7.3853625E-1
928	7.39344751E-1
87	7.41779282E-1
319	7.43968539E-1
546	7.44591145E-1
526	7.45780841E-1
685	7.46168208E-1
65	7.46363587E-1
487	7.47645641E-1
311	7.48501813E-1
356	7.5038498E-1
762	7.50728068E-1
232	7.53502035E-1
580	7.54760608E-1
619	7.56367659E-1
140	7.56784019E-1
298	7.57785359E-1
36	7.58302427E-1
1022	7.58911429E-1
115	7.6000503E-1
741	7.60430583E-1
468	7.60722698E-1
772	7.61228711E-1
25	7.61233592E-1
514	7.6211457E-1
37	7.62114951E-1
485	7.62205194E-1
347	7.62284586E-1
846	7.66179012E-1
57	7.67857883E-1
443	7.68227804E-1
258	7.68538074E-1
553	7.68814192E-1
275	7.69520565E-1
120	7.71696924E-1
159	7.71957709E-1
288	7.72586823E-1
632	7.73836965E-1
235	7.74162196E-1
417	7.75484995E-1
106	7.76325152E-1
522	7.77966027E-1
819	7.78048429E-1
587	7.7892317E-1
829	7.81160002E-1
69	7.8123244E-1
936	7.81880065E-1
59	7.82218957E-1
695	7.82961716E-1
287	7.83548534E-1
922	7.84695261E-1
588	7.85250435E-1
61	7.86220114E-1
478	7.86241066E-1
75	7.88756758E-1
32	7.90618502E-1
756	7.92050088E-1
655	7.94074786E-1
705	7.94979602E-1
788	7.97482321E-1
779	7.9915028E-1
605	7.99150883E-1
214	7.99291917E-1
169	7.99878671E-1
351	8.00552213E-1
630	8.01071339E-1
225	8.02189071E-1
836	8.03404973E-1
821	8.06031942E-1
304	8.06880804E-1
162	8.07135112E-1
748	8.08188557E-1
242	8.08234524E-1
783	8.08286699E-1
357	8.09011713E-1
157	8.0976694E-1
833	8.10731078E-1
1017	8.11598885E-1
853	8.11664171E-1
382	8.12112954E-1
563	8.14928154E-1
904	8.15036434E-1
769	8.19077985E-1
373	8.19974531E-1
495	8.22645908E-1
1020	8.24507223E-1
732	8.25327652E-1
657	8.26374993E-1
950	8.32672071E-1
826	8.32692454E-1
559	8.33518876E-1
11	8.33910753E-1
292	8.36449753E-1
976	8.37370352E-1
940	8.37667264E-1
371	8.3821217E-1
361	8.40588486E-1
824	8.41504107E-1
378	8.4494554E-1
174	8.46380602E-1
86	8.48762162E-1
782	8.50343036E-1
305	8.50894342E-1
178	8.55878742E-1
190	8.55940317E-1
370	8.56327426E-1
539	8.5730442E-1
433	8.57800631E-1
544	8.58268643E-1
692	8.59312924E-1
557	8.60222224E-1
995	8.6069545E-1
880	8.60950255E-1
658	8.61311055E-1
867	8.61406798E-1
63	8.61571002E-1
366	8.61978943E-1
644	8.64072974E-1
5	8.64728882E-1
872	8.64731176E-1
475	8.6631194E-1
807	8.66349814E-1
261	8.66481526E-1
424	8.66614978E-1
701	8.67503576E-1
642	8.67696578E-1
158	8.67865665E-1
636	8.68324475E-1
182	8.68401562E-1
254	8.70165049E-1
503	8.70244368E-1
754	8.7056987E-1
447	8.71730394E-1
808	8.7251955E-1
210	8.72542648E-1
129	8.73681487E-1
723	8.7644808E-1
60	8.77975375E-1
467	8.8073479E-1
612	8.81296854E-1
752	8.82073308E-1
918	8.82831681E-1
875	8.82845049E-1
486	8.83193099E-1
213	8.84671655E-1
121	8.85249275E-1
828	8.85336357E-1
533	8.86204774E-1
666	8.86383393E-1
314	8.88345861E-1
607	8.8940573E-1
142	8.91885875E-1
728	8.99354527E-1
276	8.99402786E-1
796	8.99592391E-1
282	8.99673091E-1
379	8.99900964E-1
838	9.01167073E-1
9	9.01320757E-1
143	9.01643358E-1
784	9.03159748E-1
876	9.03764234E-1
197	9.06025759E-1
267	9.06627963E-1
739	9.07114149E-1
201	9.07677907E-1
348	9.07704806E-1
257	9.09259362E-1
426	9.11115119E-1
531	9.11842621E-1
199	9.12092124E-1
134	9.12210107E-1
992	9.13658876E-1
589	9.1542322E-1
34	9.19246097E-1
33	9.19508221E-1
712	9.19751195E-1
220	9.20051824E-1
310	9.24920425E-1
540	9.24921388E-1
545	9.2503221E-1
481	9.25229214E-1
49	9.25321124E-1
717	9.26868964E-1
179	9.2845787E-1
398	9.2849062E-1
724	9.29539224E-1
50	9.29748583E-1
406	9.31010305E-1
363	9.3138571E-1
594	9.31743561E-1
582	9.31966676E-1
215	9.32419305E-1
1004	9.32485595E-1
527	9.32791384E-1
364	9.33322965E-1
141	9.33806773E-1
751	9.34266276E-1
1014	9.36562781E-1
943	9.36577415E-1
256	9.37153691E-1
1010	9.39143169E-1
817	9.40330264E-1
206	9.43481987E-1
986	9.45189944E-1
678	9.49766883E-1
652	9.50026687E-1
446	9.50706812E-1
797	9.51536273E-1
410	9.51849728E-1
805	9.52777865E-1
722	9.5306793E-1
966	9.53218504E-1
1009	9.53854198E-1
389	9.54064628E-1
320	9.55383934E-1
631	9.57302518E-1
794	9.57519671E-1
335	9.5798237E-1
984	9.59071597E-1
791	9.61208901E-1
89	9.61358087E-1
4	9.61568717E-1
682	9.62119333E-1
764	9.62515553E-1
295	9.62515643E-1
381	9.64678097E-1
941	9.64856805E-1
325	9.6622233E-1
16	9.66764369E-1
877	9.67180182E-1
998	9.67397632E-1
327	9.6815919E-1
1018	9.68464041E-1
575	9.68593938E-1
718	9.68764478E-1
977	9.68891213E-1
315	9.69477508E-1
62	9.70111037E-1
462	9.71218564E-1
300	9.73881791E-1
79	9.74859664E-1
946	9.76299079E-1
555	9.77683142E-1
860	9.78552945E-1
209	9.80758155E-1
617	9.81330159E-1
556	9.81927482E-1
85	9.82704309E-1
466	9.8291511E-1
355	9.83867522E-1
23	9.84209866E-1
418	9.84478397E-1
825	9.8458725E-1
436	9.85230091E-1
260	9.8537598E-1
855	9.8555875E-1
428	9.85780896E-1
294	9.86845599E-1
573	9.87567257E-1
484	9.88422249E-1
20	9.89799854E-1
375	9.89895649E-1
812	9.89950289E-1
448	9.90248963E-1
763	9.91237647E-1
854	9.94523879E-1
698	9.99073624E-1
729	9.99101652E-1
529	9.9937457E-1
814	9.99883505E-1
