Name	chi2Pvalue
526	6.47931847E-4
791	9.47073342E-4
582	1.48510417E-3
861	1.6273873E-3
980	1.84281293E-3
347	2.50248188E-3
324	3.50221632E-3
399	4.37152042E-3
58	4.43922646E-3
133	4.61581526E-3
775	7.08584384E-3
273	7.41758526E-3
122	8.23035599E-3
1	9.71720512E-3
591	1.47673412E-2
394	1.65235898E-2
601	1.68924329E-2
967	1.71183034E-2
53	2.0483076E-2
827	2.07096069E-2
974	2.13670965E-2
664	2.14403537E-2
105	2.23065039E-2
649	2.2448347E-2
447	2.74597232E-2
696	2.79770684E-2
459	3.03750167E-2
854	3.24220805E-2
782	3.33680651E-2
216	3.37645376E-2
463	3.42502675E-2
494	3.5282583E-2
103	3.58902905E-2
938	3.63022218E-2
65	3.79455519E-2
1007	3.79899806E-2
870	3.95944977E-2
1014	4.14414414E-2
834	4.38199316E-2
608	4.41321172E-2
358	4.41916974E-2
373	4.69384088E-2
875	4.71204463E-2
912	4.81733647E-2
320	5.02150615E-2
499	5.06852078E-2
461	5.1535175E-2
738	5.35373005E-2
214	5.38809967E-2
796	5.39148935E-2
729	5.46084546E-2
978	5.52071907E-2
332	5.58532786E-2
849	5.61061934E-2
586	5.65021237E-2
287	5.76300525E-2
853	5.91287172E-2
955	6.03325346E-2
14	6.40360087E-2
780	6.61252686E-2
646	6.75760113E-2
371	6.81244087E-2
884	6.84316902E-2
431	6.8735031E-2
507	6.92830321E-2
22	6.93448715E-2
538	7.20874896E-2
284	7.2787486E-2
575	7.33317636E-2
158	7.37803083E-2
736	7.40330861E-2
362	7.46401082E-2
833	7.50998629E-2
688	7.87594863E-2
247	7.96094372E-2
456	8.04345936E-2
865	8.13285438E-2
381	8.52306446E-2
523	8.55503599E-2
715	8.69735717E-2
438	8.71126341E-2
48	8.74736767E-2
961	8.84612859E-2
116	8.85667854E-2
173	8.89744097E-2
573	9.00811993E-2
895	9.00864776E-2
668	9.0219637E-2
686	9.03908974E-2
771	9.0855741E-2
38	9.11240981E-2
64	9.1449309E-2
964	9.51532122E-2
3	9.5900707E-2
127	9.77331364E-2
70	9.89291382E-2
850	1.01025374E-1
209	1.01467895E-1
923	1.02015374E-1
932	1.02162949E-1
355	1.03715503E-1
308	1.03811354E-1
694	1.04911692E-1
543	1.05385445E-1
39	1.05680112E-1
584	1.05816219E-1
278	1.09516389E-1
553	1.10511546E-1
239	1.1075033E-1
672	1.1130553E-1
27	1.12448451E-1
587	1.13447603E-1
1022	1.13470287E-1
565	1.14113714E-1
783	1.15396579E-1
396	1.16636254E-1
535	1.17039808E-1
66	1.17408344E-1
345	1.17823659E-1
194	1.17995387E-1
52	1.18868139E-1
378	1.19568458E-1
943	1.19904428E-1
190	1.21051997E-1
385	1.21822165E-1
314	1.22701139E-1
40	1.24670835E-1
35	1.25229107E-1
344	1.25415265E-1
142	1.25425444E-1
262	1.25437451E-1
904	1.254928E-1
825	1.27345694E-1
665	1.27975747E-1
9	1.28133839E-1
859	1.28243749E-1
293	1.29273394E-1
832	1.29471483E-1
24	1.30809931E-1
754	1.31017703E-1
606	1.31584097E-1
42	1.31759633E-1
922	1.32139597E-1
521	1.32634035E-1
746	1.33669389E-1
232	1.34541592E-1
650	1.34706289E-1
240	1.34991642E-1
975	1.39010221E-1
84	1.39045009E-1
129	1.40082569E-1
568	1.40431229E-1
919	1.40698974E-1
769	1.41683471E-1
467	1.4200187E-1
473	1.42722354E-1
820	1.4321018E-1
76	1.43412169E-1
13	1.44374817E-1
251	1.44935932E-1
218	1.46191603E-1
444	1.46199489E-1
969	1.47450444E-1
410	1.47492597E-1
477	1.48028965E-1
460	1.50455781E-1
131	1.50460945E-1
948	1.54287054E-1
772	1.55298717E-1
47	1.57586452E-1
474	1.57670158E-1
165	1.57858417E-1
937	1.58078791E-1
987	1.58551862E-1
98	1.59506549E-1
390	1.59668561E-1
510	1.59796898E-1
566	1.60924236E-1
570	1.61477249E-1
675	1.65526901E-1
100	1.66334629E-1
709	1.66869758E-1
933	1.67434239E-1
604	1.67829728E-1
880	1.67919107E-1
148	1.68554101E-1
714	1.70134647E-1
33	1.71710253E-1
272	1.71908379E-1
681	1.75438656E-1
455	1.76281302E-1
517	1.77999562E-1
753	1.79423368E-1
310	1.79767698E-1
569	1.8039966E-1
359	1.80651885E-1
62	1.80953033E-1
73	1.81557173E-1
727	1.85909003E-1
74	1.88950632E-1
217	1.89475568E-1
1019	1.90360509E-1
340	1.90603736E-1
759	1.90730621E-1
683	1.90851157E-1
564	1.91089669E-1
250	1.91647734E-1
1010	1.92704726E-1
767	1.93350303E-1
1005	1.93442762E-1
282	1.94010555E-1
34	1.95236905E-1
841	1.95255719E-1
401	1.95958266E-1
619	1.98215446E-1
11	1.98410988E-1
49	2.00959487E-1
679	2.03139756E-1
130	2.03320869E-1
552	2.0332598E-1
280	2.03457841E-1
704	2.0354085E-1
939	2.04350895E-1
193	2.05479204E-1
996	2.07111887E-1
492	2.08658191E-1
551	2.09991319E-1
808	2.10514475E-1
518	2.12902606E-1
406	2.13071999E-1
464	2.15889699E-1
150	2.16116012E-1
726	2.16315424E-1
16	2.16474256E-1
661	2.16664085E-1
221	2.19103833E-1
175	2.19874339E-1
765	2.20002809E-1
962	2.20707422E-1
428	2.20836518E-1
563	2.21425549E-1
989	2.22954687E-1
449	2.23269053E-1
254	2.24624524E-1
253	2.26143131E-1
954	2.26828069E-1
745	2.2742648E-1
548	2.28965305E-1
481	2.29037932E-1
429	2.30109131E-1
4	2.31749702E-1
343	2.3260059E-1
37	2.35636659E-1
804	2.36861273E-1
512	2.36975955E-1
789	2.37138289E-1
795	2.37304849E-1
879	2.37502516E-1
300	2.39646789E-1
527	2.39944612E-1
252	2.41855711E-1
430	2.45321398E-1
229	2.45955878E-1
549	2.469621E-1
774	2.48637108E-1
906	2.48910637E-1
230	2.49177388E-1
992	2.50093643E-1
931	2.51015168E-1
531	2.52461556E-1
900	2.52603534E-1
186	2.54786216E-1
748	2.5515369E-1
128	2.55225106E-1
404	2.55799026E-1
534	2.56240202E-1
424	2.57400997E-1
998	2.57467622E-1
398	2.59461007E-1
712	2.60775847E-1
728	2.61343195E-1
168	2.61669269E-1
402	2.63266171E-1
242	2.6346635E-1
228	2.63987529E-1
785	2.64524498E-1
600	2.64647944E-1
189	2.64961932E-1
395	2.66194925E-1
17	2.67620615E-1
418	2.6832858E-1
620	2.73247499E-1
348	2.73783738E-1
414	2.75792172E-1
896	2.76547527E-1
19	2.76685753E-1
953	2.79694516E-1
255	2.79785184E-1
596	2.80500249E-1
97	2.82063804E-1
316	2.82474534E-1
889	2.86305989E-1
560	2.86731178E-1
749	2.87737966E-1
571	2.88415413E-1
554	2.89683948E-1
648	2.9030096E-1
275	2.91238451E-1
734	2.92287889E-1
546	2.93949257E-1
866	2.9409308E-1
558	2.95639683E-1
323	2.957135E-1
542	2.95864874E-1
157	2.96440371E-1
117	3.0078767E-1
612	3.01083656E-1
524	3.01120788E-1
877	3.01252178E-1
908	3.0241826E-1
846	3.03974556E-1
212	3.04069372E-1
109	3.04088704E-1
422	3.08744321E-1
200	3.08834988E-1
397	3.09301487E-1
161	3.09615345E-1
497	3.11185929E-1
450	3.11782979E-1
92	3.11859181E-1
244	3.12295317E-1
942	3.12441105E-1
379	3.12834429E-1
719	3.12994018E-1
184	3.13143245E-1
652	3.13421991E-1
823	3.15654503E-1
245	3.16853246E-1
154	3.1747355E-1
993	3.17966504E-1
466	3.18222263E-1
636	3.20783312E-1
811	3.2087211E-1
405	3.20968823E-1
483	3.22335235E-1
423	3.26056826E-1
407	3.27368837E-1
144	3.30272648E-1
801	3.30548254E-1
514	3.32006891E-1
819	3.3309106E-1
126	3.33464703E-1
722	3.37308001E-1
720	3.39695379E-1
915	3.40536041E-1
702	3.41007709E-1
448	3.41387963E-1
226	3.41787943E-1
326	3.4204557E-1
630	3.42824375E-1
415	3.47380844E-1
391	3.47518939E-1
950	3.4831495E-1
680	3.48587767E-1
403	3.48784026E-1
505	3.49423812E-1
325	3.49451247E-1
1012	3.50095121E-1
206	3.5010444E-1
163	3.51005457E-1
185	3.51416964E-1
88	3.54955284E-1
990	3.55675434E-1
80	3.58814224E-1
268	3.5917938E-1
82	3.59736104E-1
356	3.60230646E-1
899	3.61698609E-1
202	3.62775007E-1
457	3.63259338E-1
539	3.64453383E-1
220	3.64729156E-1
182	3.67355164E-1
386	3.68335826E-1
132	3.69249499E-1
118	3.70206161E-1
1015	3.70774611E-1
496	3.70853484E-1
237	3.71093891E-1
363	3.71394065E-1
1000	3.71763254E-1
108	3.72007012E-1
911	3.76812523E-1
353	3.77803811E-1
421	3.79915542E-1
731	3.82758204E-1
111	3.84609652E-1
289	3.84737572E-1
872	3.86703728E-1
231	3.86996916E-1
982	3.87387846E-1
311	3.87602794E-1
624	3.89256782E-1
921	3.89876721E-1
487	3.91664437E-1
574	3.93177169E-1
657	3.93640406E-1
654	3.93970727E-1
408	3.94078052E-1
583	3.95356426E-1
743	3.96369047E-1
670	3.96818471E-1
167	3.96901286E-1
269	3.98562332E-1
699	3.98952453E-1
346	3.99530497E-1
873	4.00534505E-1
642	4.00892475E-1
107	4.01351529E-1
537	4.03223438E-1
44	4.03365862E-1
515	4.03401131E-1
99	4.03858572E-1
871	4.04211719E-1
77	4.04472549E-1
183	4.04774787E-1
740	4.05538591E-1
800	4.103042E-1
807	4.11367436E-1
651	4.11738856E-1
69	4.11834184E-1
488	4.12175773E-1
432	4.12490365E-1
264	4.1382696E-1
525	4.14359363E-1
112	4.14629518E-1
576	4.15594663E-1
267	4.1668977E-1
516	4.16913667E-1
957	4.1695593E-1
802	4.18468421E-1
169	4.19280812E-1
616	4.21405874E-1
490	4.21528903E-1
968	4.25297179E-1
411	4.26010711E-1
25	4.27249173E-1
222	4.27336124E-1
605	4.28992041E-1
761	4.29428118E-1
90	4.29545263E-1
797	4.31637825E-1
845	4.32446734E-1
647	4.33156475E-1
615	4.33896698E-1
773	4.34370029E-1
970	4.34747189E-1
134	4.35383668E-1
259	4.35412335E-1
890	4.37473375E-1
246	4.39551496E-1
555	4.39867796E-1
971	4.41798293E-1
12	4.41934405E-1
453	4.42211323E-1
318	4.42337551E-1
327	4.42387221E-1
171	4.43379414E-1
598	4.46337217E-1
692	4.47449905E-1
352	4.5026305E-1
760	4.50716316E-1
265	4.51006578E-1
360	4.53063944E-1
644	4.55024255E-1
479	4.55609894E-1
223	4.5608031E-1
618	4.58578095E-1
0	4.59131562E-1
437	4.63217604E-1
966	4.65084215E-1
817	4.65252998E-1
579	4.67333202E-1
350	4.67498489E-1
304	4.67617932E-1
435	4.67916221E-1
274	4.69161271E-1
784	4.70880438E-1
370	4.71007702E-1
387	4.71481081E-1
836	4.73602112E-1
831	4.74479747E-1
57	4.75993015E-1
139	4.76274048E-1
23	4.76328272E-1
691	4.76659696E-1
1013	4.76860923E-1
436	4.77514994E-1
321	4.77708433E-1
8	4.80146928E-1
89	4.81583374E-1
235	4.81783161E-1
693	4.82214504E-1
986	4.83354016E-1
689	4.84122928E-1
1008	4.87266317E-1
852	4.8834645E-1
562	4.9084505E-1
119	4.90886882E-1
611	4.95037381E-1
489	4.95485324E-1
462	4.98986E-1
764	4.99729452E-1
837	5.00619742E-1
213	5.00882733E-1
684	5.01206905E-1
219	5.02654708E-1
162	5.04755776E-1
944	5.06253813E-1
790	5.06639748E-1
940	5.06687251E-1
384	5.06710837E-1
376	5.07076964E-1
905	5.07169313E-1
83	5.0720392E-1
102	5.07667433E-1
930	5.08371567E-1
1018	5.09872232E-1
271	5.10326292E-1
557	5.10983722E-1
742	5.11803937E-1
502	5.17199607E-1
434	5.18768717E-1
874	5.20334102E-1
179	5.2135034E-1
72	5.21503801E-1
883	5.22491379E-1
125	5.23062407E-1
1021	5.23318152E-1
301	5.24722391E-1
903	5.24757177E-1
929	5.27838894E-1
897	5.28007691E-1
520	5.29169877E-1
960	5.30560254E-1
703	5.31862347E-1
465	5.33907407E-1
7	5.34012898E-1
67	5.35660434E-1
302	5.35723298E-1
818	5.36433175E-1
188	5.37040441E-1
196	5.38128889E-1
1023	5.38237626E-1
721	5.38860163E-1
174	5.39608776E-1
891	5.40557271E-1
643	5.40707627E-1
71	5.41167493E-1
55	5.42084935E-1
580	5.43812527E-1
6	5.44565214E-1
898	5.45756997E-1
339	5.45913915E-1
821	5.48736111E-1
413	5.51114231E-1
634	5.51481922E-1
349	5.52355216E-1
983	5.53809073E-1
238	5.54398541E-1
29	5.54656396E-1
288	5.55129201E-1
639	5.55394065E-1
513	5.56076404E-1
735	5.57513814E-1
18	5.61991317E-1
5	5.62803903E-1
454	5.63938302E-1
824	5.65771871E-1
677	5.67276522E-1
400	5.67433398E-1
901	5.68479608E-1
956	5.69553489E-1
452	5.70484303E-1
170	5.72347948E-1
60	5.7419743E-1
177	5.74323487E-1
770	5.74498432E-1
375	5.74648896E-1
249	5.76032438E-1
949	5.76990003E-1
718	5.77723014E-1
419	5.78019552E-1
695	5.78777378E-1
916	5.81727579E-1
614	5.82477737E-1
389	5.84150474E-1
928	5.8509909E-1
985	5.85821247E-1
991	5.86577388E-1
716	5.88369811E-1
626	5.89397089E-1
607	5.89477058E-1
592	5.90416111E-1
51	5.91143557E-1
810	5.9163462E-1
110	5.92594308E-1
482	5.94183042E-1
762	5.94411601E-1
864	5.94568658E-1
747	5.96212674E-1
486	5.96571748E-1
711	5.97812019E-1
621	5.9945212E-1
210	6.00514435E-1
522	6.01719558E-1
671	6.03315988E-1
96	6.03591406E-1
892	6.03785009E-1
1020	6.05177334E-1
15	6.05513249E-1
354	6.06860707E-1
981	6.12514586E-1
593	6.12728242E-1
994	6.1652847E-1
205	6.16930496E-1
958	6.18001384E-1
814	6.1935809E-1
776	6.19907944E-1
135	6.20089156E-1
914	6.20526258E-1
1003	6.20943606E-1
902	6.21128975E-1
567	6.22043457E-1
673	6.24994846E-1
869	6.2559901E-1
848	6.28296488E-1
835	6.28877718E-1
868	6.30600296E-1
667	6.32899479E-1
934	6.33034085E-1
425	6.33072931E-1
417	6.35722379E-1
595	6.35751322E-1
153	6.39163305E-1
778	6.39323728E-1
631	6.40103063E-1
504	6.40601884E-1
433	6.42266492E-1
208	6.4513994E-1
809	6.45609424E-1
338	6.45804042E-1
63	6.4586271E-1
855	6.46377751E-1
211	6.47048922E-1
867	6.48998654E-1
224	6.4970806E-1
342	6.4983538E-1
260	6.50206356E-1
995	6.52580932E-1
713	6.54090263E-1
164	6.54718194E-1
140	6.56033714E-1
180	6.56769337E-1
755	6.60056308E-1
910	6.60420057E-1
367	6.61560933E-1
427	6.6185316E-1
585	6.6361572E-1
863	6.6506618E-1
341	6.66107854E-1
330	6.66662562E-1
781	6.67382968E-1
156	6.69501792E-1
91	6.71898962E-1
622	6.73497675E-1
685	6.76152817E-1
215	6.7690807E-1
733	6.77480639E-1
151	6.77584846E-1
547	6.77679286E-1
610	6.77962476E-1
86	6.78386531E-1
633	6.83235514E-1
678	6.83390045E-1
476	6.85677775E-1
822	6.86513595E-1
56	6.8752641E-1
632	6.89047467E-1
588	6.89526308E-1
988	6.90068993E-1
1006	6.94349783E-1
813	6.94502015E-1
655	6.94874723E-1
842	6.94986457E-1
698	6.9527648E-1
529	6.96531282E-1
723	7.00022081E-1
294	7.00556082E-1
306	7.01150591E-1
319	7.01422066E-1
46	7.02750861E-1
887	7.03828641E-1
178	7.05420895E-1
757	7.0556769E-1
277	7.05670609E-1
81	7.07562272E-1
101	7.09008568E-1
792	7.099411E-1
577	7.11505518E-1
236	7.12447667E-1
532	7.14663382E-1
690	7.14864458E-1
628	7.15068522E-1
392	7.15181538E-1
87	7.15329382E-1
603	7.15666626E-1
388	7.16001435E-1
676	7.17226757E-1
786	7.18260545E-1
445	7.18465006E-1
472	7.18988219E-1
334	7.19438854E-1
441	7.1965714E-1
43	7.20219274E-1
687	7.20963973E-1
199	7.23839023E-1
881	7.24760824E-1
322	7.25228422E-1
794	7.26953288E-1
856	7.27354697E-1
329	7.28812251E-1
705	7.3105744E-1
1016	7.31971847E-1
637	7.3372617E-1
599	7.34284939E-1
927	7.34355652E-1
305	7.35024816E-1
106	7.3677505E-1
597	7.37136958E-1
779	7.41367118E-1
997	7.41562509E-1
952	7.43718615E-1
629	7.44094064E-1
299	7.45874819E-1
2	7.46221668E-1
59	7.46439456E-1
155	7.49842766E-1
708	7.50307694E-1
756	7.50789685E-1
374	7.51533735E-1
141	7.52525473E-1
21	7.5263439E-1
545	7.53004617E-1
333	7.53569458E-1
307	7.54630323E-1
203	7.55045493E-1
936	7.56218624E-1
469	7.57164763E-1
30	7.60413502E-1
658	7.61377563E-1
382	7.61953259E-1
26	7.62128997E-1
706	7.62356716E-1
366	7.62450809E-1
420	7.62823484E-1
442	7.64080343E-1
589	7.64497529E-1
75	7.65176438E-1
862	7.65280652E-1
439	7.6561095E-1
578	7.66077376E-1
758	7.67291966E-1
503	7.6808396E-1
204	7.68929827E-1
732	7.70726204E-1
440	7.70945509E-1
536	7.72962991E-1
847	7.74751028E-1
878	7.74964783E-1
227	7.76916911E-1
829	7.77361058E-1
725	7.77382874E-1
491	7.78114521E-1
977	7.78561803E-1
666	7.79179876E-1
805	7.80204958E-1
907	7.80460457E-1
561	7.82384288E-1
50	7.82583431E-1
768	7.83030923E-1
924	7.83261917E-1
787	7.83319099E-1
45	7.8357732E-1
660	7.84326217E-1
351	7.86236507E-1
828	7.87374297E-1
763	7.87595987E-1
409	7.87711078E-1
296	7.87862199E-1
95	7.89244175E-1
292	7.90285101E-1
638	7.90741424E-1
181	7.91614692E-1
724	7.9308894E-1
446	7.93935582E-1
519	7.93963858E-1
710	7.94040007E-1
10	7.95650943E-1
234	7.96106732E-1
984	7.968951E-1
136	7.97299249E-1
645	7.98286879E-1
138	8.02135945E-1
972	8.02154598E-1
700	8.02861652E-1
839	8.0289643E-1
41	8.0421358E-1
857	8.04665654E-1
788	8.05421711E-1
475	8.05430359E-1
701	8.05843261E-1
285	8.07433216E-1
707	8.08793115E-1
137	8.10882789E-1
336	8.12728023E-1
946	8.12757603E-1
364	8.15865453E-1
281	8.18678637E-1
286	8.18702823E-1
540	8.19138101E-1
926	8.19818125E-1
198	8.22030143E-1
61	8.22090006E-1
550	8.22165075E-1
361	8.24323591E-1
263	8.2561698E-1
291	8.26755468E-1
766	8.27236333E-1
530	8.28481767E-1
380	8.29239511E-1
276	8.29293203E-1
243	8.29446536E-1
830	8.29664272E-1
412	8.29993431E-1
28	8.30493132E-1
335	8.30655834E-1
78	8.30697297E-1
653	8.31277757E-1
979	8.31664932E-1
317	8.31674759E-1
1009	8.31800906E-1
959	8.32066907E-1
559	8.32102812E-1
656	8.32187957E-1
730	8.32631238E-1
79	8.33844735E-1
152	8.33975112E-1
973	8.3437099E-1
886	8.37651895E-1
963	8.37704806E-1
94	8.37962876E-1
500	8.39651731E-1
241	8.40529735E-1
187	8.40822686E-1
925	8.41798727E-1
717	8.42153875E-1
160	8.43330562E-1
663	8.44354413E-1
882	8.45163324E-1
124	8.46862756E-1
426	8.47341E-1
54	8.47476791E-1
120	8.50407548E-1
493	8.50913295E-1
207	8.51403335E-1
1002	8.53454486E-1
495	8.54221663E-1
248	8.54770919E-1
1004	8.56182508E-1
609	8.56190531E-1
741	8.56601505E-1
894	8.56929517E-1
793	8.57051878E-1
159	8.57588358E-1
113	8.58346518E-1
31	8.58593471E-1
197	8.59095116E-1
258	8.59336116E-1
195	8.61106766E-1
470	8.64458831E-1
803	8.6573355E-1
947	8.68216465E-1
498	8.69318564E-1
233	8.70798069E-1
511	8.71315303E-1
506	8.71495876E-1
965	8.71875019E-1
146	8.74184278E-1
635	8.74687687E-1
114	8.7592662E-1
885	8.76213145E-1
659	8.76570175E-1
541	8.76678736E-1
941	8.77211765E-1
20	8.77299043E-1
147	8.77714518E-1
331	8.7920739E-1
752	8.79866333E-1
556	8.82093924E-1
393	8.82674795E-1
528	8.84179214E-1
812	8.84848779E-1
176	8.87373264E-1
290	8.88877422E-1
365	8.89032288E-1
613	8.92993515E-1
279	8.93251183E-1
1011	8.94899346E-1
602	8.95273393E-1
581	8.96133544E-1
623	8.98330298E-1
104	9.004158E-1
697	9.00490207E-1
372	9.0092333E-1
625	9.04099601E-1
192	9.05127418E-1
256	9.05320076E-1
572	9.06242396E-1
799	9.06421626E-1
744	9.08008117E-1
844	9.10204268E-1
357	9.11643395E-1
298	9.13821595E-1
149	9.14741293E-1
451	9.15244097E-1
816	9.17558735E-1
509	9.17613363E-1
471	9.17676525E-1
416	9.17685732E-1
737	9.18200275E-1
750	9.22130158E-1
888	9.23524766E-1
843	9.2377335E-1
121	9.24261603E-1
951	9.25735426E-1
533	9.26837963E-1
458	9.27130337E-1
739	9.27254205E-1
315	9.27415339E-1
838	9.28320005E-1
917	9.30063686E-1
935	9.3060017E-1
266	9.3151316E-1
36	9.3170294E-1
480	9.32363023E-1
478	9.3240194E-1
893	9.34038627E-1
312	9.35474121E-1
858	9.36322469E-1
303	9.37536194E-1
669	9.38101834E-1
191	9.38434505E-1
257	9.38902492E-1
501	9.39208342E-1
508	9.39609006E-1
337	9.42384365E-1
484	9.43645487E-1
798	9.4453303E-1
945	9.44737611E-1
172	9.45532273E-1
594	9.47403034E-1
115	9.48416852E-1
1017	9.49197539E-1
443	9.50229228E-1
368	9.50504042E-1
32	9.53060873E-1
806	9.54990732E-1
328	9.55094262E-1
627	9.57890451E-1
68	9.58768036E-1
201	9.60421337E-1
662	9.61293858E-1
751	9.61296427E-1
270	9.61593783E-1
313	9.63215739E-1
93	9.63244187E-1
640	9.63876008E-1
860	9.643507E-1
840	9.6670071E-1
815	9.68089751E-1
544	9.71208552E-1
123	9.72512274E-1
641	9.73456816E-1
777	9.73834854E-1
617	9.74244386E-1
876	9.74731771E-1
909	9.78298289E-1
674	9.79141167E-1
85	9.79356688E-1
913	9.8079972E-1
826	9.81722548E-1
225	9.85250153E-1
976	9.85470687E-1
377	9.86499656E-1
166	9.88885548E-1
1001	9.88965525E-1
145	9.89639817E-1
295	9.90452795E-1
297	9.90791222E-1
468	9.92508387E-1
309	9.9275076E-1
383	9.93369765E-1
999	9.95952878E-1
918	9.96774266E-1
261	9.97231773E-1
682	9.97597074E-1
143	9.97890471E-1
485	9.99040194E-1
851	9.99978648E-1
