Name	chi2Pvalue
43	2.23156342E-3
676	4.99906777E-3
104	5.25806005E-3
555	5.26837443E-3
169	6.55990116E-3
111	6.6036548E-3
552	7.99713727E-3
812	1.01684582E-2
946	1.0521779E-2
869	1.08821476E-2
781	1.24225532E-2
525	1.34545904E-2
746	1.46789817E-2
556	1.48320568E-2
282	1.53189949E-2
479	1.64487146E-2
777	1.69513445E-2
146	1.73736912E-2
196	1.77082847E-2
845	1.78708654E-2
823	2.05903746E-2
543	2.19741317E-2
296	2.73318278E-2
59	2.84699637E-2
522	2.98417551E-2
181	3.11332503E-2
192	3.19657244E-2
518	3.27666439E-2
649	3.31808901E-2
658	3.37562681E-2
813	3.43912193E-2
810	3.49316439E-2
442	3.52845698E-2
848	3.75085309E-2
892	3.7788566E-2
538	4.11009789E-2
207	4.24913893E-2
245	4.28626094E-2
635	4.31279754E-2
203	4.50436258E-2
692	4.53480111E-2
309	4.71989618E-2
262	4.72092613E-2
155	4.75075588E-2
820	4.78856126E-2
123	4.82441393E-2
64	4.85466116E-2
797	4.98371622E-2
678	5.1227081E-2
55	5.31491857E-2
75	5.32404122E-2
651	5.5144049E-2
609	5.53648561E-2
534	5.62963162E-2
13	5.63258739E-2
558	5.67678227E-2
65	5.75646409E-2
917	5.79653862E-2
964	5.82988366E-2
666	5.87883877E-2
734	5.95093369E-2
896	6.11529536E-2
698	6.15923649E-2
744	6.207428E-2
308	6.23112858E-2
96	6.32957376E-2
872	6.33104609E-2
570	6.44798964E-2
350	6.60061225E-2
989	6.73748013E-2
136	7.14480242E-2
7	7.21356871E-2
934	7.22815618E-2
1001	7.31268675E-2
189	7.39168854E-2
499	7.65054009E-2
880	7.67660332E-2
86	7.68767837E-2
91	7.88063613E-2
42	7.91947625E-2
622	8.15441558E-2
979	8.20999297E-2
327	8.35616081E-2
270	8.39487582E-2
176	8.44253145E-2
324	8.59725892E-2
691	8.63173699E-2
171	8.81871225E-2
716	8.95004841E-2
140	9.03122113E-2
667	9.03611586E-2
279	9.42114117E-2
840	9.51528956E-2
275	9.52180004E-2
721	9.64195616E-2
15	9.97728002E-2
764	1.00148951E-1
244	1.01201365E-1
995	1.03392292E-1
990	1.04046296E-1
816	1.06855288E-1
438	1.08898402E-1
643	1.09418273E-1
468	1.10268332E-1
1012	1.10334804E-1
803	1.11090417E-1
73	1.11611422E-1
150	1.1215747E-1
755	1.13054017E-1
773	1.15594275E-1
443	1.19893793E-1
966	1.2010666E-1
323	1.20300048E-1
214	1.2031504E-1
277	1.20376255E-1
996	1.24328101E-1
688	1.25010026E-1
167	1.25532648E-1
624	1.255332E-1
317	1.26159302E-1
389	1.26357463E-1
641	1.26482636E-1
132	1.27268E-1
626	1.27784696E-1
884	1.28549843E-1
868	1.28645669E-1
364	1.29451854E-1
963	1.3014117E-1
663	1.30882145E-1
507	1.32769269E-1
480	1.32852704E-1
489	1.33564787E-1
511	1.33576695E-1
185	1.33622453E-1
541	1.33755368E-1
48	1.33936766E-1
474	1.37490954E-1
501	1.37693212E-1
217	1.37884051E-1
332	1.39690974E-1
680	1.40595384E-1
560	1.40760469E-1
148	1.43731685E-1
924	1.44222819E-1
486	1.46896011E-1
562	1.47175588E-1
112	1.47204801E-1
497	1.49959534E-1
644	1.50269822E-1
654	1.51450164E-1
725	1.52524776E-1
453	1.5292613E-1
51	1.53197985E-1
736	1.54853359E-1
540	1.55541882E-1
870	1.56217535E-1
576	1.57686544E-1
79	1.58564092E-1
617	1.59141524E-1
807	1.59280926E-1
940	1.59847373E-1
557	1.60018131E-1
34	1.60385864E-1
68	1.61218603E-1
723	1.62291523E-1
287	1.63676833E-1
302	1.64420481E-1
972	1.66029891E-1
1004	1.66247739E-1
61	1.66322461E-1
38	1.67216467E-1
618	1.67321827E-1
727	1.6845472E-1
735	1.68704111E-1
190	1.71354895E-1
492	1.71758165E-1
236	1.72343111E-1
24	1.72566354E-1
179	1.7266436E-1
976	1.73226034E-1
441	1.73479646E-1
655	1.75115243E-1
92	1.75470753E-1
584	1.77385681E-1
396	1.78589716E-1
916	1.78884682E-1
831	1.79987514E-1
87	1.79994747E-1
957	1.80023055E-1
274	1.81563169E-1
199	1.81878211E-1
76	1.82057342E-1
611	1.83451784E-1
5	1.86254603E-1
94	1.86820372E-1
800	1.87434005E-1
37	1.87798929E-1
962	1.88971374E-1
526	1.89408909E-1
516	1.89846866E-1
763	1.90692122E-1
347	1.91332458E-1
164	1.93617129E-1
927	1.93759245E-1
162	1.94418786E-1
107	1.99955414E-1
928	2.00416654E-1
427	2.00948631E-1
1016	2.0185492E-1
408	2.03068884E-1
72	2.03107559E-1
50	2.03154354E-1
249	2.03489283E-1
633	2.04253739E-1
318	2.05446823E-1
430	2.07049726E-1
860	2.08521689E-1
783	2.09268117E-1
221	2.09900089E-1
967	2.1158237E-1
547	2.11587876E-1
395	2.11628299E-1
549	2.12001524E-1
339	2.12328011E-1
852	2.13364374E-1
640	2.14027621E-1
542	2.14125935E-1
320	2.16965363E-1
373	2.18068815E-1
186	2.18936309E-1
241	2.19073484E-1
696	2.19510188E-1
31	2.1984934E-1
177	2.23689702E-1
588	2.25981993E-1
612	2.26420968E-1
342	2.29728287E-1
188	2.29810411E-1
954	2.31611198E-1
67	2.35131552E-1
776	2.356799E-1
974	2.36109676E-1
201	2.36246649E-1
793	2.36452525E-1
99	2.36557298E-1
141	2.37030635E-1
41	2.38036377E-1
258	2.38044317E-1
103	2.38525638E-1
625	2.40042405E-1
216	2.41441425E-1
984	2.43142579E-1
381	2.46210995E-1
1000	2.46218169E-1
429	2.46938565E-1
84	2.47324114E-1
152	2.49535001E-1
58	2.51033031E-1
753	2.51357142E-1
564	2.51706446E-1
536	2.52364822E-1
161	2.52869065E-1
451	2.5346402E-1
703	2.53721786E-1
281	2.54019621E-1
801	2.54800067E-1
638	2.57259253E-1
742	2.57451004E-1
945	2.59111906E-1
149	2.59497481E-1
992	2.62195365E-1
205	2.63928584E-1
304	2.66793711E-1
986	2.66996792E-1
877	2.67041682E-1
503	2.68467758E-1
521	2.72767055E-1
431	2.73551536E-1
632	2.73607394E-1
229	2.73903679E-1
745	2.74411287E-1
1017	2.75923633E-1
223	2.77355813E-1
761	2.77554634E-1
371	2.78071659E-1
847	2.80685149E-1
285	2.81051604E-1
834	2.81113465E-1
269	2.8163747E-1
1002	2.81957132E-1
345	2.82271449E-1
592	2.82595069E-1
933	2.84110425E-1
795	2.88926075E-1
765	2.89349654E-1
440	2.90758677E-1
791	2.91705141E-1
819	2.91771668E-1
60	2.91861837E-1
69	2.92816596E-1
948	2.93582994E-1
400	2.94051291E-1
515	2.94132844E-1
344	2.94408706E-1
243	2.96429819E-1
901	2.97284218E-1
885	2.9978496E-1
300	3.03010937E-1
106	3.04355429E-1
307	3.05603822E-1
445	3.06628116E-1
11	3.07214787E-1
355	3.07430727E-1
78	3.08270808E-1
487	3.09140428E-1
844	3.09223829E-1
237	3.1030407E-1
999	3.10468255E-1
493	3.12430191E-1
410	3.12879878E-1
187	3.1335708E-1
413	3.13711269E-1
47	3.14386052E-1
420	3.153887E-1
9	3.15770074E-1
404	3.15883855E-1
292	3.1757363E-1
778	3.17696975E-1
491	3.178889E-1
839	3.18818938E-1
596	3.19813765E-1
575	3.19896592E-1
261	3.20549757E-1
580	3.20903117E-1
881	3.21604118E-1
131	3.23325974E-1
57	3.23816981E-1
879	3.24002374E-1
388	3.2439764E-1
789	3.2490171E-1
454	3.25661757E-1
90	3.26932086E-1
737	3.27553663E-1
657	3.27927904E-1
568	3.28665884E-1
271	3.28667947E-1
551	3.28749874E-1
805	3.31032661E-1
378	3.31210015E-1
838	3.3169846E-1
637	3.31926085E-1
390	3.32308725E-1
260	3.3259188E-1
461	3.3330833E-1
325	3.33507942E-1
760	3.3412312E-1
425	3.34471021E-1
80	3.35459787E-1
182	3.35669845E-1
436	3.35971765E-1
259	3.36446658E-1
25	3.3761371E-1
925	3.40850969E-1
559	3.41823203E-1
887	3.43130746E-1
62	3.44221922E-1
971	3.44254778E-1
368	3.46224633E-1
219	3.47079607E-1
513	3.49467871E-1
969	3.49525537E-1
0	3.4964566E-1
855	3.50544265E-1
133	3.53240898E-1
856	3.53905099E-1
699	3.54404372E-1
97	3.54696044E-1
621	3.55268722E-1
476	3.55393317E-1
529	3.56318843E-1
116	3.57071248E-1
603	3.58936847E-1
743	3.59170877E-1
960	3.60053013E-1
101	3.60105682E-1
907	3.61125474E-1
231	3.61545791E-1
504	3.6189854E-1
481	3.61994448E-1
498	3.62493948E-1
178	3.62661717E-1
808	3.6267647E-1
145	3.6290049E-1
949	3.64766716E-1
462	3.67673186E-1
338	3.68586645E-1
508	3.69481942E-1
519	3.69529028E-1
738	3.73820551E-1
363	3.75410971E-1
20	3.75484006E-1
209	3.76271456E-1
702	3.78501218E-1
544	3.80773202E-1
550	3.8134575E-1
802	3.81618634E-1
935	3.82208552E-1
28	3.82746651E-1
218	3.85223068E-1
685	3.85394032E-1
634	3.85997943E-1
939	3.8714376E-1
385	3.87930119E-1
705	3.8884249E-1
310	3.90748315E-1
539	3.91464787E-1
754	3.91796096E-1
822	3.92908559E-1
124	3.93651388E-1
563	3.94188938E-1
639	3.95672692E-1
771	3.96522995E-1
537	3.9861451E-1
180	3.98826433E-1
981	3.99645536E-1
686	4.05397729E-1
659	4.05805127E-1
591	4.0612395E-1
354	4.06461879E-1
446	4.09209909E-1
690	4.10344868E-1
532	4.11182909E-1
697	4.1151509E-1
931	4.1213753E-1
683	4.13302928E-1
387	4.13682937E-1
242	4.13724075E-1
573	4.1484192E-1
382	4.17141803E-1
477	4.17395303E-1
694	4.17626995E-1
49	4.20027407E-1
785	4.20445415E-1
8	4.2121632E-1
628	4.21342805E-1
729	4.21682579E-1
465	4.23829185E-1
299	4.24329487E-1
652	4.24534908E-1
792	4.26634711E-1
502	4.29490667E-1
174	4.29773041E-1
463	4.30422927E-1
135	4.30845608E-1
668	4.31203134E-1
298	4.31803796E-1
213	4.33922312E-1
677	4.34661193E-1
790	4.35619147E-1
512	4.35817106E-1
784	4.36744397E-1
464	4.36924136E-1
100	4.36995431E-1
858	4.39103936E-1
912	4.40838568E-1
469	4.41083989E-1
689	4.41566526E-1
422	4.41788675E-1
866	4.42504746E-1
403	4.4319471E-1
89	4.43738027E-1
227	4.45321633E-1
391	4.45738931E-1
88	4.47430414E-1
786	4.48091496E-1
456	4.48280907E-1
22	4.50419186E-1
546	4.51082114E-1
233	4.51831604E-1
202	4.53228085E-1
198	4.55274625E-1
311	4.5623644E-1
944	4.57295135E-1
380	4.57452504E-1
894	4.60503544E-1
837	4.61199046E-1
579	4.62645681E-1
495	4.63319595E-1
44	4.63451228E-1
988	4.66412428E-1
695	4.66632407E-1
527	4.67744098E-1
965	4.68076985E-1
154	4.68208603E-1
853	4.68876292E-1
119	4.68969036E-1
854	4.69894548E-1
129	4.77654987E-1
303	4.78893252E-1
718	4.80331999E-1
514	4.80506761E-1
449	4.83745583E-1
358	4.85035233E-1
432	4.86356679E-1
184	4.90809897E-1
109	4.9086758E-1
401	4.92120779E-1
170	4.92325552E-1
1011	4.92407148E-1
909	4.92558255E-1
605	4.92771034E-1
52	4.94128027E-1
195	4.96422877E-1
758	4.96566926E-1
577	4.97121956E-1
958	5.00147396E-1
623	5.01807613E-1
256	5.02832225E-1
353	5.03005861E-1
548	5.04174907E-1
586	5.04446002E-1
415	5.07857401E-1
959	5.08569727E-1
956	5.08773688E-1
435	5.08979705E-1
846	5.09197815E-1
56	5.10043703E-1
329	5.10507644E-1
301	5.10923066E-1
750	5.10927413E-1
726	5.1115629E-1
706	5.15513397E-1
747	5.15652345E-1
234	5.16439075E-1
341	5.18280528E-1
85	5.18989183E-1
717	5.20044981E-1
488	5.20422913E-1
610	5.20665434E-1
749	5.22415547E-1
357	5.23195847E-1
788	5.24207076E-1
708	5.24849134E-1
863	5.26703622E-1
714	5.27026679E-1
286	5.27884355E-1
713	5.27898718E-1
321	5.29071615E-1
664	5.29885079E-1
961	5.30049908E-1
836	5.32048921E-1
955	5.32913425E-1
460	5.33625136E-1
379	5.3995624E-1
751	5.41141835E-1
878	5.41966697E-1
598	5.43569652E-1
572	5.44354124E-1
675	5.44976456E-1
457	5.45220218E-1
407	5.45998955E-1
922	5.48440232E-1
225	5.50355979E-1
875	5.51312183E-1
704	5.52134976E-1
594	5.52364632E-1
794	5.52473528E-1
98	5.54759125E-1
392	5.55993378E-1
520	5.5766102E-1
421	5.59220001E-1
467	5.60215265E-1
531	5.60278662E-1
741	5.60313275E-1
606	5.62401657E-1
194	5.62589097E-1
384	5.64002607E-1
1	5.64428034E-1
312	5.65469533E-1
756	5.67616793E-1
200	5.68499156E-1
247	5.69988737E-1
602	5.7072194E-1
733	5.72464548E-1
496	5.7344487E-1
276	5.74100948E-1
252	5.74527977E-1
509	5.75374494E-1
405	5.77738292E-1
330	5.78880629E-1
709	5.83254109E-1
574	5.84358057E-1
12	5.84625008E-1
313	5.87879239E-1
113	5.88994699E-1
428	5.8995607E-1
412	5.91118557E-1
494	5.91432555E-1
919	5.9258806E-1
728	5.92948197E-1
168	5.94397704E-1
740	5.95507395E-1
228	5.95711352E-1
906	5.96085827E-1
343	5.96182843E-1
553	5.96442646E-1
399	5.97455804E-1
893	5.97461893E-1
139	5.97829628E-1
991	5.99620194E-1
835	6.00581854E-1
45	6.01414039E-1
322	6.03024366E-1
21	6.04453565E-1
383	6.05138686E-1
424	6.05803019E-1
295	6.07592606E-1
772	6.09362833E-1
597	6.12419551E-1
297	6.12737108E-1
608	6.14239816E-1
372	6.14943353E-1
409	6.16111503E-1
4	6.16304182E-1
238	6.18606863E-1
18	6.19189262E-1
374	6.19512323E-1
36	6.19515779E-1
239	6.19545873E-1
545	6.20103686E-1
248	6.20422015E-1
997	6.20610206E-1
319	6.2222458E-1
406	6.22673815E-1
883	6.24960349E-1
485	6.29343823E-1
82	6.29721421E-1
423	6.30828836E-1
720	6.31940004E-1
932	6.32080598E-1
158	6.32115408E-1
647	6.3327221E-1
581	6.33415376E-1
787	6.34138497E-1
27	6.3570845E-1
356	6.35739926E-1
661	6.364632E-1
554	6.40104976E-1
253	6.4112838E-1
6	6.42612237E-1
211	6.43478791E-1
900	6.4394748E-1
337	6.44006315E-1
66	6.45422604E-1
535	6.4646054E-1
284	6.46933991E-1
722	6.47443289E-1
127	6.48753733E-1
613	6.52492563E-1
458	6.53774886E-1
122	6.5767335E-1
903	6.57845556E-1
265	6.58471716E-1
336	6.61175812E-1
433	6.61660248E-1
630	6.64886519E-1
865	6.65256329E-1
54	6.66036186E-1
817	6.67445357E-1
571	6.67663787E-1
204	6.68065128E-1
983	6.69315589E-1
911	6.69429345E-1
953	6.69589682E-1
510	6.69601434E-1
687	6.71581324E-1
767	6.73414041E-1
604	6.74904002E-1
938	6.75938551E-1
796	6.7667644E-1
715	6.78409893E-1
891	6.78564473E-1
472	6.78843227E-1
128	6.79827991E-1
212	6.81271906E-1
902	6.82032383E-1
862	6.84829314E-1
93	6.86013007E-1
375	6.87275779E-1
197	6.87433346E-1
684	6.88913774E-1
523	6.89718579E-1
821	6.90224562E-1
367	6.93315919E-1
530	6.95229044E-1
377	6.96494406E-1
450	6.97444465E-1
263	6.97848363E-1
288	6.97941327E-1
17	6.98856714E-1
156	6.99233245E-1
280	6.99967845E-1
483	7.01000056E-1
294	7.0116034E-1
114	7.03129737E-1
671	7.03632734E-1
102	7.03719012E-1
730	7.06666742E-1
829	7.07136746E-1
809	7.07217865E-1
908	7.07567739E-1
490	7.09036062E-1
40	7.12197154E-1
1005	7.12827067E-1
267	7.13188486E-1
333	7.16244774E-1
947	7.16910975E-1
910	7.1725095E-1
982	7.18789751E-1
142	7.19322227E-1
615	7.19330569E-1
951	7.21412872E-1
642	7.21823525E-1
874	7.22101809E-1
71	7.22208707E-1
1013	7.22414428E-1
762	7.23078957E-1
14	7.23852339E-1
930	7.24095252E-1
126	7.25768804E-1
208	7.27832857E-1
759	7.28739911E-1
151	7.29346379E-1
857	7.29375207E-1
824	7.29815799E-1
473	7.3005182E-1
915	7.30155856E-1
398	7.31111239E-1
1015	7.31236591E-1
895	7.31435762E-1
255	7.3372362E-1
851	7.34710521E-1
411	7.35584932E-1
828	7.37442443E-1
864	7.3870877E-1
646	7.392113E-1
444	7.40276003E-1
266	7.40587656E-1
811	7.41223867E-1
950	7.41491063E-1
681	7.41492692E-1
191	7.42727667E-1
650	7.43378849E-1
505	7.43418276E-1
889	7.44780852E-1
448	7.45153995E-1
95	7.45611647E-1
818	7.48523134E-1
32	7.49230843E-1
362	7.51359053E-1
110	7.52451077E-1
193	7.56416254E-1
616	7.56688506E-1
351	7.57786798E-1
766	7.58638908E-1
105	7.59641132E-1
326	7.60571749E-1
470	7.60579186E-1
268	7.61008483E-1
273	7.6184936E-1
235	7.61984319E-1
417	7.63662797E-1
157	7.67206275E-1
593	7.71541345E-1
386	7.71619631E-1
589	7.72223476E-1
289	7.74724936E-1
246	7.75917132E-1
77	7.78154812E-1
335	7.78401015E-1
74	7.78987715E-1
1018	7.79093302E-1
832	7.79558277E-1
506	7.80150375E-1
942	7.81862525E-1
291	7.82221432E-1
914	7.82911258E-1
601	7.83133466E-1
360	7.84506939E-1
711	7.87573735E-1
478	7.87915651E-1
173	7.89234501E-1
222	7.89767275E-1
121	7.90169762E-1
220	7.90175335E-1
897	7.90294726E-1
645	7.90988016E-1
53	7.91009915E-1
674	7.91523741E-1
175	7.91691636E-1
620	7.93482227E-1
599	7.93876546E-1
160	7.94361498E-1
923	7.95231743E-1
108	7.95245556E-1
600	7.96119761E-1
968	7.98041001E-1
183	8.00182197E-1
774	8.0044029E-1
629	8.00728238E-1
662	8.01934442E-1
426	8.03588986E-1
439	8.05414809E-1
293	8.06832549E-1
918	8.07947043E-1
565	8.09715385E-1
524	8.10304941E-1
595	8.11824422E-1
660	8.12041581E-1
830	8.12301442E-1
583	8.12819956E-1
264	8.13411174E-1
636	8.14877014E-1
814	8.14977915E-1
578	8.15741724E-1
346	8.16120702E-1
517	8.16390042E-1
656	8.16556275E-1
397	8.16754864E-1
757	8.16831721E-1
941	8.18074601E-1
414	8.19540004E-1
316	8.20834501E-1
748	8.21433179E-1
724	8.22363821E-1
250	8.23100408E-1
888	8.25451063E-1
10	8.25960762E-1
482	8.26864737E-1
306	8.27401866E-1
780	8.30705802E-1
833	8.32238194E-1
707	8.3350089E-1
607	8.33800978E-1
561	8.33932257E-1
340	8.34143826E-1
29	8.35573404E-1
679	8.35786228E-1
471	8.37171921E-1
144	8.39257857E-1
980	8.39261422E-1
775	8.39364137E-1
886	8.41063956E-1
46	8.41067044E-1
278	8.41301551E-1
365	8.43389165E-1
867	8.4399054E-1
566	8.4405105E-1
81	8.44222309E-1
890	8.45176507E-1
876	8.45180645E-1
500	8.46495096E-1
850	8.47291134E-1
305	8.47711136E-1
1020	8.49221355E-1
328	8.49336859E-1
978	8.50539178E-1
165	8.51929076E-1
210	8.5254928E-1
376	8.53974697E-1
937	8.54264039E-1
752	8.54940635E-1
452	8.56623529E-1
23	8.57144092E-1
134	8.5725923E-1
272	8.57567403E-1
614	8.58320129E-1
147	8.5839723E-1
842	8.59934822E-1
226	8.65028482E-1
779	8.6695531E-1
3	8.68341037E-1
251	8.68343147E-1
19	8.69126643E-1
665	8.69304114E-1
943	8.70860405E-1
33	8.78117267E-1
619	8.78391398E-1
475	8.7895116E-1
315	8.79828176E-1
669	8.81141951E-1
732	8.81382643E-1
434	8.83333209E-1
798	8.84841964E-1
254	8.84933826E-1
83	8.87090673E-1
224	8.87156287E-1
769	8.87180193E-1
904	8.87220332E-1
314	8.90140662E-1
459	8.90271163E-1
898	8.91269881E-1
118	8.93933468E-1
921	8.94195439E-1
768	8.94218535E-1
137	8.96964606E-1
782	8.97304032E-1
240	8.9777762E-1
394	8.97907034E-1
30	8.99554494E-1
975	9.00721292E-1
331	9.00786873E-1
120	9.00887798E-1
700	9.00910651E-1
825	9.04515571E-1
419	9.05276379E-1
437	9.07279556E-1
569	9.07725924E-1
693	9.09650469E-1
826	9.10256296E-1
582	9.13118687E-1
770	9.13854706E-1
739	9.1410187E-1
143	9.15423592E-1
466	9.15959E-1
232	9.16728784E-1
63	9.18924591E-1
230	9.19057907E-1
416	9.1947402E-1
35	9.20175729E-1
115	9.21015241E-1
125	9.21348677E-1
973	9.2281105E-1
1007	9.23157232E-1
163	9.23616067E-1
873	9.24308853E-1
998	9.26167978E-1
985	9.26198896E-1
731	9.27275781E-1
130	9.28099037E-1
799	9.28476114E-1
701	9.30982036E-1
682	9.32249135E-1
528	9.37297473E-1
370	9.3774389E-1
672	9.38481162E-1
841	9.38536021E-1
393	9.39279275E-1
936	9.39356381E-1
418	9.39854656E-1
1010	9.40167433E-1
2	9.41752902E-1
929	9.41757399E-1
648	9.42868186E-1
70	9.45785526E-1
987	9.46102317E-1
484	9.46561798E-1
1008	9.46620705E-1
359	9.46754837E-1
952	9.47392198E-1
366	9.48171738E-1
455	9.49027E-1
970	9.49512946E-1
827	9.5013726E-1
172	9.51243483E-1
843	9.51636003E-1
899	9.53648647E-1
712	9.54094691E-1
806	9.54248671E-1
26	9.55583518E-1
859	9.55668197E-1
1003	9.5625601E-1
993	9.58974367E-1
1014	9.5918085E-1
447	9.60424968E-1
352	9.60638483E-1
871	9.60836802E-1
849	9.60879481E-1
977	9.61165793E-1
585	9.64523355E-1
39	9.65752541E-1
926	9.663069E-1
153	9.67324159E-1
710	9.67720776E-1
206	9.68191841E-1
861	9.69201068E-1
627	9.69743218E-1
567	9.70003734E-1
719	9.70185994E-1
653	9.71620452E-1
334	9.72729411E-1
994	9.73014801E-1
1019	9.73084564E-1
215	9.73978965E-1
117	9.74182367E-1
631	9.74982427E-1
673	9.76200114E-1
257	9.76959003E-1
533	9.77830754E-1
587	9.78546116E-1
1021	9.79150831E-1
804	9.80214632E-1
913	9.81379466E-1
290	9.82730288E-1
138	9.88465093E-1
361	9.8867935E-1
348	9.8940821E-1
882	9.90515441E-1
670	9.90913702E-1
1009	9.92264706E-1
349	9.92754598E-1
815	9.9380554E-1
1023	9.94149456E-1
905	9.94812828E-1
16	9.94992316E-1
402	9.95297077E-1
166	9.95304391E-1
159	9.96194846E-1
1022	9.97172563E-1
1006	9.98986805E-1
