Name	chi2Pvalue
923	1.29582504E-3
562	1.91158897E-3
646	2.02532794E-3
347	3.25721387E-3
402	4.87295087E-3
352	5.59134653E-3
955	6.04850243E-3
98	6.69061453E-3
276	7.26430871E-3
73	9.51900115E-3
734	9.90153916E-3
942	9.92796948E-3
18	1.24003604E-2
638	1.27584956E-2
403	1.35343269E-2
699	1.35670793E-2
963	1.42697581E-2
220	1.57807663E-2
35	1.65374098E-2
774	1.66831872E-2
860	1.83149757E-2
231	1.85993187E-2
1	1.87740371E-2
31	1.94252123E-2
168	1.9509578E-2
1001	2.03463052E-2
211	2.2846569E-2
227	2.44702489E-2
539	2.45099695E-2
973	2.55942294E-2
124	2.64619151E-2
723	2.70459972E-2
417	2.84623362E-2
542	2.89218054E-2
327	2.89982525E-2
695	3.15736549E-2
93	3.39551598E-2
765	3.48230541E-2
974	3.7326868E-2
615	4.01890485E-2
807	4.12357634E-2
39	4.15136008E-2
509	4.38483935E-2
87	4.42060005E-2
153	4.61545529E-2
870	4.65791257E-2
461	4.71484181E-2
111	4.72691937E-2
30	4.88117411E-2
805	4.91132807E-2
314	4.92372087E-2
591	4.99847765E-2
943	5.24559136E-2
432	5.24699681E-2
800	5.32495926E-2
275	5.38348449E-2
468	5.52310332E-2
994	5.52428038E-2
238	5.9040475E-2
268	5.94642336E-2
158	5.95606227E-2
985	6.03841558E-2
409	6.07519596E-2
757	6.27957117E-2
221	6.31993968E-2
648	6.35173425E-2
932	6.35429489E-2
798	6.35831786E-2
682	6.44472061E-2
174	6.55679331E-2
253	6.69724254E-2
392	6.72509642E-2
338	6.89747711E-2
334	7.04043461E-2
183	7.14782364E-2
702	7.17458479E-2
704	7.23302352E-2
517	7.26640512E-2
371	7.26855319E-2
258	7.32669894E-2
730	7.3858009E-2
745	7.52320776E-2
114	7.56321569E-2
676	7.57860762E-2
485	7.72932217E-2
518	7.77753927E-2
433	7.86429898E-2
903	7.88734581E-2
762	8.01587581E-2
397	8.06740102E-2
38	8.31755549E-2
501	8.31807612E-2
607	8.34718959E-2
679	8.35741598E-2
6	8.40509566E-2
410	8.4769237E-2
74	8.49516274E-2
292	8.65517192E-2
797	8.71291906E-2
147	8.7787886E-2
595	8.79495912E-2
754	8.98844247E-2
341	9.09818335E-2
394	9.15407675E-2
761	9.17670124E-2
463	9.25053199E-2
101	9.27090663E-2
95	9.29019215E-2
437	9.37401023E-2
482	9.6156276E-2
127	9.6374676E-2
446	9.66633528E-2
845	9.72938904E-2
53	9.80361253E-2
281	9.8900732E-2
247	9.92827476E-2
851	9.94951171E-2
950	9.99755399E-2
712	9.99917596E-2
67	1.02360024E-1
961	1.02841342E-1
51	1.03785739E-1
684	1.03787903E-1
718	1.04059633E-1
924	1.04732063E-1
163	1.04822714E-1
11	1.04968938E-1
7	1.05398101E-1
296	1.06067665E-1
941	1.08837461E-1
390	1.10299448E-1
844	1.1119721E-1
582	1.1145346E-1
330	1.15174161E-1
618	1.15189367E-1
782	1.15405875E-1
624	1.1601672E-1
100	1.16905023E-1
791	1.18169447E-1
528	1.18493417E-1
1015	1.18574614E-1
480	1.18977946E-1
137	1.19086374E-1
697	1.20448463E-1
489	1.21171557E-1
956	1.21383036E-1
713	1.21872565E-1
512	1.24310928E-1
142	1.24416616E-1
691	1.24677905E-1
435	1.24787166E-1
568	1.25913939E-1
45	1.26211662E-1
262	1.28070658E-1
592	1.28707041E-1
218	1.29394034E-1
770	1.30427036E-1
980	1.31464387E-1
236	1.32839574E-1
811	1.33878683E-1
801	1.34239314E-1
486	1.34484084E-1
824	1.34813551E-1
907	1.37087487E-1
972	1.37306552E-1
912	1.38673429E-1
202	1.39196715E-1
921	1.39963474E-1
541	1.40865253E-1
605	1.41327603E-1
224	1.41587151E-1
161	1.44645296E-1
633	1.45429695E-1
634	1.46687448E-1
254	1.46804386E-1
15	1.46909423E-1
606	1.47966842E-1
454	1.48528458E-1
603	1.49028974E-1
976	1.52598403E-1
294	1.53823026E-1
879	1.54396567E-1
911	1.5559559E-1
856	1.57377501E-1
778	1.57855785E-1
475	1.58112276E-1
135	1.58699888E-1
217	1.61607668E-1
208	1.61957407E-1
670	1.63812919E-1
27	1.64574113E-1
773	1.65596603E-1
554	1.68707207E-1
55	1.69011794E-1
971	1.69116263E-1
905	1.70184212E-1
885	1.70539653E-1
3	1.70909496E-1
357	1.71822016E-1
116	1.73499628E-1
565	1.73607283E-1
812	1.740439E-1
237	1.75130416E-1
759	1.78786456E-1
678	1.80671054E-1
266	1.81257536E-1
431	1.83402664E-1
381	1.84845043E-1
264	1.87357761E-1
48	1.87622866E-1
190	1.8788861E-1
837	1.89028219E-1
442	1.89065174E-1
927	1.90118952E-1
469	1.90127464E-1
404	1.9090186E-1
145	1.92242699E-1
853	1.92708395E-1
626	1.93836565E-1
895	1.94128299E-1
652	1.94184607E-1
80	1.95936096E-1
926	2.00515167E-1
447	2.01174354E-1
272	2.0208842E-1
257	2.03106807E-1
694	2.03237157E-1
300	2.03734101E-1
113	2.0483431E-1
583	2.06617122E-1
260	2.07250119E-1
450	2.07635511E-1
438	2.07656345E-1
415	2.09662234E-1
483	2.10807262E-1
649	2.11744224E-1
172	2.11844989E-1
186	2.12967744E-1
492	2.13248042E-1
629	2.13298142E-1
736	2.13350252E-1
340	2.14993815E-1
714	2.16273009E-1
657	2.17710357E-1
685	2.17777427E-1
519	2.17788607E-1
380	2.17832246E-1
880	2.22340119E-1
910	2.23099629E-1
876	2.2312319E-1
323	2.23833222E-1
451	2.24880737E-1
416	2.25084655E-1
968	2.25410879E-1
548	2.25473821E-1
488	2.26665233E-1
748	2.27697554E-1
506	2.28354221E-1
1008	2.30974166E-1
359	2.34674802E-1
362	2.35114808E-1
535	2.35179043E-1
887	2.40732277E-1
777	2.40986818E-1
893	2.41144359E-1
516	2.41185133E-1
350	2.41582493E-1
671	2.42330425E-1
70	2.42339865E-1
228	2.42544595E-1
570	2.42962136E-1
524	2.46855453E-1
428	2.46970648E-1
835	2.51740697E-1
992	2.52349983E-1
563	2.52609714E-1
573	2.53069546E-1
47	2.54133276E-1
940	2.54261467E-1
789	2.54308511E-1
538	2.56488525E-1
986	2.57299881E-1
787	2.57520175E-1
78	2.58601681E-1
291	2.60171479E-1
692	2.64090022E-1
366	2.64416505E-1
551	2.66898644E-1
61	2.67106801E-1
640	2.67792779E-1
604	2.67857724E-1
377	2.68097051E-1
569	2.69363853E-1
166	2.72167956E-1
930	2.72802745E-1
94	2.73577903E-1
744	2.74018718E-1
304	2.75136274E-1
996	2.75472157E-1
829	2.75534756E-1
820	2.7576954E-1
478	2.7715663E-1
297	2.7794959E-1
240	2.78584229E-1
223	2.82401887E-1
983	2.8347038E-1
750	2.83746559E-1
354	2.85526316E-1
883	2.8641261E-1
155	2.87451582E-1
484	2.92305859E-1
610	2.9406481E-1
472	2.94459834E-1
503	2.95586739E-1
525	2.98564105E-1
867	2.98784518E-1
572	2.99015764E-1
117	2.99875245E-1
439	3.00262485E-1
214	3.01456655E-1
737	3.01882894E-1
267	3.03781687E-1
401	3.04819794E-1
969	3.05299685E-1
817	3.05823546E-1
857	3.08918811E-1
179	3.09296204E-1
165	3.09613326E-1
705	3.10008501E-1
828	3.10664281E-1
717	3.11698952E-1
916	3.11700235E-1
674	3.13387106E-1
846	3.15443221E-1
288	3.17139719E-1
429	3.17713226E-1
176	3.17975936E-1
132	3.18931104E-1
882	3.19504578E-1
396	3.19966053E-1
981	3.21254114E-1
793	3.21417725E-1
632	3.2155073E-1
557	3.21731103E-1
809	3.22671513E-1
631	3.24771766E-1
370	3.24922145E-1
146	3.25800119E-1
310	3.2924402E-1
440	3.29336663E-1
54	3.30746579E-1
1005	3.30749319E-1
177	3.32219033E-1
307	3.32872621E-1
143	3.33406132E-1
747	3.36167774E-1
139	3.36868693E-1
743	3.37342384E-1
181	3.37534626E-1
841	3.38519723E-1
622	3.38724822E-1
842	3.39899617E-1
771	3.40372158E-1
831	3.43345752E-1
653	3.43602261E-1
998	3.44931443E-1
906	3.45182411E-1
580	3.46008002E-1
953	3.47871101E-1
329	3.48243158E-1
859	3.4855125E-1
465	3.5112142E-1
1000	3.5333883E-1
321	3.5411966E-1
681	3.57234809E-1
126	3.57731166E-1
49	3.58046252E-1
891	3.59463898E-1
361	3.60156317E-1
499	3.60642272E-1
342	3.65133401E-1
816	3.65224441E-1
46	3.6614669E-1
185	3.66214742E-1
169	3.66731099E-1
490	3.68284027E-1
663	3.69519491E-1
904	3.73633929E-1
42	3.76332544E-1
560	3.76428869E-1
779	3.76953405E-1
425	3.77403867E-1
553	3.80362067E-1
8	3.81909843E-1
991	3.8337731E-1
785	3.84270744E-1
250	3.84325599E-1
125	3.85666806E-1
1021	3.86795291E-1
620	3.88091049E-1
643	3.88370797E-1
868	3.89003788E-1
118	3.89821304E-1
635	3.90426541E-1
367	3.90789496E-1
90	3.90960849E-1
57	3.91865049E-1
1002	3.92058197E-1
382	3.92447802E-1
496	3.92484789E-1
178	3.92588287E-1
500	3.9297667E-1
936	3.940081E-1
655	3.94355097E-1
232	3.96244595E-1
675	3.97454064E-1
313	3.97639799E-1
144	3.99142316E-1
739	4.0124014E-1
746	4.02145962E-1
164	4.0285065E-1
71	4.04437881E-1
40	4.06397959E-1
68	4.07134359E-1
229	4.08775378E-1
213	4.09455069E-1
840	4.09877388E-1
977	4.12080885E-1
875	4.138872E-1
834	4.1412776E-1
625	4.14360562E-1
701	4.14974284E-1
896	4.15196903E-1
693	4.20390804E-1
458	4.20992129E-1
473	4.21337685E-1
427	4.24045317E-1
644	4.24238227E-1
531	4.25424238E-1
332	4.27014478E-1
498	4.27070057E-1
160	4.27273162E-1
420	4.27979256E-1
669	4.28579364E-1
131	4.28580466E-1
827	4.29008337E-1
289	4.3073068E-1
75	4.32949062E-1
339	4.33934114E-1
355	4.35790384E-1
389	4.38706948E-1
722	4.38871692E-1
295	4.39911054E-1
970	4.40848011E-1
858	4.43064668E-1
434	4.45175218E-1
919	4.45574768E-1
790	4.45604529E-1
207	4.46158534E-1
108	4.4884983E-1
103	4.49157986E-1
419	4.49414429E-1
522	4.5021047E-1
1006	4.54362097E-1
1007	4.55596583E-1
316	4.5577391E-1
530	4.56714923E-1
613	4.59097102E-1
881	4.60267991E-1
414	4.60281711E-1
5	4.60566468E-1
627	4.62563964E-1
303	4.66371712E-1
112	4.6902534E-1
150	4.69792215E-1
504	4.7106626E-1
376	4.7123717E-1
121	4.72836949E-1
769	4.7326261E-1
196	4.74372239E-1
226	4.74510058E-1
230	4.74742558E-1
808	4.75228222E-1
453	4.77374035E-1
532	4.79693037E-1
191	4.80804564E-1
925	4.81609273E-1
966	4.84195688E-1
639	4.868021E-1
426	4.87475132E-1
937	4.89967163E-1
349	4.90944015E-1
406	4.91534218E-1
358	4.96360155E-1
343	4.97061049E-1
96	4.97099449E-1
398	4.97217612E-1
758	4.9806387E-1
755	4.9810936E-1
365	4.98339432E-1
900	4.99056273E-1
890	4.99971271E-1
847	5.01217359E-1
597	5.02444138E-1
878	5.03533227E-1
659	5.03631422E-1
391	5.06023172E-1
251	5.0760858E-1
708	5.07640163E-1
706	5.09464916E-1
120	5.10939212E-1
173	5.12895393E-1
388	5.12951859E-1
242	5.13362242E-1
273	5.13786524E-1
513	5.14277333E-1
740	5.16554767E-1
884	5.17232119E-1
387	5.17321243E-1
662	5.17416434E-1
130	5.17680076E-1
767	5.19505705E-1
421	5.23351052E-1
219	5.239274E-1
290	5.26353813E-1
729	5.29155125E-1
448	5.30052247E-1
735	5.31379631E-1
511	5.31752174E-1
76	5.31921218E-1
344	5.32859381E-1
109	5.33587258E-1
863	5.33865061E-1
305	5.35061887E-1
558	5.35526035E-1
62	5.35746801E-1
457	5.35748198E-1
249	5.37222446E-1
642	5.37415128E-1
44	5.39864217E-1
248	5.45686335E-1
246	5.47509063E-1
686	5.48742273E-1
760	5.50517382E-1
252	5.50662745E-1
852	5.5103723E-1
301	5.53157697E-1
804	5.54383235E-1
102	5.54852171E-1
1017	5.55332012E-1
259	5.56509695E-1
384	5.56901369E-1
710	5.59268949E-1
651	5.6051145E-1
947	5.61815424E-1
776	5.62276624E-1
690	5.62458171E-1
861	5.64112886E-1
707	5.64198499E-1
616	5.64489163E-1
795	5.64949718E-1
335	5.66563277E-1
187	5.66846103E-1
9	5.68937945E-1
348	5.69821979E-1
938	5.70872647E-1
0	5.72113869E-1
951	5.72151754E-1
898	5.74203332E-1
13	5.74995801E-1
84	5.7546941E-1
608	5.75764451E-1
520	5.76509903E-1
82	5.78446972E-1
315	5.78980677E-1
306	5.79546017E-1
104	5.79570637E-1
476	5.7961157E-1
167	5.79902843E-1
886	5.81224965E-1
523	5.81409459E-1
66	5.81878628E-1
658	5.85522212E-1
374	5.86090961E-1
720	5.91634837E-1
995	5.9264193E-1
602	5.92816155E-1
326	5.92952303E-1
353	5.94188148E-1
965	5.94606605E-1
99	5.95497948E-1
81	5.96029347E-1
386	5.98105616E-1
222	5.99068785E-1
933	6.0179665E-1
317	6.02552878E-1
466	6.02750759E-1
964	6.03417697E-1
578	6.03742449E-1
979	6.04118432E-1
284	6.04198249E-1
783	6.04227472E-1
209	6.04538252E-1
1018	6.07555569E-1
871	6.08196655E-1
529	6.11500097E-1
422	6.12386751E-1
822	6.12390375E-1
567	6.1301767E-1
29	6.13452015E-1
85	6.14154643E-1
285	6.14355845E-1
136	6.144192E-1
683	6.14951884E-1
193	6.16061451E-1
922	6.16190542E-1
636	6.16609112E-1
255	6.17989513E-1
945	6.18190737E-1
467	6.18837307E-1
318	6.2038558E-1
107	6.20993398E-1
836	6.21914468E-1
33	6.22794323E-1
599	6.24539693E-1
650	6.25611873E-1
356	6.26962861E-1
902	6.27094221E-1
19	6.28050784E-1
854	6.28707762E-1
263	6.29700272E-1
58	6.32580349E-1
373	6.33918212E-1
141	6.34140033E-1
26	6.34480425E-1
156	6.34791176E-1
726	6.35010234E-1
239	6.35233662E-1
1010	6.35506601E-1
400	6.37169914E-1
122	6.3762039E-1
928	6.39440349E-1
360	6.39629681E-1
86	6.40383591E-1
459	6.40593603E-1
698	6.41411846E-1
149	6.4210572E-1
654	6.43891072E-1
780	6.47143683E-1
138	6.47683727E-1
507	6.49094732E-1
234	6.50788679E-1
537	6.51630036E-1
775	6.53332146E-1
724	6.54438984E-1
742	6.56492487E-1
279	6.57089919E-1
204	6.58122869E-1
110	6.58535063E-1
952	6.58659405E-1
443	6.59181436E-1
311	6.5959281E-1
799	6.60178662E-1
781	6.61535769E-1
333	6.63756515E-1
184	6.6406897E-1
584	6.66199811E-1
134	6.66207494E-1
270	6.67742768E-1
241	6.68588445E-1
865	6.69190376E-1
899	6.71275511E-1
154	6.71696039E-1
351	6.72447062E-1
140	6.74579697E-1
1011	6.76587758E-1
700	6.78051798E-1
792	6.79971387E-1
1003	6.80376678E-1
872	6.80796537E-1
20	6.81559794E-1
593	6.83760814E-1
534	6.89171367E-1
619	6.91302272E-1
319	6.92542168E-1
786	6.92667967E-1
993	6.93381601E-1
549	6.94116637E-1
741	6.96336386E-1
949	6.98175024E-1
28	6.99184413E-1
703	6.99656017E-1
673	7.00529583E-1
456	7.00715224E-1
97	7.02277718E-1
282	7.02290886E-1
59	7.03505483E-1
796	7.03880445E-1
215	7.03949758E-1
550	7.06014289E-1
1012	7.06656574E-1
505	7.06928547E-1
556	7.06933377E-1
756	7.07205922E-1
378	7.09104646E-1
521	7.10604745E-1
175	7.11141555E-1
413	7.12272748E-1
821	7.13052804E-1
738	7.13425993E-1
596	7.1357469E-1
14	7.13745065E-1
687	7.14353152E-1
495	7.1488833E-1
588	7.15968822E-1
802	7.16028164E-1
869	7.18391024E-1
452	7.18404628E-1
115	7.20136819E-1
526	7.21386192E-1
819	7.21496514E-1
128	7.21568648E-1
788	7.23357733E-1
407	7.23407618E-1
892	7.23805244E-1
287	7.2550223E-1
715	7.26064725E-1
997	7.27202382E-1
470	7.29376974E-1
83	7.30647382E-1
395	7.31170342E-1
515	7.33778103E-1
815	7.35215373E-1
527	7.35611059E-1
732	7.35920836E-1
324	7.37412783E-1
244	7.39680155E-1
908	7.40196135E-1
89	7.40248625E-1
497	7.40849851E-1
914	7.40866097E-1
978	7.43838255E-1
832	7.44826126E-1
198	7.45276178E-1
65	7.4651168E-1
823	7.48604153E-1
24	7.48800671E-1
444	7.49458768E-1
999	7.5020362E-1
312	7.50281579E-1
256	7.50812733E-1
194	7.51333338E-1
839	7.52185293E-1
261	7.52210101E-1
286	7.56482535E-1
960	7.56537674E-1
725	7.60847324E-1
721	7.61030418E-1
235	7.6163554E-1
32	7.62398597E-1
967	7.62656694E-1
302	7.63123004E-1
934	7.63187136E-1
877	7.64317954E-1
962	7.64600817E-1
22	7.65764802E-1
16	7.66322141E-1
897	7.67819191E-1
874	7.71309238E-1
212	7.71605668E-1
41	7.73829633E-1
274	7.74028923E-1
197	7.74649556E-1
383	7.76870928E-1
614	7.77712142E-1
151	7.78122508E-1
60	7.78703583E-1
935	7.78951902E-1
909	7.79969219E-1
623	7.80027112E-1
585	7.80775846E-1
462	7.82007694E-1
36	7.83137596E-1
576	7.83456043E-1
200	7.83513562E-1
449	7.84299436E-1
106	7.85508897E-1
672	7.85615126E-1
818	7.8857441E-1
766	7.89303823E-1
954	7.90636941E-1
129	7.90703224E-1
850	7.91495456E-1
43	7.91800502E-1
159	7.93421053E-1
939	7.93773108E-1
88	7.94473932E-1
546	7.9501491E-1
199	7.9576436E-1
848	7.9620874E-1
510	7.96610642E-1
888	7.96646211E-1
957	7.97013629E-1
866	7.97372357E-1
751	7.97991207E-1
803	8.02723361E-1
536	8.03236805E-1
445	8.04010275E-1
647	8.0427695E-1
277	8.05062493E-1
308	8.06092306E-1
696	8.06322556E-1
216	8.06498674E-1
455	8.07216629E-1
987	8.09337162E-1
984	8.09613466E-1
664	8.09881779E-1
375	8.1170316E-1
667	8.121133E-1
768	8.12349974E-1
411	8.13308312E-1
641	8.13681166E-1
716	8.13706902E-1
148	8.13759112E-1
477	8.14420505E-1
34	8.15858597E-1
825	8.15903836E-1
727	8.17029827E-1
849	8.17150222E-1
574	8.18090798E-1
806	8.19561942E-1
1020	8.20311503E-1
12	8.21946394E-1
571	8.24139063E-1
320	8.24180501E-1
328	8.24805428E-1
944	8.25152416E-1
764	8.25335834E-1
566	8.25850053E-1
1013	8.26069385E-1
299	8.26868952E-1
948	8.2760129E-1
628	8.28192904E-1
474	8.3306613E-1
493	8.3312912E-1
233	8.35393032E-1
337	8.35493426E-1
182	8.356602E-1
989	8.36432026E-1
577	8.36877224E-1
813	8.37203687E-1
1022	8.37446555E-1
293	8.37712855E-1
589	8.38190157E-1
959	8.38664119E-1
119	8.42291268E-1
656	8.44027916E-1
621	8.44832741E-1
188	8.47562972E-1
243	8.47856391E-1
2	8.4902775E-1
1009	8.49706866E-1
508	8.49915385E-1
72	8.50757149E-1
491	8.51791426E-1
206	8.51999449E-1
561	8.53466994E-1
423	8.55263158E-1
688	8.5919988E-1
393	8.60205987E-1
64	8.63554814E-1
481	8.64212699E-1
325	8.65408973E-1
430	8.65953795E-1
609	8.66069693E-1
617	8.67946992E-1
479	8.68227433E-1
918	8.6840962E-1
833	8.69617698E-1
855	8.71041738E-1
666	8.72646045E-1
152	8.73051011E-1
733	8.73252951E-1
600	8.75540293E-1
645	8.78170526E-1
368	8.79790798E-1
611	8.812092E-1
810	8.81944954E-1
763	8.83345103E-1
471	8.83993861E-1
1016	8.84194005E-1
363	8.84589569E-1
946	8.85278235E-1
203	8.85653173E-1
794	8.85705504E-1
575	8.86692625E-1
581	8.87931951E-1
630	8.89237345E-1
170	8.89707674E-1
917	8.90060585E-1
555	8.9028391E-1
709	8.92233765E-1
579	8.92321373E-1
309	8.92546884E-1
123	8.93588837E-1
830	8.9366075E-1
379	8.94000779E-1
838	8.94410856E-1
665	8.94531483E-1
464	8.94629548E-1
133	9.0118522E-1
487	9.01370126E-1
105	9.0142637E-1
52	9.02671455E-1
929	9.04605015E-1
69	9.06226184E-1
278	9.06363311E-1
412	9.06672198E-1
814	9.06869487E-1
460	9.06950629E-1
1019	9.07697667E-1
587	9.07972665E-1
913	9.09565187E-1
210	9.09765976E-1
586	9.1124356E-1
660	9.11862871E-1
552	9.12012586E-1
157	9.12555364E-1
901	9.12944912E-1
408	9.14631165E-1
17	9.15146764E-1
25	9.16796686E-1
269	9.16983985E-1
514	9.17784572E-1
10	9.17941098E-1
56	9.18786446E-1
225	9.20722087E-1
637	9.21163838E-1
982	9.21833478E-1
441	9.21844028E-1
958	9.223137E-1
1023	9.22376061E-1
79	9.22761268E-1
543	9.2324741E-1
988	9.24229136E-1
540	9.25894355E-1
372	9.26799701E-1
843	9.27154055E-1
77	9.27729926E-1
680	9.29990112E-1
195	9.31953752E-1
598	9.33833241E-1
677	9.36598943E-1
265	9.38132134E-1
1014	9.38365651E-1
601	9.38787902E-1
689	9.43750425E-1
915	9.44123032E-1
711	9.44586285E-1
37	9.47841856E-1
245	9.48086579E-1
336	9.48653928E-1
21	9.51549803E-1
612	9.51680461E-1
298	9.51905681E-1
205	9.52322079E-1
201	9.52351747E-1
162	9.52393241E-1
23	9.58161611E-1
668	9.58239073E-1
990	9.58261558E-1
405	9.59106542E-1
889	9.62008733E-1
728	9.62027845E-1
189	9.62763299E-1
864	9.62922845E-1
171	9.64170813E-1
731	9.65973233E-1
424	9.66003207E-1
192	9.66925561E-1
894	9.67699153E-1
364	9.69175291E-1
826	9.70374625E-1
661	9.70389699E-1
719	9.71540142E-1
502	9.7409592E-1
63	9.74577774E-1
752	9.74739903E-1
594	9.74823133E-1
931	9.74998938E-1
547	9.76142964E-1
322	9.76627012E-1
331	9.77905769E-1
91	9.78564625E-1
50	9.78885951E-1
436	9.79476678E-1
92	9.81526759E-1
772	9.81753875E-1
873	9.82392499E-1
753	9.83118907E-1
346	9.83556305E-1
862	9.83708649E-1
559	9.84790691E-1
399	9.85120119E-1
784	9.85767154E-1
975	9.86960213E-1
749	9.87299757E-1
545	9.88069197E-1
180	9.88151927E-1
494	9.88570689E-1
280	9.89568566E-1
345	9.90200065E-1
1004	9.90960334E-1
271	9.91710512E-1
385	9.93419843E-1
418	9.93464492E-1
544	9.95025436E-1
533	9.95658177E-1
4	9.96043877E-1
564	9.9965674E-1
