Name	chi2Pvalue
55	2.94936126E-4
960	5.13129418E-4
104	2.01305012E-3
43	2.27230117E-3
11	2.73118207E-3
438	2.9793701E-3
608	3.36050681E-3
188	3.3933076E-3
19	4.82581385E-3
833	7.62302353E-3
119	9.09947662E-3
685	1.47178511E-2
108	1.50507457E-2
276	1.68641548E-2
612	1.70628351E-2
17	1.76249476E-2
239	1.94634648E-2
12	2.17444798E-2
933	2.21820351E-2
525	2.53224018E-2
172	2.54162763E-2
303	2.80150868E-2
954	2.84396124E-2
908	2.90252505E-2
864	2.94157013E-2
482	2.94553568E-2
174	3.12997088E-2
976	3.19050812E-2
413	3.33809888E-2
41	3.46708235E-2
269	3.49153086E-2
646	3.74078719E-2
748	3.84849054E-2
370	3.87204101E-2
242	4.23343693E-2
476	4.3832844E-2
335	4.47582178E-2
845	4.47600002E-2
586	4.51659674E-2
506	4.61212355E-2
526	4.72814614E-2
547	4.74398482E-2
420	4.7660474E-2
958	4.77144427E-2
890	4.93976945E-2
605	4.95450166E-2
253	5.25050768E-2
813	5.28144262E-2
690	5.31837211E-2
929	5.42306536E-2
69	5.46688081E-2
643	5.48360367E-2
680	5.52545115E-2
897	5.55622234E-2
883	5.6119764E-2
922	5.63762945E-2
92	5.6474265E-2
245	5.65989565E-2
375	5.83992215E-2
949	5.86813048E-2
781	6.00809595E-2
1002	6.24747895E-2
971	6.25200813E-2
472	6.38622796E-2
408	6.6724977E-2
431	6.68996908E-2
495	6.69539072E-2
631	6.72041985E-2
969	6.92732388E-2
812	6.92883807E-2
290	7.03509565E-2
378	7.10978556E-2
747	7.199716E-2
479	7.2276995E-2
628	7.27870318E-2
716	7.2887255E-2
117	7.31067669E-2
948	7.43262233E-2
999	7.55297994E-2
928	7.55709851E-2
894	7.57997066E-2
816	7.6441916E-2
184	7.6739563E-2
990	7.76166163E-2
777	7.87721623E-2
42	7.93387685E-2
131	8.01253926E-2
377	8.18776474E-2
989	8.20623682E-2
673	8.30766063E-2
501	8.40323212E-2
5	8.44291885E-2
349	8.53386639E-2
774	8.58668674E-2
396	8.6894314E-2
350	8.72961469E-2
1012	8.92258982E-2
218	8.96117808E-2
536	9.21974691E-2
25	9.30288379E-2
620	9.31333638E-2
169	9.45373364E-2
951	9.49792879E-2
86	9.74502977E-2
587	9.80162139E-2
839	9.80738305E-2
428	9.83808086E-2
538	9.94025122E-2
429	9.96272438E-2
0	1.00717586E-1
784	1.01981441E-1
862	1.02106671E-1
763	1.02923266E-1
275	1.05902034E-1
674	1.06861297E-1
127	1.07002955E-1
206	1.07731342E-1
554	1.10664132E-1
343	1.11105186E-1
719	1.11751845E-1
136	1.11790103E-1
241	1.12019228E-1
692	1.13503222E-1
480	1.16218139E-1
959	1.17643721E-1
653	1.18557767E-1
860	1.20124731E-1
235	1.21957773E-1
98	1.2321312E-1
889	1.23824445E-1
853	1.24365998E-1
746	1.26092797E-1
196	1.26773073E-1
512	1.27174553E-1
405	1.30202405E-1
352	1.31149877E-1
162	1.32811915E-1
389	1.33137752E-1
474	1.34137541E-1
200	1.35140181E-1
636	1.35870209E-1
788	1.37231268E-1
416	1.38909219E-1
825	1.3917996E-1
367	1.39321077E-1
585	1.44403682E-1
451	1.45009954E-1
756	1.46603826E-1
744	1.48625682E-1
898	1.48936231E-1
129	1.51040563E-1
323	1.53211582E-1
584	1.54789528E-1
154	1.54847487E-1
913	1.56393883E-1
627	1.56953588E-1
71	1.58380166E-1
216	1.58496159E-1
294	1.58786127E-1
675	1.58950234E-1
782	1.59635603E-1
814	1.59973693E-1
170	1.6042893E-1
827	1.60653205E-1
648	1.61492258E-1
932	1.62076651E-1
750	1.62094274E-1
144	1.62555659E-1
963	1.62834346E-1
544	1.63039637E-1
801	1.63152241E-1
939	1.63367539E-1
927	1.65282565E-1
978	1.6531666E-1
569	1.6578281E-1
909	1.66385455E-1
575	1.66787032E-1
54	1.68547265E-1
610	1.69573717E-1
877	1.7004995E-1
683	1.70513535E-1
533	1.71523612E-1
705	1.71822517E-1
51	1.72688511E-1
363	1.75218281E-1
892	1.75451942E-1
820	1.75683375E-1
830	1.76091845E-1
328	1.76680685E-1
582	1.77423889E-1
1006	1.78114029E-1
713	1.78839922E-1
279	1.78852606E-1
915	1.7921997E-1
140	1.79887135E-1
32	1.80342414E-1
759	1.80676848E-1
499	1.82495414E-1
745	1.83409721E-1
387	1.84549795E-1
724	1.85084194E-1
411	1.86775925E-1
835	1.87884569E-1
787	1.88361761E-1
382	1.89827482E-1
285	1.93457451E-1
500	1.93572525E-1
791	1.94248542E-1
281	1.95466518E-1
67	1.96618525E-1
543	1.96965897E-1
36	1.97478865E-1
147	1.97492531E-1
558	1.98555053E-1
754	1.99544435E-1
72	1.99925336E-1
1001	2.00054499E-1
600	2.00381064E-1
398	2.01528852E-1
935	2.01631022E-1
478	2.01749175E-1
734	2.02075748E-1
299	2.0422332E-1
229	2.05380306E-1
20	2.05895427E-1
393	2.06531132E-1
560	2.08373714E-1
80	2.09044218E-1
604	2.09325014E-1
805	2.09405244E-1
443	2.10193779E-1
650	2.10997497E-1
945	2.11707244E-1
663	2.13644115E-1
85	2.14472663E-1
468	2.15191722E-1
248	2.15718848E-1
732	2.15769015E-1
773	2.15989114E-1
114	2.16289211E-1
856	2.16501868E-1
6	2.17507184E-1
61	2.17623676E-1
794	2.18965172E-1
1004	2.22060567E-1
228	2.22408833E-1
60	2.23238932E-1
946	2.24950115E-1
430	2.25075999E-1
463	2.26569689E-1
175	2.26934394E-1
847	2.28393737E-1
559	2.28590315E-1
477	2.30624671E-1
900	2.30918477E-1
312	2.33577389E-1
528	2.34378954E-1
384	2.3472885E-1
1008	2.37729921E-1
842	2.39940356E-1
424	2.41664743E-1
735	2.41682968E-1
556	2.42861193E-1
907	2.43126576E-1
1014	2.44134388E-1
657	2.44232987E-1
288	2.44289506E-1
866	2.4443184E-1
793	2.4510859E-1
266	2.45709201E-1
542	2.48476235E-1
238	2.49660776E-1
380	2.50168109E-1
291	2.5113264E-1
186	2.53201589E-1
550	2.54539254E-1
322	2.54738899E-1
410	2.54973041E-1
301	2.55555607E-1
157	2.55835275E-1
158	2.56078692E-1
453	2.568996E-1
386	2.57822693E-1
73	2.5844636E-1
446	2.58752687E-1
364	2.61282727E-1
1003	2.61329166E-1
660	2.61377988E-1
240	2.61535444E-1
388	2.62608045E-1
155	2.63544914E-1
911	2.64053212E-1
338	2.65752998E-1
391	2.6797755E-1
884	2.68787733E-1
192	2.69742304E-1
232	2.7074221E-1
220	2.70749298E-1
359	2.71870897E-1
882	2.7337273E-1
366	2.73689772E-1
53	2.74552569E-1
460	2.76051191E-1
307	2.77213081E-1
741	2.77873464E-1
662	2.80094811E-1
832	2.81006474E-1
132	2.81281043E-1
496	2.84454218E-1
520	2.87218826E-1
284	2.8728485E-1
125	2.87337193E-1
74	2.87393192E-1
106	2.88656432E-1
552	2.88983433E-1
217	2.89028725E-1
48	2.8963263E-1
926	2.90729963E-1
376	2.92873281E-1
950	2.93147332E-1
539	2.9377367E-1
695	2.94576969E-1
227	2.9464867E-1
1009	2.97332716E-1
110	2.97380085E-1
723	2.97891456E-1
708	2.97987503E-1
134	2.98754085E-1
56	2.99062413E-1
390	3.02902383E-1
324	3.04407437E-1
317	3.07650777E-1
836	3.08326202E-1
247	3.09215228E-1
189	3.10155555E-1
870	3.10520789E-1
885	3.11272652E-1
432	3.12020187E-1
981	3.12131035E-1
654	3.13254473E-1
52	3.13301098E-1
96	3.14522322E-1
923	3.18075308E-1
308	3.18636205E-1
855	3.19451281E-1
259	3.21671526E-1
637	3.2358864E-1
91	3.23682071E-1
994	3.24602882E-1
263	3.25043803E-1
365	3.28919919E-1
182	3.30586711E-1
360	3.31069423E-1
727	3.3130721E-1
249	3.34949838E-1
691	3.35306962E-1
700	3.36181038E-1
597	3.36262054E-1
120	3.37316014E-1
776	3.38111602E-1
135	3.39113488E-1
381	3.42314826E-1
693	3.42592605E-1
153	3.42673762E-1
1	3.4388632E-1
614	3.44562122E-1
785	3.44573534E-1
905	3.44655322E-1
334	3.45340164E-1
213	3.45606048E-1
64	3.45630809E-1
863	3.47404908E-1
641	3.4776063E-1
571	3.48649395E-1
418	3.4887548E-1
211	3.49106836E-1
910	3.49154302E-1
535	3.50298861E-1
347	3.51170032E-1
851	3.51567157E-1
574	3.5225496E-1
841	3.53691423E-1
821	3.53865776E-1
433	3.56869404E-1
333	3.56945103E-1
311	3.59931309E-1
351	3.61721484E-1
492	3.62039827E-1
686	3.62833661E-1
563	3.63661108E-1
30	3.63822887E-1
9	3.64562182E-1
670	3.64741857E-1
300	3.67383377E-1
215	3.70931771E-1
957	3.71309208E-1
257	3.72789392E-1
407	3.73742664E-1
456	3.78563197E-1
195	3.79405047E-1
194	3.80481302E-1
607	3.8076421E-1
837	3.82608398E-1
765	3.83946368E-1
156	3.85657455E-1
481	3.85743969E-1
13	3.8677997E-1
1011	3.88510578E-1
873	3.88584924E-1
193	3.89547104E-1
272	3.92022152E-1
865	3.92150035E-1
348	3.92776428E-1
24	3.9494465E-1
123	3.98193833E-1
191	4.01083605E-1
880	4.01181597E-1
95	4.01300214E-1
800	4.01342406E-1
795	4.02879202E-1
934	4.0323319E-1
166	4.03423192E-1
540	4.05450865E-1
887	4.05950458E-1
658	4.06642035E-1
371	4.07752499E-1
316	4.08713913E-1
344	4.09691062E-1
374	4.11560468E-1
937	4.1175698E-1
22	4.13114696E-1
688	4.14643088E-1
807	4.16286658E-1
834	4.16609224E-1
287	4.17202417E-1
921	4.17544034E-1
709	4.18210445E-1
475	4.18582445E-1
829	4.21784717E-1
995	4.2252864E-1
368	4.22782745E-1
436	4.25728311E-1
671	4.26729346E-1
197	4.27919903E-1
484	4.2880709E-1
998	4.29055807E-1
529	4.29893814E-1
459	4.33340077E-1
148	4.36596441E-1
508	4.36915668E-1
102	4.37500714E-1
244	4.37706851E-1
256	4.37738797E-1
265	4.40127535E-1
146	4.40441478E-1
139	4.41320807E-1
819	4.43157578E-1
16	4.43607826E-1
331	4.44035941E-1
672	4.44721909E-1
523	4.45555433E-1
274	4.50126506E-1
437	4.5088709E-1
678	4.51734576E-1
415	4.51750368E-1
212	4.51972562E-1
40	4.54321813E-1
427	4.55129253E-1
891	4.56804372E-1
850	4.57130423E-1
84	4.59637266E-1
403	4.61316039E-1
545	4.62932733E-1
881	4.64136913E-1
769	4.64622528E-1
591	4.65379925E-1
755	4.66415932E-1
790	4.66833676E-1
112	4.67152344E-1
696	4.68922369E-1
531	4.69207128E-1
738	4.70506001E-1
87	4.70586869E-1
617	4.71945551E-1
749	4.71948347E-1
798	4.73145725E-1
572	4.7415722E-1
296	4.76150119E-1
515	4.76337572E-1
595	4.76765713E-1
160	4.7699829E-1
187	4.77814836E-1
956	4.77835777E-1
573	4.78201043E-1
295	4.78924089E-1
770	4.79511351E-1
267	4.80005554E-1
843	4.80586484E-1
325	4.81151183E-1
706	4.8277154E-1
70	4.83113326E-1
684	4.8350943E-1
8	4.84222223E-1
46	4.84455235E-1
470	4.85612423E-1
621	4.86021463E-1
89	4.87571119E-1
762	4.87699173E-1
221	4.88907097E-1
609	4.90519026E-1
952	4.95620863E-1
38	4.95750742E-1
809	4.96221649E-1
254	4.97546038E-1
677	4.97858774E-1
760	4.9808591E-1
339	4.98731296E-1
553	5.00333717E-1
423	5.00902402E-1
868	5.03204805E-1
772	5.0431799E-1
611	5.04555306E-1
666	5.06181534E-1
271	5.06294369E-1
185	5.06909027E-1
124	5.06994132E-1
593	5.08470759E-1
947	5.11371888E-1
689	5.12417141E-1
731	5.12470981E-1
222	5.14501246E-1
925	5.14524564E-1
596	5.15588656E-1
341	5.15870393E-1
159	5.15896154E-1
28	5.19289371E-1
665	5.19843426E-1
81	5.20762882E-1
449	5.21330431E-1
789	5.22476959E-1
583	5.22611564E-1
310	5.22680666E-1
441	5.22945753E-1
505	5.23211574E-1
305	5.23968697E-1
178	5.24381771E-1
183	5.25686547E-1
1013	5.26787834E-1
687	5.29026883E-1
358	5.34075038E-1
758	5.34833893E-1
599	5.35139728E-1
803	5.37149189E-1
118	5.37939338E-1
1000	5.38254349E-1
736	5.3923868E-1
541	5.40598488E-1
936	5.4175974E-1
598	5.46016381E-1
421	5.4616305E-1
79	5.47201554E-1
452	5.47405762E-1
130	5.4864537E-1
580	5.48785566E-1
490	5.49123871E-1
258	5.49420599E-1
486	5.5014315E-1
462	5.50629414E-1
412	5.53314474E-1
919	5.54014188E-1
984	5.54456161E-1
329	5.55100588E-1
961	5.55922948E-1
899	5.58987893E-1
840	5.59121944E-1
18	5.59337057E-1
973	5.62078788E-1
592	5.6215382E-1
330	5.6407563E-1
149	5.65500284E-1
767	5.65915528E-1
99	5.66163164E-1
282	5.66174186E-1
633	5.66472753E-1
399	5.67292979E-1
203	5.67680277E-1
7	5.69424186E-1
962	5.69757276E-1
838	5.70476824E-1
588	5.70921302E-1
546	5.71142003E-1
309	5.71457686E-1
624	5.71579976E-1
340	5.75101448E-1
336	5.75909273E-1
581	5.83327052E-1
34	5.83376131E-1
764	5.84091872E-1
720	5.86018492E-1
39	5.86067049E-1
638	5.86882252E-1
373	5.88288831E-1
2	5.89904557E-1
944	5.90972711E-1
642	5.90974577E-1
297	5.91247472E-1
879	5.92406411E-1
712	5.93912377E-1
122	5.93965817E-1
483	5.97847572E-1
603	5.97904357E-1
454	5.98984905E-1
626	5.99333611E-1
968	5.9991718E-1
717	6.0048465E-1
383	6.00916912E-1
302	6.02564224E-1
530	6.03327802E-1
930	6.03965591E-1
1007	6.04213066E-1
751	6.05336041E-1
912	6.05534537E-1
321	6.05941565E-1
246	6.08421999E-1
896	6.08812734E-1
234	6.12050403E-1
964	6.12779284E-1
857	6.12851975E-1
644	6.15021519E-1
493	6.15352804E-1
354	6.15438012E-1
615	6.15527849E-1
255	6.16758991E-1
616	6.17910408E-1
357	6.19842505E-1
372	6.21163009E-1
562	6.21913955E-1
361	6.23458963E-1
893	6.26263431E-1
233	6.26734483E-1
121	6.27406449E-1
965	6.28016872E-1
326	6.30106348E-1
640	6.30122154E-1
82	6.31150156E-1
824	6.31960968E-1
924	6.32255981E-1
914	6.33775988E-1
634	6.34889179E-1
77	6.3767534E-1
304	6.38285887E-1
270	6.39471311E-1
425	6.41170831E-1
742	6.42589545E-1
780	6.43668063E-1
669	6.43715457E-1
63	6.43839803E-1
1015	6.43915489E-1
725	6.45621758E-1
647	6.45660414E-1
557	6.46692353E-1
262	6.47941926E-1
858	6.50439307E-1
337	6.51530351E-1
555	6.52563356E-1
710	6.53709497E-1
564	6.53883577E-1
171	6.54012471E-1
94	6.55340894E-1
141	6.55652449E-1
318	6.55973564E-1
848	6.56279526E-1
143	6.56708036E-1
181	6.57712065E-1
90	6.5881372E-1
164	6.5928262E-1
859	6.60785563E-1
109	6.61738165E-1
726	6.62146823E-1
128	6.62176212E-1
315	6.62332742E-1
869	6.62369183E-1
521	6.62581912E-1
565	6.63657577E-1
161	6.64258369E-1
513	6.64258539E-1
849	6.64612135E-1
467	6.64617832E-1
268	6.66006345E-1
861	6.66043284E-1
400	6.66803348E-1
502	6.67525621E-1
152	6.67733902E-1
895	6.67932227E-1
938	6.6838789E-1
519	6.69090368E-1
797	6.69481004E-1
237	6.71615847E-1
214	6.72837639E-1
970	6.73295291E-1
4	6.73466813E-1
292	6.76892853E-1
243	6.78168598E-1
507	6.78886672E-1
983	6.79836053E-1
703	6.80037898E-1
251	6.81124666E-1
204	6.8121141E-1
676	6.83594576E-1
261	6.85155818E-1
697	6.8610625E-1
639	6.8698111E-1
917	6.87106393E-1
739	6.87499573E-1
711	6.88151398E-1
768	6.88966253E-1
534	6.90073415E-1
831	6.90107721E-1
730	6.91808886E-1
342	6.9301722E-1
625	6.93195931E-1
177	6.9385806E-1
179	6.94903486E-1
385	6.95530529E-1
728	6.97698425E-1
93	6.99181639E-1
871	7.01859311E-1
379	7.02480283E-1
126	7.03289068E-1
792	7.03556434E-1
622	7.03796352E-1
752	7.04250245E-1
210	7.04570392E-1
823	7.05015414E-1
199	7.05191349E-1
466	7.05594803E-1
494	7.0580484E-1
252	7.06597478E-1
83	7.0672441E-1
29	7.07361765E-1
44	7.11615387E-1
1020	7.13120915E-1
993	7.13397725E-1
319	7.15675819E-1
113	7.15771009E-1
659	7.15892872E-1
208	7.16001011E-1
941	7.16337903E-1
629	7.17741536E-1
903	7.18567542E-1
511	7.19502006E-1
115	7.23941515E-1
422	7.24104586E-1
516	7.2625757E-1
448	7.27196566E-1
50	7.29802075E-1
15	7.31103076E-1
953	7.32368734E-1
854	7.32945793E-1
165	7.38332174E-1
632	7.40218766E-1
888	7.40861862E-1
694	7.4176799E-1
661	7.41910403E-1
878	7.4212706E-1
733	7.43692436E-1
1010	7.4400931E-1
458	7.44048476E-1
740	7.44731164E-1
298	7.45260136E-1
489	7.45416622E-1
972	7.46094956E-1
14	7.47531817E-1
1017	7.48036412E-1
223	7.49193067E-1
10	7.50757293E-1
142	7.511983E-1
417	7.51368854E-1
457	7.52293859E-1
37	7.52294603E-1
630	7.52451185E-1
656	7.52530728E-1
916	7.53415222E-1
313	7.53583515E-1
356	7.56082272E-1
447	7.56370288E-1
76	7.56431144E-1
771	7.57252779E-1
406	7.59369858E-1
568	7.59836262E-1
1005	7.60585364E-1
679	7.61270531E-1
811	7.62230197E-1
606	7.63845146E-1
59	7.64258724E-1
78	7.65378301E-1
681	7.65701926E-1
105	7.68002466E-1
737	7.70556894E-1
442	7.72221392E-1
236	7.72440229E-1
652	7.72967E-1
828	7.73465023E-1
66	7.73598771E-1
137	7.75230693E-1
701	7.76808016E-1
327	7.77238858E-1
561	7.79396346E-1
806	7.79651831E-1
704	7.80178633E-1
426	7.80686667E-1
982	7.81057728E-1
967	7.81950712E-1
566	7.82137163E-1
786	7.82371499E-1
306	7.82466844E-1
775	7.83192517E-1
33	7.86340678E-1
58	7.86644982E-1
491	7.8753303E-1
846	7.87780979E-1
698	7.87899484E-1
107	7.89859235E-1
778	7.90504428E-1
394	7.90847858E-1
623	7.91799017E-1
401	7.96100883E-1
101	7.96997584E-1
504	7.98680549E-1
202	8.00331374E-1
524	8.00721222E-1
103	8.02803306E-1
876	8.03393257E-1
980	8.04180779E-1
168	8.04461507E-1
645	8.05106338E-1
62	8.06138727E-1
57	8.06170348E-1
362	8.06846594E-1
619	8.07369267E-1
649	8.12266491E-1
201	8.13866639E-1
250	8.15751912E-1
942	8.18266875E-1
987	8.19043995E-1
402	8.19197704E-1
702	8.23995689E-1
931	8.24120685E-1
974	8.2750604E-1
699	8.28081332E-1
783	8.28443813E-1
918	8.29341707E-1
537	8.30854116E-1
226	8.31353154E-1
88	8.32734537E-1
635	8.34697074E-1
209	8.34883545E-1
116	8.37147172E-1
260	8.37492432E-1
23	8.37833829E-1
31	8.38671731E-1
100	8.38980922E-1
1021	8.42544245E-1
549	8.42857631E-1
264	8.43401867E-1
613	8.44465422E-1
176	8.45738754E-1
45	8.46906462E-1
651	8.47137054E-1
414	8.47869005E-1
497	8.49637439E-1
761	8.49732164E-1
440	8.5113639E-1
404	8.5144058E-1
145	8.5164467E-1
392	8.52143808E-1
320	8.53308862E-1
979	8.54541496E-1
826	8.54788431E-1
874	8.55076027E-1
27	8.55665593E-1
577	8.56525326E-1
1023	8.5949217E-1
485	8.60243317E-1
190	8.62905042E-1
818	8.62942992E-1
510	8.64596793E-1
991	8.6558991E-1
844	8.6638291E-1
289	8.67009052E-1
551	8.67372979E-1
21	8.68420616E-1
498	8.70419998E-1
796	8.71664126E-1
68	8.72764374E-1
450	8.73471545E-1
955	8.73598605E-1
180	8.74282354E-1
518	8.74311823E-1
1016	8.76126056E-1
757	8.76612464E-1
810	8.76646747E-1
231	8.77835542E-1
527	8.78011517E-1
904	8.78033509E-1
224	8.7841696E-1
514	8.7923737E-1
469	8.80972308E-1
419	8.8523532E-1
743	8.85273721E-1
977	8.85595127E-1
26	8.87318646E-1
668	8.88811892E-1
277	8.89550935E-1
133	8.91495279E-1
444	8.9153974E-1
522	8.91920946E-1
461	8.93311645E-1
589	8.95192427E-1
280	8.9519613E-1
35	8.95550207E-1
729	8.96293211E-1
286	8.98338809E-1
996	8.98498314E-1
65	8.99372991E-1
439	9.0159641E-1
601	9.06144303E-1
167	9.09707137E-1
567	9.10795906E-1
576	9.10989186E-1
1022	9.11563065E-1
682	9.13479008E-1
509	9.14421044E-1
151	9.14471492E-1
293	9.15156174E-1
198	9.16030458E-1
205	9.16260965E-1
230	9.16451469E-1
802	9.17259655E-1
97	9.17933441E-1
992	9.19214414E-1
435	9.19255361E-1
488	9.1996521E-1
714	9.23547165E-1
817	9.24236871E-1
464	9.24987722E-1
355	9.25837198E-1
867	9.26147364E-1
445	9.26256754E-1
618	9.26967852E-1
473	9.28551408E-1
548	9.29593175E-1
852	9.29916497E-1
997	9.30585884E-1
471	9.30805785E-1
766	9.31477431E-1
667	9.32870445E-1
346	9.34927826E-1
397	9.35778535E-1
111	9.36165954E-1
150	9.36172793E-1
273	9.38857324E-1
1019	9.39193934E-1
49	9.39904961E-1
345	9.41661422E-1
779	9.43939391E-1
872	9.44422624E-1
503	9.4542518E-1
722	9.46534885E-1
664	9.47173838E-1
579	9.48832775E-1
822	9.50432447E-1
1018	9.506272E-1
219	9.50893094E-1
753	9.5192165E-1
875	9.52913933E-1
332	9.5548505E-1
940	9.56484071E-1
808	9.56951357E-1
886	9.59252736E-1
278	9.62127936E-1
532	9.63061458E-1
570	9.63633588E-1
988	9.64228611E-1
517	9.6518838E-1
395	9.65615476E-1
975	9.66633437E-1
163	9.6705406E-1
721	9.68031424E-1
602	9.68162235E-1
75	9.68480777E-1
804	9.71782569E-1
173	9.72925616E-1
966	9.72940934E-1
207	9.7311599E-1
434	9.73166906E-1
465	9.73429551E-1
138	9.74842479E-1
487	9.75257598E-1
353	9.76339301E-1
47	9.76353756E-1
578	9.8075751E-1
901	9.83937555E-1
455	9.87043993E-1
902	9.87172451E-1
799	9.87556989E-1
943	9.87790937E-1
906	9.8840695E-1
409	9.88415802E-1
986	9.91772013E-1
815	9.94476083E-1
3	9.9517715E-1
718	9.96359341E-1
655	9.97328364E-1
314	9.97867905E-1
594	9.97987367E-1
715	9.98073476E-1
985	9.98537941E-1
225	9.9889561E-1
707	9.9992982E-1
