Name	chi2Pvalue
176	4.36980069E-6
575	3.04770023E-5
111	3.7944459E-4
235	4.3736223E-4
68	5.78087888E-4
802	6.40608891E-4
416	6.42327624E-4
100	1.50169926E-3
847	2.98914627E-3
664	3.41029312E-3
103	4.01004297E-3
94	5.338724E-3
54	5.42291217E-3
239	5.95052073E-3
909	8.14868487E-3
517	9.53145054E-3
467	1.16912007E-2
515	1.33078426E-2
983	1.40552306E-2
17	1.42398485E-2
625	1.44559911E-2
117	1.52925434E-2
250	1.64702228E-2
38	1.88006058E-2
672	1.94707662E-2
20	2.02205908E-2
782	2.02959974E-2
84	2.11474842E-2
407	2.24450199E-2
270	2.31579485E-2
971	2.35636678E-2
806	2.4307319E-2
778	2.46873054E-2
529	2.49660692E-2
242	2.66684218E-2
651	2.71056098E-2
579	3.02828231E-2
550	3.08821141E-2
246	3.09608147E-2
382	3.21564194E-2
39	3.34009482E-2
391	3.50535496E-2
914	3.5507751E-2
306	3.72764386E-2
349	3.75411108E-2
314	3.82513562E-2
169	4.05492683E-2
30	4.19829133E-2
685	4.21097163E-2
957	4.31185383E-2
323	4.36748873E-2
951	4.49394733E-2
836	4.89057469E-2
330	4.90881397E-2
476	4.92763331E-2
200	5.00763291E-2
792	5.03866648E-2
776	5.07661896E-2
614	5.26638234E-2
445	5.318159E-2
958	5.43648326E-2
55	5.4748152E-2
623	5.50984899E-2
592	5.59979195E-2
673	5.84031492E-2
1004	5.92367767E-2
288	5.93914628E-2
901	5.99684122E-2
309	6.01542384E-2
889	6.15779149E-2
711	6.16685656E-2
310	6.23850108E-2
431	6.674876E-2
608	6.92355097E-2
254	7.01548211E-2
960	7.02363143E-2
186	7.11145649E-2
864	7.17462236E-2
167	7.38872491E-2
262	7.63129672E-2
992	7.86823559E-2
59	7.97533105E-2
430	8.05913801E-2
912	8.0978386E-2
777	8.11952128E-2
177	8.19805787E-2
722	8.22120063E-2
798	8.24338727E-2
131	8.24674101E-2
734	8.34077024E-2
591	8.45920503E-2
42	8.57112272E-2
229	8.60671653E-2
709	8.67656598E-2
988	8.68606048E-2
120	8.89328767E-2
429	9.04122765E-2
91	9.07770377E-2
937	9.11030801E-2
744	9.2135388E-2
466	9.2255678E-2
865	9.3263724E-2
420	9.45461305E-2
245	9.75874615E-2
604	1.00307728E-1
743	1.02669692E-1
907	1.05164011E-1
1016	1.06483996E-1
756	1.09001731E-1
188	1.10318081E-1
501	1.10426461E-1
586	1.10763031E-1
966	1.12300653E-1
290	1.12341217E-1
191	1.12925916E-1
331	1.13083913E-1
286	1.15329624E-1
964	1.16396456E-1
755	1.17102055E-1
883	1.18166217E-1
505	1.18676063E-1
531	1.19709593E-1
291	1.19796705E-1
547	1.19870534E-1
678	1.20596463E-1
741	1.22487118E-1
838	1.24125608E-1
853	1.25848795E-1
276	1.26411487E-1
241	1.27943392E-1
553	1.28070871E-1
805	1.28590134E-1
86	1.29689206E-1
231	1.30811069E-1
506	1.30884139E-1
658	1.3213404E-1
238	1.32153677E-1
35	1.3263332E-1
410	1.33699079E-1
16	1.376524E-1
7	1.37738743E-1
137	1.40250414E-1
567	1.44471645E-1
860	1.45278727E-1
220	1.45383169E-1
203	1.48076141E-1
680	1.48250467E-1
893	1.48513824E-1
271	1.50633667E-1
581	1.50780317E-1
600	1.51065307E-1
327	1.53275359E-1
626	1.55067921E-1
89	1.5542903E-1
9	1.56834927E-1
740	1.57307592E-1
223	1.57739316E-1
182	1.60375654E-1
850	1.61338756E-1
572	1.63604854E-1
677	1.63608415E-1
62	1.63950731E-1
212	1.65072072E-1
185	1.65082226E-1
144	1.65082689E-1
991	1.65856096E-1
679	1.66882211E-1
370	1.68425786E-1
305	1.70941863E-1
697	1.72763061E-1
749	1.73310045E-1
844	1.74010471E-1
193	1.77188786E-1
1012	1.778171E-1
537	1.77967561E-1
93	1.78133079E-1
894	1.78703189E-1
166	1.787385E-1
139	1.7986424E-1
446	1.80895036E-1
98	1.84487063E-1
610	1.84607818E-1
377	1.86342385E-1
36	1.86654621E-1
660	1.86979035E-1
526	1.89432042E-1
142	1.91276031E-1
207	1.93132434E-1
511	1.93173871E-1
48	1.96754266E-1
845	1.97710112E-1
460	1.98646727E-1
716	1.99831006E-1
264	1.99859563E-1
198	2.00758191E-1
606	2.0378348E-1
269	2.04570909E-1
657	2.06523572E-1
29	2.08031005E-1
375	2.08262411E-1
913	2.10230725E-1
502	2.11018424E-1
780	2.12724192E-1
869	2.16342098E-1
555	2.20477359E-1
378	2.24748752E-1
104	2.25496343E-1
161	2.25767697E-1
147	2.26000289E-1
892	2.27737905E-1
56	2.28253275E-1
846	2.2869758E-1
908	2.29301639E-1
381	2.30340393E-1
452	2.30623668E-1
184	2.31204021E-1
759	2.31815162E-1
613	2.32378084E-1
775	2.32965344E-1
748	2.35180339E-1
646	2.36680418E-1
785	2.3715663E-1
114	2.38224861E-1
949	2.39229768E-1
453	2.4022499E-1
955	2.40380159E-1
961	2.4107988E-1
257	2.419568E-1
427	2.42068132E-1
852	2.42816362E-1
510	2.44678988E-1
823	2.49244634E-1
227	2.50563058E-1
40	2.50806946E-1
173	2.51142525E-1
308	2.52203369E-1
863	2.52771566E-1
178	2.53432619E-1
848	2.54002231E-1
218	2.55160288E-1
11	2.55534122E-1
1003	2.56724969E-1
584	2.58399244E-1
83	2.58753779E-1
135	2.59637215E-1
152	2.61921882E-1
696	2.64150859E-1
545	2.64460004E-1
252	2.64611158E-1
205	2.64756732E-1
910	2.69440715E-1
175	2.69579685E-1
482	2.71761043E-1
791	2.7227457E-1
925	2.72684136E-1
695	2.72748795E-1
562	2.75424407E-1
249	2.76659489E-1
727	2.76794725E-1
870	2.77402342E-1
180	2.77918024E-1
489	2.78349152E-1
807	2.79659353E-1
540	2.80242115E-1
659	2.82118951E-1
817	2.82415018E-1
41	2.82936695E-1
153	2.83072791E-1
128	2.83935169E-1
393	2.84042356E-1
350	2.84339632E-1
919	2.87865158E-1
729	2.87938735E-1
795	2.88498101E-1
449	2.88876837E-1
418	2.90106056E-1
316	2.91938548E-1
483	2.92187725E-1
338	2.93382532E-1
935	2.93468448E-1
569	2.93502567E-1
216	2.94258056E-1
335	2.94909118E-1
796	2.9532169E-1
27	2.95468713E-1
423	2.95646116E-1
981	2.96475071E-1
837	2.97193963E-1
882	2.99574842E-1
603	2.99718149E-1
840	3.02079406E-1
943	3.02661202E-1
813	3.07449321E-1
362	3.09531436E-1
640	3.10874854E-1
881	3.11265952E-1
728	3.15037764E-1
354	3.1563915E-1
524	3.16437228E-1
946	3.1754414E-1
926	3.17576255E-1
641	3.19797903E-1
459	3.20858186E-1
474	3.20918107E-1
911	3.21204639E-1
127	3.22914407E-1
122	3.23547914E-1
390	3.23824439E-1
636	3.23826521E-1
209	3.23915735E-1
653	3.24031075E-1
118	3.26205483E-1
164	3.26976294E-1
441	3.28515955E-1
183	3.30084021E-1
521	3.32847019E-1
171	3.33505256E-1
916	3.36269948E-1
583	3.37183195E-1
388	3.40377314E-1
519	3.40554428E-1
428	3.41438035E-1
737	3.42356939E-1
385	3.44192649E-1
512	3.44607741E-1
326	3.45104343E-1
611	3.45592884E-1
389	3.46298244E-1
387	3.46605302E-1
931	3.49188303E-1
888	3.51200674E-1
580	3.52329086E-1
621	3.52607973E-1
243	3.53369187E-1
731	3.53852525E-1
80	3.54305583E-1
503	3.54472523E-1
772	3.55884049E-1
638	3.57383198E-1
492	3.58956795E-1
307	3.61984714E-1
682	3.62039633E-1
408	3.62054437E-1
292	3.62926903E-1
630	3.63110426E-1
436	3.64076763E-1
622	3.64895176E-1
930	3.66078131E-1
462	3.68165779E-1
297	3.68197875E-1
598	3.71020859E-1
549	3.71632523E-1
751	3.72670128E-1
520	3.72725898E-1
156	3.73065482E-1
380	3.73473496E-1
747	3.73625058E-1
464	3.73886417E-1
479	3.74109475E-1
402	3.74170329E-1
304	3.75274264E-1
989	3.75620446E-1
764	3.79550114E-1
655	3.79891773E-1
95	3.80746524E-1
477	3.81072166E-1
560	3.82145788E-1
827	3.82325002E-1
202	3.82598395E-1
287	3.8283221E-1
595	3.82966462E-1
514	3.84748808E-1
576	3.85407532E-1
654	3.85546568E-1
285	3.85902915E-1
692	3.86384622E-1
891	3.90236287E-1
969	3.90428343E-1
47	3.9102579E-1
999	3.96102541E-1
559	3.96896085E-1
439	3.9781606E-1
272	3.99266994E-1
669	3.99383975E-1
206	4.00825287E-1
635	4.02879701E-1
339	4.03222246E-1
781	4.041968E-1
986	4.0465387E-1
538	4.05011727E-1
18	4.0511348E-1
159	4.06339255E-1
829	4.06433024E-1
468	4.06960804E-1
533	4.07112689E-1
570	4.08290348E-1
959	4.08653838E-1
917	4.08701538E-1
597	4.10207044E-1
627	4.10330949E-1
905	4.10362582E-1
415	4.11528422E-1
403	4.16556157E-1
714	4.17505598E-1
386	4.17941989E-1
34	4.18254405E-1
295	4.19481817E-1
405	4.20132259E-1
589	4.20440863E-1
1015	4.22764007E-1
824	4.24060761E-1
45	4.24824794E-1
552	4.25285489E-1
704	4.2567825E-1
60	4.2615439E-1
92	4.26738445E-1
710	4.28442194E-1
478	4.30944957E-1
456	4.31440986E-1
168	4.32458223E-1
463	4.32582042E-1
1000	4.3533563E-1
372	4.36915662E-1
433	4.39227697E-1
251	4.40708862E-1
486	4.41942709E-1
222	4.42889778E-1
432	4.4318505E-1
542	4.45125589E-1
0	4.45162964E-1
224	4.45230349E-1
619	4.48936575E-1
994	4.50058403E-1
687	4.5024732E-1
97	4.5041465E-1
455	4.51212393E-1
500	4.51996066E-1
856	4.52321856E-1
702	4.5256866E-1
237	4.53026982E-1
240	4.53851676E-1
24	4.55428962E-1
987	4.55515331E-1
788	4.56623135E-1
928	4.56696026E-1
25	4.57783344E-1
215	4.58201216E-1
705	4.5944983E-1
14	4.60909024E-1
113	4.61721543E-1
371	4.62625644E-1
876	4.62761694E-1
708	4.63087257E-1
105	4.63260206E-1
978	4.63407004E-1
690	4.64018951E-1
278	4.65891532E-1
344	4.66863199E-1
762	4.6805198E-1
843	4.69242759E-1
982	4.69925622E-1
763	4.71900864E-1
681	4.71923801E-1
367	4.73139327E-1
46	4.78098945E-1
571	4.79838411E-1
125	4.8096325E-1
699	4.81096858E-1
313	4.86327612E-1
812	4.86448795E-1
689	4.90271032E-1
360	4.90330194E-1
146	4.90836844E-1
208	4.91887373E-1
102	4.92286454E-1
924	4.92431911E-1
587	4.93262634E-1
504	4.93323363E-1
927	4.93755189E-1
675	4.94235759E-1
301	4.9523676E-1
221	4.97776898E-1
134	4.98622765E-1
260	5.03528987E-1
786	5.0395852E-1
442	5.04152091E-1
541	5.04998643E-1
518	5.05031722E-1
12	5.05050481E-1
897	5.08963516E-1
204	5.09201048E-1
628	5.09526283E-1
725	5.09998282E-1
6	5.1249712E-1
720	5.13617639E-1
417	5.15085755E-1
151	5.15182156E-1
234	5.151891E-1
67	5.15221382E-1
527	5.17309591E-1
639	5.18763931E-1
63	5.1898868E-1
232	5.21255619E-1
820	5.21343773E-1
733	5.22772099E-1
85	5.26437654E-1
154	5.27136659E-1
277	5.27260811E-1
373	5.27605428E-1
774	5.28176593E-1
281	5.28781394E-1
341	5.2983642E-1
954	5.30574984E-1
347	5.30905929E-1
150	5.31707832E-1
233	5.32074929E-1
633	5.32340942E-1
44	5.33405324E-1
19	5.35607278E-1
534	5.36275799E-1
703	5.37424923E-1
1005	5.3914189E-1
713	5.39838144E-1
594	5.41278535E-1
674	5.4199407E-1
414	5.42083159E-1
499	5.44046283E-1
818	5.44796401E-1
644	5.48310693E-1
861	5.49004675E-1
652	5.4943265E-1
691	5.50432624E-1
947	5.50884252E-1
670	5.51609958E-1
536	5.55871264E-1
334	5.56053927E-1
539	5.56484847E-1
746	5.58022739E-1
365	5.60600334E-1
832	5.61899135E-1
831	5.63323967E-1
968	5.64426807E-1
77	5.66524003E-1
58	5.68062427E-1
196	5.69547345E-1
75	5.70162887E-1
757	5.7123161E-1
753	5.71632499E-1
384	5.73640367E-1
1013	5.73979543E-1
140	5.75638094E-1
967	5.76006688E-1
435	5.76109036E-1
256	5.76488655E-1
629	5.76733953E-1
258	5.78366386E-1
355	5.79415961E-1
319	5.81297657E-1
826	5.81396751E-1
413	5.81905807E-1
190	5.82046575E-1
698	5.83446419E-1
211	5.84009182E-1
898	5.84613715E-1
172	5.85260757E-1
195	5.86705669E-1
828	5.87525283E-1
952	5.88493028E-1
26	5.88786842E-1
768	5.89699419E-1
471	5.89751868E-1
758	5.90242262E-1
963	5.90260003E-1
397	5.90301449E-1
811	5.90711597E-1
783	5.90923287E-1
346	5.91561094E-1
248	5.92035303E-1
165	5.92708393E-1
424	5.92924582E-1
974	5.9313661E-1
684	5.93504493E-1
561	5.93846743E-1
1001	5.9453604E-1
612	5.94834335E-1
274	5.95035551E-1
721	5.95562302E-1
872	5.96556503E-1
263	5.96643101E-1
977	5.98210881E-1
312	5.98277199E-1
472	5.98606757E-1
605	6.02436942E-1
90	6.02467773E-1
607	6.0317227E-1
739	6.05414977E-1
1007	6.07267666E-1
833	6.08682057E-1
340	6.08984608E-1
970	6.09248946E-1
933	6.10012263E-1
895	6.10208283E-1
701	6.11960683E-1
440	6.12312278E-1
379	6.12438417E-1
631	6.13611074E-1
1010	6.13639136E-1
76	6.13829968E-1
936	6.16052557E-1
398	6.18821085E-1
769	6.21282716E-1
719	6.23058168E-1
160	6.23725914E-1
516	6.24493357E-1
57	6.25392568E-1
1008	6.25697317E-1
810	6.26751566E-1
841	6.28183811E-1
563	6.29200794E-1
906	6.30403892E-1
136	6.33431695E-1
568	6.33623839E-1
401	6.34101593E-1
498	6.34108914E-1
770	6.34488577E-1
662	6.3551034E-1
253	6.35569689E-1
112	6.36593822E-1
497	6.36641147E-1
532	6.37584499E-1
491	6.39112033E-1
28	6.39214585E-1
1009	6.41362966E-1
683	6.41570174E-1
932	6.43091347E-1
480	6.44312538E-1
333	6.45008846E-1
886	6.45255676E-1
225	6.45658884E-1
834	6.47152487E-1
261	6.47623662E-1
149	6.47830803E-1
485	6.48397344E-1
934	6.48635181E-1
300	6.49410587E-1
119	6.49960241E-1
667	6.50231929E-1
671	6.52208074E-1
189	6.5259189E-1
953	6.54035806E-1
33	6.54204918E-1
735	6.54284889E-1
726	6.55085915E-1
509	6.56079702E-1
854	6.56366989E-1
649	6.56752103E-1
217	6.5928017E-1
461	6.59669207E-1
799	6.6693649E-1
706	6.6709203E-1
74	6.69805554E-1
213	6.71458785E-1
495	6.71815181E-1
617	6.73265183E-1
157	6.73934566E-1
666	6.74768918E-1
615	6.75196198E-1
8	6.7582761E-1
469	6.75932277E-1
3	6.77840216E-1
601	6.78325426E-1
66	6.82218851E-1
976	6.82616017E-1
995	6.82716944E-1
851	6.8514801E-1
950	6.87300702E-1
4	6.8934719E-1
979	6.90808876E-1
266	6.91931472E-1
353	6.920673E-1
450	6.92883166E-1
948	6.93111684E-1
980	6.93588849E-1
793	6.96063722E-1
438	6.97630438E-1
754	6.98119495E-1
929	7.00012499E-1
343	7.00024346E-1
53	7.00636366E-1
718	7.01411329E-1
885	7.04507695E-1
797	7.04884117E-1
490	7.05138305E-1
857	7.0571126E-1
965	7.06099798E-1
470	7.0632022E-1
332	7.07177302E-1
750	7.07549571E-1
922	7.10525239E-1
321	7.10567774E-1
328	7.11051956E-1
573	7.13757991E-1
815	7.14230812E-1
133	7.14262926E-1
712	7.14666609E-1
877	7.15250099E-1
808	7.15812166E-1
715	7.16508004E-1
364	7.16760898E-1
944	7.1741468E-1
816	7.19918141E-1
352	7.2218468E-1
686	7.22330662E-1
717	7.24294209E-1
289	7.24856544E-1
956	7.24927109E-1
871	7.26510784E-1
162	7.27017553E-1
496	7.27030629E-1
975	7.27716562E-1
366	7.28401414E-1
443	7.28759727E-1
643	7.28875135E-1
199	7.28998507E-1
158	7.29063075E-1
73	7.29350666E-1
409	7.30937603E-1
121	7.33518272E-1
302	7.35188414E-1
767	7.38884361E-1
990	7.40462965E-1
356	7.40639608E-1
790	7.41530332E-1
528	7.41891408E-1
507	7.43044184E-1
465	7.43308063E-1
766	7.47340302E-1
50	7.48855856E-1
124	7.48895855E-1
875	7.49924394E-1
738	7.51347389E-1
267	7.52246917E-1
779	7.53949386E-1
96	7.54524112E-1
259	7.55276907E-1
43	7.602774E-1
228	7.61414889E-1
79	7.61767715E-1
396	7.62060972E-1
839	7.64693384E-1
650	7.65347697E-1
899	7.68852814E-1
530	7.69727747E-1
578	7.70852623E-1
558	7.71870934E-1
874	7.72624019E-1
862	7.72628551E-1
284	7.72963461E-1
700	7.73816044E-1
322	7.74364111E-1
49	7.74712704E-1
556	7.79112612E-1
51	7.79257506E-1
577	7.831988E-1
15	7.85048881E-1
52	7.86933891E-1
448	7.87192708E-1
87	7.87220216E-1
618	7.90633105E-1
1021	7.9125031E-1
900	7.91656991E-1
336	7.9291033E-1
324	7.95474254E-1
315	7.95654962E-1
661	7.97493469E-1
656	7.97501283E-1
890	7.98020267E-1
374	7.98290499E-1
522	7.98584208E-1
69	7.99173848E-1
878	8.01374367E-1
280	8.01706521E-1
513	8.02597174E-1
194	8.02919615E-1
170	8.04163169E-1
663	8.04625298E-1
226	8.0474877E-1
525	8.067548E-1
803	8.06906039E-1
688	8.06996582E-1
110	8.08021702E-1
210	8.08048481E-1
565	8.08653321E-1
488	8.10709038E-1
179	8.12835342E-1
376	8.14251259E-1
425	8.14325225E-1
868	8.15818949E-1
745	8.16503075E-1
902	8.1718053E-1
665	8.17483462E-1
544	8.19225613E-1
325	8.19484965E-1
642	8.19589264E-1
357	8.19957194E-1
942	8.20069534E-1
508	8.20779841E-1
599	8.23622294E-1
348	8.25091811E-1
554	8.2542909E-1
859	8.25558953E-1
896	8.25718835E-1
873	8.2578615E-1
985	8.26172929E-1
866	8.26971535E-1
141	8.33757872E-1
273	8.33819607E-1
543	8.33949861E-1
760	8.35316793E-1
945	8.35951116E-1
588	8.36488041E-1
493	8.36491101E-1
984	8.37701643E-1
789	8.37799467E-1
155	8.39040839E-1
609	8.39947024E-1
311	8.40054492E-1
624	8.40212835E-1
548	8.42796294E-1
294	8.42957411E-1
37	8.43259333E-1
454	8.44190913E-1
148	8.4440655E-1
5	8.44474301E-1
2	8.4467079E-1
10	8.47517801E-1
998	8.48135205E-1
293	8.48971777E-1
419	8.49382777E-1
593	8.50212276E-1
752	8.50333675E-1
484	8.51156533E-1
632	8.51172504E-1
855	8.51798513E-1
404	8.52769627E-1
32	8.52865743E-1
145	8.53139047E-1
192	8.53416854E-1
361	8.53812706E-1
197	8.54042044E-1
1011	8.55316729E-1
296	8.55428795E-1
784	8.57056394E-1
107	8.57738032E-1
825	8.59196862E-1
939	8.6106155E-1
535	8.61297812E-1
255	8.6285549E-1
23	8.63425696E-1
422	8.63529714E-1
108	8.63944614E-1
64	8.65523842E-1
72	8.66133866E-1
358	8.68300342E-1
317	8.68462761E-1
400	8.69498707E-1
138	8.71742859E-1
130	8.72372902E-1
879	8.74500227E-1
596	8.75490491E-1
809	8.76270665E-1
447	8.77146877E-1
457	8.77192008E-1
732	8.7736492E-1
1020	8.78179218E-1
771	8.79565983E-1
351	8.80156419E-1
412	8.8062284E-1
298	8.81904664E-1
645	8.82229861E-1
275	8.83036178E-1
426	8.8327616E-1
109	8.84221526E-1
116	8.84645063E-1
962	8.84667154E-1
458	8.85921023E-1
742	8.86906949E-1
801	8.87476485E-1
444	8.88015149E-1
21	8.88242461E-1
115	8.88863064E-1
723	8.89347003E-1
787	8.9008018E-1
736	8.90828446E-1
99	8.92143051E-1
475	8.92953056E-1
101	8.93143482E-1
395	8.935201E-1
637	8.9533101E-1
345	8.95472465E-1
481	8.95930377E-1
71	8.9596688E-1
915	8.96012407E-1
849	8.96389425E-1
724	8.97411751E-1
765	8.97479524E-1
794	8.98386521E-1
546	8.98974901E-1
707	8.99818683E-1
342	9.00006384E-1
887	9.02365923E-1
634	9.02521925E-1
1006	9.05998544E-1
236	9.06241159E-1
923	9.09009588E-1
421	9.11019828E-1
800	9.11028802E-1
574	9.11463146E-1
337	9.11927384E-1
247	9.11968671E-1
1018	9.12495667E-1
993	9.12679305E-1
693	9.13240377E-1
918	9.14259256E-1
282	9.14846491E-1
451	9.15585594E-1
973	9.16278553E-1
163	9.17248715E-1
557	9.17519376E-1
620	9.19474401E-1
434	9.21672338E-1
602	9.21794157E-1
858	9.23018058E-1
903	9.23421165E-1
884	9.23777078E-1
880	9.26113365E-1
363	9.26419539E-1
123	9.31141979E-1
181	9.32149077E-1
394	9.322397E-1
730	9.34391234E-1
996	9.34679036E-1
616	9.35411948E-1
411	9.39207086E-1
523	9.3937882E-1
88	9.40780228E-1
566	9.41658252E-1
1014	9.41832114E-1
648	9.42150087E-1
941	9.42660556E-1
694	9.4454995E-1
842	9.45371027E-1
972	9.45441884E-1
392	9.4583394E-1
279	9.45906677E-1
867	9.46832172E-1
830	9.46843993E-1
329	9.46911556E-1
564	9.47168009E-1
473	9.51230639E-1
265	9.51418222E-1
126	9.51646121E-1
201	9.52608909E-1
61	9.53049383E-1
582	9.53270125E-1
921	9.54227541E-1
106	9.55487237E-1
214	9.56144988E-1
938	9.57610615E-1
406	9.58172678E-1
494	9.60505345E-1
383	9.61351874E-1
773	9.62899763E-1
437	9.64974324E-1
997	9.6692504E-1
299	9.67211192E-1
904	9.67456238E-1
668	9.68420641E-1
940	9.68803707E-1
230	9.69251387E-1
219	9.71376698E-1
585	9.71667382E-1
819	9.71912264E-1
82	9.72910408E-1
399	9.75792391E-1
320	9.76794445E-1
1	9.78247918E-1
70	9.80830382E-1
359	9.8230488E-1
22	9.82623513E-1
13	9.82678227E-1
65	9.83585953E-1
814	9.84356396E-1
81	9.87639817E-1
303	9.87657139E-1
244	9.88113497E-1
1002	9.88530986E-1
187	9.89567306E-1
368	9.89897677E-1
31	9.90302787E-1
761	9.90640584E-1
676	9.90729385E-1
1019	9.90753271E-1
804	9.91319385E-1
129	9.91455286E-1
835	9.92406359E-1
1017	9.92465717E-1
822	9.92505424E-1
647	9.93076365E-1
487	9.93130051E-1
268	9.94302644E-1
78	9.95651456E-1
174	9.95687198E-1
143	9.9574679E-1
132	9.96700227E-1
318	9.98424001E-1
551	9.98783524E-1
1022	9.99072875E-1
821	9.99256782E-1
1023	9.99897137E-1
