Name	chi2Pvalue
141	2.87860499E-4
350	2.68750856E-3
701	5.37567645E-3
227	6.07914815E-3
553	7.16386966E-3
190	9.38630132E-3
89	1.01835349E-2
348	1.19275333E-2
897	1.35397648E-2
146	1.40194734E-2
733	1.40469341E-2
750	1.43526294E-2
375	1.43582622E-2
723	1.45055825E-2
130	1.50850339E-2
12	1.70521001E-2
915	1.71802506E-2
921	1.87392859E-2
829	1.88064376E-2
914	2.047817E-2
330	2.17669529E-2
128	2.18990202E-2
542	2.35829353E-2
990	2.60178536E-2
192	2.64267836E-2
738	2.67349701E-2
703	2.73416723E-2
772	2.87602851E-2
503	2.87830988E-2
296	2.88027499E-2
561	3.218885E-2
511	3.56362413E-2
600	3.78264372E-2
901	3.9175195E-2
133	3.91906363E-2
398	4.0671378E-2
641	4.40778291E-2
874	4.44151623E-2
676	4.57202874E-2
652	4.62879449E-2
75	4.67258364E-2
776	4.77709493E-2
516	4.79125376E-2
971	4.81107167E-2
131	4.9091594E-2
648	5.29555308E-2
870	5.42671662E-2
774	5.46974716E-2
694	5.5000951E-2
451	5.50301536E-2
152	5.50757501E-2
898	5.90977521E-2
955	5.92397607E-2
257	6.05043263E-2
591	6.18479119E-2
851	6.23660277E-2
792	6.28567136E-2
857	6.34810247E-2
95	6.35975813E-2
417	6.39991362E-2
435	6.48188347E-2
584	6.52028179E-2
170	6.67865948E-2
319	6.84468529E-2
964	6.85963374E-2
254	7.58893159E-2
936	7.76697334E-2
465	7.89715503E-2
669	7.91813503E-2
256	8.14727355E-2
355	8.15891588E-2
209	8.18548463E-2
277	8.18552543E-2
969	8.27664521E-2
488	8.33000082E-2
288	8.3996278E-2
102	8.55629846E-2
729	8.56309466E-2
13	8.58814995E-2
331	8.6078034E-2
8	8.63081306E-2
10	8.64544923E-2
522	8.95208907E-2
1010	9.02763118E-2
845	9.35888167E-2
624	9.36144811E-2
980	9.48006003E-2
223	9.56932383E-2
770	9.64661614E-2
43	9.88095139E-2
401	9.89242546E-2
918	9.96207655E-2
580	1.00732346E-1
508	1.02389988E-1
603	1.02814469E-1
746	1.03472595E-1
295	1.04822177E-1
286	1.05334682E-1
740	1.0628395E-1
83	1.07410808E-1
611	1.08731823E-1
112	1.09080193E-1
528	1.09764134E-1
902	1.09834867E-1
728	1.10457981E-1
713	1.12344571E-1
144	1.13388577E-1
281	1.13558049E-1
320	1.14256478E-1
306	1.14460231E-1
212	1.18479705E-1
311	1.18874691E-1
999	1.19546319E-1
107	1.2007829E-1
47	1.21044011E-1
755	1.24900218E-1
161	1.25265154E-1
904	1.25594659E-1
759	1.26388986E-1
908	1.26511005E-1
1012	1.27356758E-1
229	1.28129913E-1
708	1.28936419E-1
814	1.2936254E-1
262	1.30908959E-1
645	1.33288115E-1
148	1.34072765E-1
354	1.35703868E-1
393	1.38759656E-1
662	1.39204002E-1
700	1.39414985E-1
717	1.3954337E-1
260	1.43179793E-1
753	1.44486655E-1
253	1.44866614E-1
489	1.45800707E-1
884	1.46620396E-1
865	1.4685846E-1
998	1.47121008E-1
633	1.48285282E-1
57	1.50279522E-1
942	1.5043099E-1
562	1.51429182E-1
484	1.52679644E-1
126	1.53833309E-1
245	1.54780538E-1
692	1.55060359E-1
777	1.55669014E-1
338	1.56849835E-1
1019	1.57731606E-1
917	1.58013607E-1
612	1.58030262E-1
377	1.58351826E-1
804	1.58595008E-1
775	1.59669865E-1
418	1.61071244E-1
832	1.61284335E-1
274	1.6234899E-1
699	1.64264642E-1
860	1.67840916E-1
416	1.68470755E-1
450	1.70549068E-1
726	1.72095798E-1
132	1.72332853E-1
467	1.74669483E-1
859	1.76059297E-1
394	1.76642909E-1
419	1.76896394E-1
558	1.77563365E-1
191	1.78406715E-1
794	1.79154491E-1
625	1.803046E-1
85	1.81049116E-1
390	1.8334438E-1
1001	1.83638163E-1
509	1.84287381E-1
200	1.85878026E-1
868	1.86214492E-1
100	1.86282922E-1
6	1.86712735E-1
65	1.86875663E-1
312	1.87512133E-1
315	1.88575294E-1
292	1.89145195E-1
194	1.89401722E-1
247	1.90328587E-1
965	1.90368967E-1
285	1.90567415E-1
882	1.94519338E-1
878	1.94979248E-1
208	1.95361778E-1
304	1.96363676E-1
802	1.97270723E-1
366	1.97781196E-1
1004	1.98450996E-1
378	1.98516716E-1
134	1.98641738E-1
438	2.00149992E-1
472	2.00777832E-1
273	2.00935799E-1
763	2.01138822E-1
512	2.01871617E-1
119	2.03305665E-1
578	2.05649218E-1
984	2.05787134E-1
582	2.05804332E-1
660	2.07653632E-1
861	2.09374276E-1
397	2.10317503E-1
623	2.12454733E-1
143	2.14044816E-1
205	2.14138388E-1
760	2.15574394E-1
958	2.16275683E-1
3	2.16817681E-1
431	2.17852014E-1
924	2.2017561E-1
838	2.21531498E-1
627	2.2233587E-1
261	2.23476953E-1
210	2.23524667E-1
11	2.24499383E-1
420	2.24808949E-1
441	2.2549297E-1
1	2.26215745E-1
593	2.26255986E-1
961	2.27117965E-1
220	2.29691297E-1
180	2.29971099E-1
757	2.31794825E-1
853	2.32288801E-1
668	2.35821835E-1
459	2.39435988E-1
19	2.40202001E-1
113	2.40489555E-1
238	2.40587284E-1
140	2.40844145E-1
507	2.40967363E-1
341	2.41294703E-1
834	2.41301953E-1
937	2.4333147E-1
816	2.4377613E-1
718	2.45378026E-1
854	2.46183449E-1
309	2.48127842E-1
919	2.48931618E-1
154	2.50349997E-1
565	2.50650622E-1
615	2.50809633E-1
830	2.52127377E-1
939	2.52397439E-1
982	2.53158688E-1
363	2.55889764E-1
422	2.56463206E-1
449	2.58729042E-1
820	2.59241061E-1
934	2.6006786E-1
810	2.6065516E-1
778	2.60685807E-1
222	2.60778415E-1
4	2.61303405E-1
118	2.61733406E-1
94	2.61993088E-1
533	2.630669E-1
658	2.63214664E-1
677	2.64970707E-1
574	2.6513593E-1
36	2.65502136E-1
637	2.67055718E-1
659	2.67063565E-1
215	2.6742366E-1
588	2.67988384E-1
992	2.68914134E-1
579	2.70728503E-1
798	2.72689621E-1
570	2.74648356E-1
136	2.75465291E-1
21	2.75842966E-1
501	2.77107489E-1
184	2.78530865E-1
559	2.80427201E-1
928	2.82934545E-1
991	2.83295616E-1
195	2.8340466E-1
735	2.84914367E-1
680	2.85305962E-1
883	2.85459795E-1
913	2.86562642E-1
1018	2.87598748E-1
426	2.94129518E-1
440	2.96276489E-1
410	2.96576787E-1
403	2.96688444E-1
278	2.97784336E-1
1020	2.97971279E-1
332	2.98247445E-1
301	2.98854393E-1
953	2.99644495E-1
7	3.00555942E-1
613	3.02456327E-1
84	3.02485476E-1
99	3.03099478E-1
405	3.03746941E-1
494	3.05448933E-1
844	3.0872923E-1
607	3.09795164E-1
360	3.09995658E-1
233	3.11035671E-1
609	3.11550533E-1
782	3.13152443E-1
922	3.13205497E-1
187	3.13312738E-1
443	3.13818034E-1
823	3.14184587E-1
923	3.14238322E-1
636	3.14290148E-1
896	3.14341877E-1
638	3.14413384E-1
925	3.15764597E-1
564	3.17206368E-1
1003	3.18134046E-1
347	3.19204341E-1
809	3.19265019E-1
293	3.20519302E-1
452	3.21235834E-1
182	3.22146339E-1
147	3.23024828E-1
586	3.23314507E-1
329	3.2383609E-1
573	3.23844045E-1
61	3.24895716E-1
710	3.27330805E-1
302	3.27895982E-1
539	3.27986187E-1
202	3.28016029E-1
455	3.28227463E-1
317	3.28764094E-1
833	3.2972666E-1
705	3.29740298E-1
906	3.30203839E-1
576	3.30514497E-1
385	3.30558892E-1
408	3.31176533E-1
673	3.32785014E-1
596	3.33462417E-1
297	3.34369231E-1
657	3.36465877E-1
272	3.36684924E-1
614	3.37063203E-1
71	3.37386825E-1
228	3.37682348E-1
745	3.37961846E-1
169	3.38728313E-1
698	3.38997144E-1
174	3.3978691E-1
165	3.39936341E-1
303	3.4013757E-1
1022	3.4035694E-1
268	3.413421E-1
651	3.41362978E-1
691	3.42122092E-1
742	3.43730967E-1
716	3.4466443E-1
970	3.45070193E-1
912	3.4587563E-1
867	3.46177339E-1
325	3.46802867E-1
271	3.47336423E-1
248	3.47876639E-1
374	3.4906285E-1
888	3.49497304E-1
598	3.51414374E-1
685	3.51420275E-1
224	3.51747388E-1
193	3.51938017E-1
176	3.52218513E-1
313	3.52778656E-1
342	3.5329403E-1
706	3.53523496E-1
149	3.56186841E-1
491	3.57011954E-1
361	3.59729662E-1
841	3.59838049E-1
490	3.60040834E-1
743	3.60422956E-1
414	3.61237849E-1
966	3.61607403E-1
406	3.61809163E-1
631	3.62236631E-1
5	3.62926757E-1
840	3.63174436E-1
279	3.63408182E-1
24	3.63724799E-1
110	3.64170702E-1
730	3.645089E-1
433	3.64712114E-1
592	3.6492779E-1
813	3.65499651E-1
864	3.70968713E-1
2	3.72309733E-1
468	3.75882806E-1
162	3.7813821E-1
189	3.79080337E-1
424	3.79204153E-1
105	3.81497463E-1
678	3.82928489E-1
172	3.83521384E-1
186	3.87585938E-1
819	3.89220114E-1
962	3.89485016E-1
116	3.90592157E-1
534	3.91052459E-1
941	3.92848638E-1
52	3.94996592E-1
895	3.95671397E-1
384	3.95756038E-1
907	3.96051953E-1
219	3.9618147E-1
536	3.96417232E-1
545	3.99000004E-1
20	3.99140407E-1
68	3.9916824E-1
160	3.99618361E-1
242	3.99911594E-1
171	4.00411872E-1
370	4.00562269E-1
674	4.01311728E-1
822	4.02008464E-1
243	4.0221557E-1
101	4.02927548E-1
604	4.04465204E-1
628	4.04725914E-1
517	4.05467115E-1
121	4.05508709E-1
290	4.05947367E-1
551	4.06835804E-1
81	4.07569045E-1
595	4.07753033E-1
380	4.08765759E-1
764	4.08804927E-1
62	4.09371067E-1
977	4.112344E-1
458	4.12038461E-1
203	4.15761414E-1
198	4.16867131E-1
92	4.17357565E-1
234	4.19163841E-1
368	4.21605789E-1
800	4.22850479E-1
37	4.234313E-1
619	4.23464359E-1
340	4.23848498E-1
221	4.25474041E-1
78	4.25477752E-1
87	4.26296455E-1
697	4.26589938E-1
622	4.27000275E-1
196	4.2757821E-1
22	4.27776895E-1
446	4.29076864E-1
357	4.299896E-1
997	4.31395513E-1
681	4.32228812E-1
56	4.33818175E-1
771	4.34736271E-1
237	4.36017128E-1
766	4.36908676E-1
556	4.37477921E-1
683	4.37706651E-1
77	4.39016832E-1
125	4.39526568E-1
485	4.41740044E-1
799	4.4183775E-1
768	4.4371966E-1
554	4.43867583E-1
447	4.44726284E-1
381	4.45056983E-1
60	4.45136057E-1
310	4.45374427E-1
967	4.47075983E-1
963	4.47150054E-1
751	4.48466637E-1
79	4.48543889E-1
40	4.48630416E-1
664	4.49433117E-1
649	4.50725854E-1
305	4.52197975E-1
314	4.53792342E-1
626	4.54684353E-1
975	4.55049628E-1
744	4.55685694E-1
987	4.5576911E-1
1000	4.57327081E-1
97	4.57365615E-1
496	4.59559681E-1
425	4.62917567E-1
546	4.63275099E-1
9	4.6329916E-1
547	4.63625332E-1
893	4.6413839E-1
214	4.67118284E-1
442	4.67832306E-1
280	4.68821671E-1
695	4.69965356E-1
164	4.70032993E-1
104	4.70727134E-1
806	4.71192569E-1
218	4.74352236E-1
781	4.75543938E-1
996	4.76064686E-1
518	4.77484766E-1
946	4.79015279E-1
734	4.79913978E-1
687	4.8133013E-1
129	4.824795E-1
145	4.83130884E-1
1021	4.84025094E-1
620	4.84840224E-1
931	4.87379087E-1
181	4.89825682E-1
881	4.92643597E-1
943	4.94100356E-1
550	4.95444116E-1
498	4.95886105E-1
952	4.95964069E-1
892	4.96031208E-1
954	4.96290733E-1
769	4.96468682E-1
343	4.98111322E-1
206	4.99778847E-1
587	5.00527697E-1
974	5.01595958E-1
72	5.02993208E-1
45	5.0377562E-1
704	5.04000172E-1
481	5.04935314E-1
693	5.05156244E-1
298	5.05435216E-1
754	5.05504171E-1
629	5.0651872E-1
715	5.07358972E-1
779	5.07651543E-1
241	5.09621095E-1
524	5.12211251E-1
50	5.12261166E-1
944	5.16287559E-1
597	5.18234835E-1
483	5.18379967E-1
482	5.18619462E-1
395	5.18999022E-1
654	5.2264666E-1
843	5.23004643E-1
724	5.24865825E-1
994	5.27650362E-1
720	5.288251E-1
811	5.28933472E-1
525	5.28934032E-1
334	5.29888115E-1
291	5.31810292E-1
805	5.33789474E-1
423	5.34898257E-1
264	5.34991519E-1
656	5.35027128E-1
531	5.35110961E-1
712	5.37096822E-1
33	5.38506067E-1
601	5.38995451E-1
789	5.41459129E-1
523	5.41716986E-1
344	5.43322095E-1
336	5.43832492E-1
647	5.44135009E-1
44	5.44951891E-1
225	5.4500249E-1
986	5.45565026E-1
25	5.47517205E-1
135	5.47960455E-1
752	5.482895E-1
1016	5.50352348E-1
327	5.51187509E-1
711	5.52908383E-1
905	5.53691952E-1
387	5.53837526E-1
1023	5.54320605E-1
399	5.56009613E-1
326	5.56322463E-1
521	5.56577983E-1
217	5.5798209E-1
166	5.5921747E-1
427	5.61913644E-1
421	5.63018762E-1
515	5.63279154E-1
51	5.63737355E-1
175	5.64018682E-1
555	5.64741309E-1
58	5.65074411E-1
235	5.65568005E-1
957	5.66376171E-1
461	5.68797558E-1
688	5.70332315E-1
839	5.71006256E-1
886	5.73160164E-1
856	5.74119683E-1
818	5.78236245E-1
879	5.80348518E-1
389	5.81067275E-1
679	5.81315521E-1
407	5.81442881E-1
543	5.81744612E-1
795	5.81747997E-1
877	5.82663997E-1
847	5.82819054E-1
756	5.82934109E-1
55	5.83125619E-1
275	5.83864563E-1
454	5.84563548E-1
989	5.87078854E-1
252	5.88625081E-1
251	5.88783174E-1
392	5.90165898E-1
91	5.906747E-1
365	5.90700855E-1
828	5.91100835E-1
741	5.94331713E-1
216	5.96802907E-1
643	5.96804508E-1
722	5.97295936E-1
59	5.97490611E-1
373	5.98518648E-1
568	5.98675338E-1
457	5.9927857E-1
862	5.99569354E-1
690	6.01479054E-1
527	6.01979348E-1
462	6.03502958E-1
478	6.03960708E-1
900	6.04526184E-1
836	6.10203707E-1
356	6.11517937E-1
232	6.11595794E-1
351	6.116302E-1
98	6.13456088E-1
617	6.13993418E-1
456	6.16562866E-1
117	6.17104834E-1
177	6.18234173E-1
682	6.1824847E-1
875	6.19255593E-1
1002	6.22526769E-1
784	6.22592981E-1
122	6.24315434E-1
46	6.24419907E-1
930	6.25042418E-1
560	6.25726127E-1
69	6.25864688E-1
549	6.26426403E-1
571	6.27784553E-1
689	6.30862897E-1
959	6.31154407E-1
835	6.31431973E-1
666	6.3209399E-1
1017	6.327809E-1
916	6.34715912E-1
93	6.35576335E-1
630	6.35962359E-1
791	6.36330245E-1
402	6.3657547E-1
226	6.36899282E-1
246	6.37765746E-1
890	6.38236262E-1
244	6.38267594E-1
1008	6.38309679E-1
159	6.398361E-1
1005	6.40331761E-1
842	6.41319028E-1
655	6.42029686E-1
266	6.42973456E-1
178	6.47476427E-1
667	6.47989628E-1
412	6.48706078E-1
940	6.4904639E-1
719	6.52445264E-1
464	6.5342995E-1
610	6.53477289E-1
1014	6.60184735E-1
156	6.64938262E-1
476	6.6685527E-1
707	6.68489289E-1
70	6.69105556E-1
155	6.70138015E-1
644	6.70324328E-1
758	6.70589158E-1
239	6.70911931E-1
263	6.71040608E-1
346	6.71531216E-1
541	6.75404576E-1
696	6.77749979E-1
976	6.80112938E-1
321	6.811573E-1
1007	6.81240429E-1
665	6.8204255E-1
945	6.82585275E-1
872	6.83259768E-1
973	6.84605601E-1
439	6.84914399E-1
364	6.86054779E-1
142	6.86261607E-1
831	6.88196546E-1
150	6.88558993E-1
367	6.89732149E-1
54	6.90139366E-1
413	6.90696917E-1
127	6.91808416E-1
497	6.93949575E-1
396	6.9422613E-1
475	6.94792627E-1
371	6.96575256E-1
510	6.98179367E-1
492	6.99367128E-1
430	6.99802853E-1
552	6.99991233E-1
204	7.00064074E-1
185	7.00289343E-1
31	7.00315011E-1
213	7.01671005E-1
602	7.03070844E-1
307	7.03081959E-1
429	7.03634431E-1
308	7.04520425E-1
993	7.05731369E-1
82	7.0576057E-1
199	7.06040438E-1
49	7.06533851E-1
269	7.10212806E-1
67	7.11156404E-1
702	7.11418973E-1
318	7.11728216E-1
646	7.12329919E-1
909	7.13745547E-1
947	7.15433288E-1
526	7.16121324E-1
569	7.17009643E-1
41	7.17152951E-1
183	7.17440833E-1
642	7.18425496E-1
96	7.18860108E-1
270	7.19962451E-1
157	7.20161486E-1
520	7.22744759E-1
299	7.24897464E-1
463	7.25963845E-1
436	7.26230642E-1
115	7.26335075E-1
824	7.3000102E-1
731	7.30175521E-1
352	7.3229196E-1
376	7.32362782E-1
207	7.33220939E-1
445	7.34145084E-1
530	7.35349611E-1
650	7.36190602E-1
230	7.36244891E-1
240	7.36430234E-1
948	7.37058153E-1
670	7.37407185E-1
111	7.3817762E-1
866	7.38535359E-1
932	7.38753479E-1
322	7.39002852E-1
201	7.40852733E-1
323	7.42003661E-1
567	7.47011087E-1
358	7.47383773E-1
15	7.48165735E-1
0	7.49513811E-1
17	7.49953563E-1
581	7.50648179E-1
42	7.51426159E-1
968	7.52601683E-1
826	7.53566731E-1
460	7.54946111E-1
76	7.55987107E-1
876	7.57992223E-1
801	7.58389708E-1
589	7.58426326E-1
849	7.58577916E-1
537	7.60722543E-1
1015	7.63692268E-1
790	7.64629333E-1
821	7.65209033E-1
28	7.65822069E-1
30	7.68253025E-1
29	7.68372618E-1
499	7.71603947E-1
14	7.7211804E-1
675	7.72646039E-1
197	7.72973394E-1
608	7.7423853E-1
294	7.8033247E-1
444	7.81737931E-1
258	7.82910322E-1
739	7.83339533E-1
577	7.83904519E-1
383	7.84389191E-1
891	7.84466886E-1
34	7.86190304E-1
635	7.87062285E-1
64	7.93660268E-1
899	7.95030529E-1
466	7.96053376E-1
276	7.96492635E-1
995	7.97015382E-1
869	7.97368566E-1
714	7.98098084E-1
48	8.02651879E-1
894	8.03333033E-1
929	8.05299192E-1
470	8.06184657E-1
114	8.06863085E-1
927	8.10199086E-1
109	8.10750747E-1
785	8.11007885E-1
73	8.13114185E-1
812	8.16489445E-1
259	8.16653934E-1
985	8.17570307E-1
188	8.21353217E-1
949	8.23407296E-1
686	8.23531094E-1
404	8.23820627E-1
837	8.23853006E-1
848	8.24129647E-1
345	8.25135554E-1
250	8.27041835E-1
938	8.27618158E-1
158	8.285008E-1
27	8.28700838E-1
605	8.29236169E-1
432	8.30428019E-1
471	8.31739047E-1
803	8.3211975E-1
846	8.33106211E-1
211	8.33422311E-1
684	8.33997629E-1
797	8.3665805E-1
90	8.3785184E-1
32	8.3839453E-1
640	8.40610006E-1
236	8.42716886E-1
767	8.43322329E-1
504	8.4443082E-1
18	8.44537574E-1
519	8.4526334E-1
616	8.46242471E-1
382	8.49400164E-1
284	8.49443822E-1
885	8.49557768E-1
933	8.52028229E-1
972	8.52431675E-1
765	8.5293151E-1
661	8.52989682E-1
502	8.54269661E-1
359	8.54846011E-1
1011	8.55256595E-1
606	8.55614344E-1
505	8.55632058E-1
153	8.55964905E-1
634	8.56969665E-1
16	8.57467545E-1
787	8.60317972E-1
362	8.61282908E-1
103	8.61964236E-1
167	8.65225125E-1
566	8.65734142E-1
473	8.68265661E-1
852	8.69574536E-1
38	8.70179289E-1
106	8.70366272E-1
474	8.7072268E-1
493	8.71701447E-1
35	8.71741783E-1
26	8.72299779E-1
282	8.72536391E-1
453	8.74647068E-1
981	8.76252741E-1
793	8.77652474E-1
808	8.77664536E-1
500	8.77759241E-1
513	8.79031265E-1
63	8.79451794E-1
727	8.79949546E-1
815	8.81347654E-1
926	8.83341834E-1
780	8.84435258E-1
88	8.85081726E-1
557	8.85153313E-1
671	8.85497014E-1
762	8.85537585E-1
529	8.87325882E-1
495	8.87542056E-1
124	8.87867753E-1
978	8.88229643E-1
960	8.89119191E-1
108	8.89456473E-1
469	8.90829633E-1
163	8.91662283E-1
807	8.94698381E-1
903	8.9688743E-1
179	8.96908649E-1
448	8.97541053E-1
231	8.98246255E-1
748	8.99954113E-1
873	9.00061696E-1
858	9.00754526E-1
563	9.01512745E-1
585	9.02929524E-1
979	9.03903283E-1
788	9.04816448E-1
480	9.05403818E-1
400	9.06331494E-1
535	9.07100841E-1
887	9.07555511E-1
956	9.07704531E-1
749	9.09357072E-1
825	9.09453364E-1
575	9.10113958E-1
479	9.10257795E-1
639	9.12326018E-1
120	9.1327913E-1
53	9.13916436E-1
86	9.1410316E-1
709	9.16962812E-1
783	9.17594364E-1
255	9.18841481E-1
817	9.19292804E-1
950	9.19627427E-1
349	9.20619706E-1
249	9.21024566E-1
287	9.22421141E-1
379	9.2341129E-1
477	9.23565648E-1
39	9.24204765E-1
761	9.24368185E-1
391	9.25355125E-1
353	9.26563315E-1
335	9.28196058E-1
599	9.28886336E-1
583	9.29822096E-1
548	9.32884013E-1
300	9.3402625E-1
796	9.36207531E-1
123	9.36830052E-1
1006	9.3773623E-1
532	9.40366321E-1
339	9.41712834E-1
910	9.41818967E-1
737	9.44151034E-1
265	9.44294234E-1
850	9.46000199E-1
316	9.46147409E-1
653	9.4628731E-1
168	9.46973969E-1
663	9.47846583E-1
434	9.50367164E-1
983	9.50588368E-1
138	9.5151391E-1
411	9.51684828E-1
324	9.5258749E-1
871	9.52679837E-1
328	9.52781604E-1
672	9.54151742E-1
23	9.5523144E-1
618	9.55664705E-1
137	9.55904523E-1
409	9.60497628E-1
333	9.63173416E-1
725	9.63762132E-1
1009	9.67939288E-1
151	9.69348913E-1
337	9.69670649E-1
786	9.69682699E-1
540	9.6979894E-1
880	9.70490397E-1
173	9.7052898E-1
773	9.71410078E-1
80	9.7142855E-1
506	9.71869244E-1
721	9.73016893E-1
863	9.7387105E-1
487	9.74087514E-1
386	9.74509994E-1
267	9.75411544E-1
747	9.76232448E-1
889	9.76396687E-1
428	9.77594253E-1
538	9.78366931E-1
732	9.8005892E-1
66	9.82387314E-1
621	9.84552168E-1
289	9.84828204E-1
415	9.85323469E-1
544	9.85644849E-1
372	9.85953642E-1
572	9.88044707E-1
514	9.88404027E-1
951	9.88902573E-1
486	9.89773584E-1
437	9.91620423E-1
388	9.91657822E-1
74	9.93767902E-1
911	9.94106263E-1
736	9.95148687E-1
827	9.95447884E-1
594	9.95867066E-1
855	9.96158856E-1
1013	9.96746236E-1
632	9.96864356E-1
988	9.98677475E-1
139	9.99429599E-1
935	9.99469596E-1
