Name	chi2Pvalue
823	7.38688088E-5
760	1.85601908E-4
603	9.55172507E-4
147	4.64567349E-3
909	7.54771787E-3
113	8.38910918E-3
467	8.50278659E-3
953	9.29995999E-3
435	1.08477909E-2
344	1.13245369E-2
592	1.2698225E-2
364	1.32470602E-2
122	1.32825891E-2
208	1.36410464E-2
831	1.39810899E-2
157	1.49661523E-2
104	1.50214592E-2
307	1.53944565E-2
260	1.66039994E-2
756	1.76665265E-2
531	1.84082015E-2
897	1.88682805E-2
862	2.03974038E-2
317	2.19407377E-2
116	2.20366351E-2
165	2.26888709E-2
327	2.28287381E-2
575	2.32641976E-2
451	2.39664311E-2
705	2.42921308E-2
893	2.59284131E-2
107	2.95955086E-2
335	3.01254045E-2
164	3.13498632E-2
859	3.21034921E-2
596	3.23132668E-2
672	3.25421192E-2
454	3.3525058E-2
904	3.44457229E-2
1015	3.5666838E-2
812	3.62592696E-2
370	3.6636542E-2
728	3.69785855E-2
190	3.80936046E-2
48	4.04636322E-2
254	4.25917739E-2
796	4.31938657E-2
502	4.34726368E-2
553	4.3972182E-2
785	4.49305314E-2
574	4.6279431E-2
67	4.63844713E-2
78	4.69034601E-2
94	4.85773232E-2
133	4.95947708E-2
731	5.03280452E-2
269	5.36631647E-2
847	5.70423389E-2
284	5.70989701E-2
669	5.72919142E-2
980	5.76233879E-2
903	5.94112086E-2
316	5.98753977E-2
870	6.0295649E-2
733	6.04061857E-2
770	6.04156348E-2
649	6.13129327E-2
216	6.17178445E-2
754	6.21805648E-2
774	6.22543475E-2
586	6.28948981E-2
763	6.31236944E-2
829	6.36920545E-2
1012	6.3767146E-2
761	6.42924405E-2
608	6.5108085E-2
264	6.53081355E-2
631	6.60684838E-2
10	6.61464781E-2
776	6.81412838E-2
964	6.82701451E-2
311	6.84953385E-2
436	6.86069477E-2
673	6.91818182E-2
914	6.95275118E-2
73	7.0491703E-2
410	7.09976203E-2
795	7.37461696E-2
354	7.4207393E-2
274	7.56182033E-2
222	7.79104964E-2
533	7.79285579E-2
255	7.90594482E-2
20	7.98961203E-2
0	8.01225916E-2
646	8.26879639E-2
886	8.32988426E-2
281	8.39464099E-2
896	8.41025447E-2
246	8.42473885E-2
249	8.51712277E-2
443	8.73724186E-2
239	8.94519565E-2
289	9.32978463E-2
57	9.39060121E-2
500	9.39089438E-2
422	9.54399255E-2
944	9.5862135E-2
830	9.60025844E-2
140	9.79144079E-2
680	9.90310586E-2
492	9.93412171E-2
642	9.95641286E-2
971	1.02164596E-1
251	1.02596583E-1
279	1.03244776E-1
29	1.03769587E-1
97	1.04037609E-1
540	1.05896764E-1
598	1.0693181E-1
19	1.08665893E-1
238	1.097249E-1
131	1.10649386E-1
504	1.12908954E-1
503	1.14914931E-1
981	1.15204799E-1
323	1.15932634E-1
634	1.16676245E-1
912	1.19418096E-1
789	1.19492722E-1
142	1.21524408E-1
630	1.22183363E-1
657	1.22732476E-1
658	1.24026719E-1
813	1.24970192E-1
542	1.258932E-1
578	1.26706095E-1
538	1.2777568E-1
595	1.32468048E-1
613	1.33320394E-1
5	1.34282989E-1
1	1.34432611E-1
433	1.3541342E-1
512	1.36031913E-1
950	1.36141916E-1
746	1.36920325E-1
871	1.37140942E-1
146	1.37151753E-1
665	1.37321746E-1
769	1.37910704E-1
580	1.38221684E-1
87	1.39074369E-1
368	1.39577086E-1
325	1.41884732E-1
245	1.47521346E-1
294	1.47828921E-1
546	1.48244472E-1
844	1.49554681E-1
70	1.51895795E-1
790	1.51901293E-1
1013	1.52229709E-1
576	1.52426227E-1
55	1.53135782E-1
92	1.54291032E-1
750	1.55190156E-1
708	1.56175574E-1
388	1.57135258E-1
299	1.58239513E-1
390	1.59229666E-1
749	1.60862554E-1
72	1.60877732E-1
424	1.62626817E-1
96	1.6315912E-1
610	1.65540086E-1
171	1.65868367E-1
818	1.66364555E-1
562	1.68915994E-1
329	1.71604996E-1
556	1.74736413E-1
937	1.75644498E-1
221	1.78828757E-1
297	1.78928018E-1
845	1.79081133E-1
938	1.80439785E-1
360	1.81254091E-1
736	1.82386197E-1
445	1.85787864E-1
675	1.86585156E-1
470	1.8662108E-1
460	1.86702256E-1
310	1.87215711E-1
44	1.87858373E-1
236	1.90215031E-1
1020	1.90832475E-1
805	1.91645978E-1
371	1.92079354E-1
16	1.92703872E-1
24	1.94336676E-1
475	1.95710986E-1
308	1.96809388E-1
539	1.96932851E-1
74	1.97307615E-1
227	1.99914188E-1
386	2.03989179E-1
597	2.04036543E-1
197	2.04073314E-1
341	2.04922218E-1
427	2.05547326E-1
925	2.05920825E-1
600	2.06036456E-1
543	2.07110659E-1
674	2.0733198E-1
365	2.0794563E-1
558	2.08358063E-1
782	2.08728422E-1
664	2.10657339E-1
637	2.11896683E-1
995	2.12374446E-1
888	2.14270185E-1
441	2.14721909E-1
718	2.14729271E-1
803	2.15907896E-1
243	2.15969889E-1
338	2.16030832E-1
60	2.16865147E-1
45	2.18246494E-1
740	2.18983866E-1
235	2.19037773E-1
40	2.1954163E-1
223	2.20366708E-1
313	2.20787901E-1
822	2.21375495E-1
456	2.22402639E-1
414	2.22839928E-1
38	2.23875603E-1
397	2.24383584E-1
381	2.2490316E-1
784	2.26527009E-1
606	2.270458E-1
452	2.27081177E-1
632	2.27324423E-1
939	2.28086577E-1
182	2.29807084E-1
519	2.30618345E-1
287	2.32914757E-1
864	2.33837502E-1
449	2.34438632E-1
809	2.35065972E-1
989	2.35718388E-1
39	2.36795594E-1
177	2.40011285E-1
635	2.42046572E-1
275	2.42605208E-1
93	2.43349925E-1
854	2.44016592E-1
712	2.44831357E-1
210	2.45832751E-1
389	2.46535933E-1
189	2.47653113E-1
69	2.47667042E-1
618	2.49366347E-1
321	2.49534014E-1
640	2.49816761E-1
883	2.50853252E-1
698	2.53401271E-1
457	2.5361064E-1
117	2.56899406E-1
954	2.57257155E-1
969	2.58794968E-1
450	2.58931091E-1
703	2.59083865E-1
202	2.60639661E-1
400	2.6151303E-1
530	2.6442474E-1
257	2.66108744E-1
960	2.66777716E-1
976	2.67941826E-1
970	2.68679074E-1
804	2.69804213E-1
428	2.70266078E-1
806	2.71431979E-1
465	2.72104874E-1
88	2.72122662E-1
305	2.75865826E-1
875	2.76098539E-1
127	2.76868705E-1
877	2.77319736E-1
408	2.7742617E-1
9	2.78251778E-1
478	2.78826062E-1
514	2.79321508E-1
132	2.79549277E-1
322	2.79644799E-1
417	2.79715485E-1
786	2.80235851E-1
612	2.81097006E-1
203	2.82227473E-1
570	2.82833913E-1
889	2.8439173E-1
957	2.85189773E-1
143	2.86435627E-1
111	2.865824E-1
690	2.8990203E-1
778	2.91383515E-1
892	2.91980959E-1
282	2.96458556E-1
1002	2.97605522E-1
833	2.97742068E-1
629	2.99878211E-1
933	3.00094839E-1
280	3.01427259E-1
192	3.01642715E-1
529	3.03359839E-1
791	3.04433632E-1
315	3.04887492E-1
934	3.05753568E-1
490	3.07914979E-1
992	3.07989105E-1
330	3.09894615E-1
161	3.10185494E-1
677	3.12639417E-1
175	3.12723555E-1
30	3.12741272E-1
304	3.13295495E-1
867	3.13660999E-1
668	3.13873407E-1
621	3.14021875E-1
63	3.14104375E-1
481	3.14474764E-1
80	3.14646503E-1
928	3.15455668E-1
82	3.19710089E-1
253	3.19788354E-1
352	3.2051167E-1
505	3.20629247E-1
931	3.21767453E-1
1017	3.22682901E-1
827	3.24369502E-1
840	3.28834683E-1
1018	3.29359272E-1
135	3.2966016E-1
172	3.30184988E-1
959	3.30856352E-1
932	3.31970067E-1
198	3.31975187E-1
103	3.34248644E-1
510	3.35092954E-1
418	3.3836758E-1
256	3.3855076E-1
486	3.39602456E-1
179	3.4018834E-1
573	3.40223308E-1
426	3.40551852E-1
686	3.41149824E-1
401	3.41980945E-1
357	3.45008325E-1
373	3.45148419E-1
771	3.45625663E-1
991	3.46133688E-1
681	3.46269886E-1
27	3.46327795E-1
168	3.46351193E-1
83	3.46534422E-1
692	3.46598154E-1
186	3.47055504E-1
353	3.50188877E-1
901	3.51017249E-1
581	3.51373173E-1
241	3.51558675E-1
416	3.52182279E-1
745	3.5408677E-1
611	3.55386865E-1
726	3.55579576E-1
593	3.55601417E-1
997	3.55924432E-1
517	3.56384519E-1
47	3.59686446E-1
214	3.61937575E-1
509	3.62105473E-1
480	3.62191165E-1
653	3.63898177E-1
706	3.66157932E-1
865	3.68110062E-1
550	3.68301436E-1
515	3.69071276E-1
36	3.69627754E-1
858	3.69774139E-1
404	3.71435359E-1
18	3.71605973E-1
263	3.73328158E-1
974	3.73562518E-1
863	3.75093561E-1
988	3.75189495E-1
407	3.78558002E-1
212	3.79568828E-1
12	3.81042952E-1
432	3.84282876E-1
228	3.85169253E-1
477	3.85171059E-1
229	3.8551979E-1
1003	3.85521854E-1
757	3.869963E-1
559	3.88721143E-1
856	3.90010552E-1
927	3.90019586E-1
240	3.92443151E-1
75	3.93546553E-1
975	3.96821581E-1
473	3.97107532E-1
405	3.9870636E-1
32	4.02288303E-1
775	4.03286192E-1
90	4.04842398E-1
744	4.0501332E-1
159	4.05233283E-1
110	4.06328401E-1
617	4.06545371E-1
442	4.07631583E-1
129	4.07783585E-1
459	4.07788311E-1
651	4.08950804E-1
807	4.1054524E-1
918	4.11492751E-1
882	4.13251926E-1
345	4.16382166E-1
115	4.1843519E-1
779	4.1850091E-1
735	4.20639446E-1
128	4.20991109E-1
173	4.21601356E-1
150	4.21641195E-1
219	4.21642701E-1
616	4.22173622E-1
377	4.22306072E-1
318	4.22307067E-1
359	4.22311578E-1
604	4.22667109E-1
429	4.23067842E-1
516	4.23342735E-1
780	4.24214706E-1
913	4.24228283E-1
917	4.2437005E-1
524	4.24486925E-1
136	4.24843527E-1
541	4.25220068E-1
670	4.26228287E-1
402	4.28230066E-1
1010	4.29469399E-1
921	4.29796173E-1
636	4.3117593E-1
106	4.31911851E-1
2	4.32179767E-1
166	4.32591263E-1
667	4.32981376E-1
783	4.33214202E-1
154	4.33962272E-1
999	4.35595534E-1
413	4.36398319E-1
393	4.36509198E-1
947	4.38271888E-1
268	4.38407063E-1
737	4.38540816E-1
291	4.38609801E-1
860	4.39384622E-1
905	4.39864319E-1
392	4.40105079E-1
693	4.41791009E-1
816	4.42056376E-1
484	4.42514033E-1
6	4.42872526E-1
138	4.43761716E-1
286	4.45510272E-1
527	4.46131149E-1
534	4.46585995E-1
25	4.47445391E-1
324	4.4895613E-1
797	4.49130899E-1
446	4.50567251E-1
623	4.51426863E-1
461	4.52806928E-1
683	4.53234369E-1
794	4.54344516E-1
152	4.54560044E-1
548	4.57022662E-1
383	4.58957961E-1
355	4.59051116E-1
513	4.59772103E-1
729	4.59781254E-1
963	4.60076904E-1
626	4.6137339E-1
713	4.6248304E-1
839	4.6331908E-1
471	4.64795261E-1
1001	4.67903828E-1
285	4.68048944E-1
709	4.68470808E-1
430	4.69833917E-1
906	4.73122231E-1
68	4.73872409E-1
766	4.74253626E-1
314	4.79706367E-1
678	4.80103888E-1
319	4.81222265E-1
644	4.86501454E-1
65	4.88198845E-1
395	4.89262545E-1
100	4.9035552E-1
120	4.92395616E-1
259	4.96054271E-1
1021	4.97110189E-1
753	4.97809858E-1
528	4.98856194E-1
79	4.99504341E-1
752	5.00100812E-1
824	5.01289011E-1
801	5.01300388E-1
126	5.02136892E-1
71	5.04203205E-1
919	5.04361919E-1
563	5.05113333E-1
23	5.05904017E-1
207	5.09226555E-1
273	5.10303075E-1
579	5.12263995E-1
374	5.13424325E-1
551	5.14565135E-1
188	5.15881984E-1
1023	5.16043174E-1
339	5.16523869E-1
28	5.18414163E-1
843	5.19440328E-1
915	5.20929214E-1
462	5.21163114E-1
884	5.22267495E-1
743	5.23306179E-1
591	5.23422548E-1
220	5.23555185E-1
520	5.26608176E-1
887	5.27128787E-1
689	5.27276723E-1
84	5.32545841E-1
181	5.34473211E-1
898	5.35271671E-1
320	5.35439395E-1
64	5.36139962E-1
225	5.36927074E-1
554	5.37077492E-1
619	5.37339485E-1
145	5.37474722E-1
440	5.38073115E-1
217	5.39373604E-1
685	5.39807156E-1
638	5.40853307E-1
647	5.42101143E-1
347	5.4362563E-1
800	5.43651162E-1
872	5.45575166E-1
403	5.45620858E-1
95	5.4645702E-1
716	5.47407178E-1
767	5.48442274E-1
53	5.4959903E-1
137	5.50313247E-1
911	5.51033426E-1
176	5.52111902E-1
648	5.5330023E-1
194	5.57888236E-1
787	5.59212384E-1
836	5.59427734E-1
568	5.59462588E-1
710	5.61434192E-1
811	5.62825473E-1
725	5.64214033E-1
33	5.65055399E-1
411	5.66177411E-1
328	5.66486826E-1
204	5.67160586E-1
242	5.67552194E-1
849	5.67752013E-1
566	5.67910191E-1
765	5.68083947E-1
76	5.68748434E-1
261	5.68773554E-1
409	5.68793775E-1
153	5.69686596E-1
230	5.70075151E-1
838	5.70255303E-1
233	5.7166347E-1
627	5.72957867E-1
384	5.73633177E-1
3	5.74817778E-1
213	5.79607183E-1
802	5.81286583E-1
342	5.81877375E-1
696	5.82008947E-1
206	5.82016362E-1
121	5.82231666E-1
565	5.82285704E-1
258	5.84095103E-1
361	5.85147211E-1
850	5.85435284E-1
42	5.85872378E-1
447	5.85915288E-1
34	5.87549971E-1
526	5.87588294E-1
874	5.88712642E-1
891	5.89580568E-1
694	5.89959346E-1
276	5.90273055E-1
501	5.90861408E-1
1000	5.92119287E-1
200	5.96373962E-1
160	5.97143156E-1
707	5.97404195E-1
633	5.98785572E-1
821	6.00265079E-1
851	6.00942527E-1
968	6.06581009E-1
438	6.07026128E-1
468	6.09351691E-1
1019	6.11100236E-1
810	6.11311489E-1
301	6.11616625E-1
704	6.11784583E-1
191	6.12605609E-1
738	6.12696982E-1
464	6.12860768E-1
873	6.15687331E-1
356	6.16230135E-1
54	6.16403951E-1
167	6.16784326E-1
522	6.17100467E-1
362	6.17114804E-1
1006	6.1750687E-1
650	6.17839031E-1
846	6.18334541E-1
108	6.18549405E-1
399	6.19541642E-1
98	6.2001494E-1
857	6.20063297E-1
303	6.21923078E-1
15	6.22562842E-1
495	6.2343182E-1
742	6.23708731E-1
290	6.24990402E-1
472	6.25294199E-1
458	6.25929925E-1
984	6.26379838E-1
868	6.26396904E-1
112	6.26575148E-1
218	6.2659737E-1
309	6.26856745E-1
614	6.298456E-1
209	6.30133566E-1
532	6.38008988E-1
666	6.38561824E-1
250	6.39841391E-1
880	6.42476525E-1
966	6.42579234E-1
732	6.4296312E-1
723	6.44339948E-1
557	6.46139186E-1
77	6.48612921E-1
380	6.50721034E-1
474	6.51780004E-1
936	6.5245817E-1
567	6.54919473E-1
22	6.56768302E-1
671	6.58499131E-1
265	6.58951198E-1
11	6.60025014E-1
201	6.60210654E-1
205	6.60907924E-1
724	6.61138558E-1
493	6.62693951E-1
101	6.6273315E-1
1007	6.63362449E-1
582	6.63776843E-1
300	6.64262433E-1
569	6.64842761E-1
125	6.65588386E-1
525	6.6612161E-1
762	6.66525851E-1
628	6.66598611E-1
49	6.67456207E-1
876	6.68717869E-1
398	6.68996517E-1
423	6.72019937E-1
755	6.73075524E-1
853	6.73700015E-1
998	6.7477933E-1
195	6.74868822E-1
86	6.76739425E-1
781	6.77492156E-1
751	6.79375144E-1
599	6.80202855E-1
288	6.81313505E-1
808	6.81799985E-1
1022	6.82547923E-1
8	6.83858111E-1
861	6.85609721E-1
978	6.85642782E-1
820	6.87592263E-1
114	6.87679772E-1
224	6.87988838E-1
162	6.8860355E-1
521	6.88697719E-1
899	6.89149479E-1
1009	6.92099869E-1
549	6.93976082E-1
483	6.94389965E-1
961	6.94692094E-1
967	6.9615784E-1
979	6.96632286E-1
296	6.98112087E-1
337	6.98201567E-1
346	6.99508543E-1
719	6.99510003E-1
277	7.00618885E-1
655	7.02211855E-1
1005	7.02446986E-1
130	7.04352758E-1
943	7.05169472E-1
949	7.05584564E-1
956	7.07437675E-1
1004	7.08021314E-1
420	7.08535597E-1
881	7.13781685E-1
996	7.14306683E-1
295	7.14812605E-1
993	7.1560786E-1
170	7.16032005E-1
926	7.16055411E-1
367	7.16397651E-1
41	7.16454752E-1
798	7.17284483E-1
466	7.19280626E-1
193	7.19393687E-1
497	7.19703648E-1
799	7.19789624E-1
817	7.19978369E-1
326	7.20332065E-1
663	7.23410655E-1
652	7.23618159E-1
547	7.23791872E-1
641	7.24714265E-1
828	7.24847619E-1
262	7.26249327E-1
1016	7.26647318E-1
841	7.27271515E-1
922	7.27639529E-1
421	7.37801502E-1
272	7.37986695E-1
983	7.38297339E-1
714	7.38976301E-1
977	7.39843904E-1
941	7.40453517E-1
244	7.40558823E-1
26	7.43728467E-1
4	7.44848538E-1
336	7.4522036E-1
545	7.46489355E-1
682	7.47347061E-1
908	7.47832553E-1
605	7.48479843E-1
105	7.48836584E-1
163	7.48880695E-1
900	7.49282524E-1
183	7.49551202E-1
476	7.50086056E-1
332	7.51602809E-1
385	7.52609791E-1
62	7.54734544E-1
720	7.55316601E-1
772	7.56196979E-1
351	7.56559706E-1
583	7.56596843E-1
278	7.57596131E-1
349	7.58297921E-1
523	7.59999217E-1
13	7.61858606E-1
758	7.66542098E-1
848	7.67066952E-1
507	7.67231956E-1
419	7.69248376E-1
215	7.70131471E-1
58	7.73333613E-1
437	7.73344557E-1
739	7.7450345E-1
759	7.77779481E-1
178	7.7789145E-1
730	7.77982035E-1
793	7.78808343E-1
965	7.81476742E-1
498	7.83613169E-1
711	7.84525367E-1
717	7.84704836E-1
792	7.85195505E-1
425	7.87642691E-1
455	7.89577091E-1
536	7.91650839E-1
676	7.92833486E-1
625	7.94167944E-1
679	7.94407829E-1
406	7.94892892E-1
494	7.96373819E-1
700	7.96758247E-1
267	7.99639989E-1
552	8.0066608E-1
869	8.01085136E-1
924	8.01427531E-1
496	8.01713934E-1
43	8.03331713E-1
292	8.04742759E-1
46	8.05534536E-1
990	8.0791433E-1
123	8.08246999E-1
119	8.09934633E-1
584	8.13393121E-1
594	8.1383675E-1
1011	8.15596366E-1
910	8.17674651E-1
415	8.18393111E-1
151	8.19249463E-1
982	8.20708514E-1
946	8.22081969E-1
589	8.25240951E-1
7	8.26972363E-1
144	8.28486927E-1
866	8.29024775E-1
248	8.29503125E-1
469	8.30058778E-1
56	8.31216032E-1
645	8.35015881E-1
587	8.35719968E-1
687	8.39407545E-1
302	8.40124587E-1
266	8.42727639E-1
577	8.42727942E-1
439	8.42958604E-1
609	8.4419972E-1
431	8.4541235E-1
986	8.46263717E-1
855	8.46285965E-1
139	8.47635099E-1
444	8.48334122E-1
929	8.49661777E-1
688	8.49717702E-1
394	8.50342923E-1
555	8.52410471E-1
994	8.53791868E-1
537	8.54867636E-1
624	8.553925E-1
878	8.56183129E-1
21	8.56501576E-1
902	8.5822322E-1
391	8.58938992E-1
662	8.59405648E-1
382	8.59984232E-1
777	8.60702064E-1
702	8.61938462E-1
358	8.67552902E-1
169	8.67747018E-1
348	8.67782264E-1
643	8.68520649E-1
141	8.69694135E-1
499	8.70755378E-1
124	8.71527662E-1
942	8.73196516E-1
334	8.73820187E-1
511	8.74440431E-1
489	8.74696619E-1
741	8.74790577E-1
59	8.77057096E-1
148	8.77748879E-1
788	8.77835065E-1
37	8.79070212E-1
363	8.79706584E-1
951	8.79985505E-1
985	8.80490496E-1
488	8.81637768E-1
185	8.8397036E-1
396	8.85291688E-1
955	8.85755837E-1
155	8.8639345E-1
52	8.86543251E-1
448	8.87908078E-1
35	8.89188387E-1
972	8.899039E-1
14	8.90818455E-1
894	8.91952258E-1
814	8.92038174E-1
620	8.9210917E-1
695	8.92247737E-1
482	8.92756559E-1
734	8.94733164E-1
89	8.94942527E-1
768	8.9853735E-1
661	8.99833105E-1
252	8.9988099E-1
463	9.00253046E-1
174	9.00305421E-1
885	9.00379938E-1
826	9.00382535E-1
602	9.01532659E-1
211	9.01962455E-1
378	9.03365158E-1
727	9.03705516E-1
601	9.03989879E-1
879	9.0450838E-1
298	9.04523751E-1
585	9.05819738E-1
17	9.0766584E-1
184	9.08510784E-1
654	9.08587486E-1
237	9.10264368E-1
156	9.10497439E-1
372	9.11377959E-1
722	9.14352586E-1
721	9.14487026E-1
684	9.14629839E-1
376	9.16212963E-1
331	9.17573384E-1
187	9.18019371E-1
102	9.18128455E-1
560	9.19666924E-1
199	9.20057106E-1
852	9.20248399E-1
952	9.20865626E-1
379	9.21682372E-1
333	9.23414263E-1
571	9.23705441E-1
842	9.24511919E-1
561	9.25313855E-1
340	9.26788935E-1
66	9.27294554E-1
764	9.27469453E-1
607	9.27987115E-1
158	9.29831346E-1
747	9.30574947E-1
945	9.32883084E-1
231	9.33710536E-1
85	9.34323934E-1
375	9.35673584E-1
81	9.37028379E-1
508	9.37163619E-1
544	9.37844335E-1
99	9.38229252E-1
453	9.39372058E-1
1008	9.40030098E-1
109	9.4046795E-1
506	9.40883499E-1
226	9.41237854E-1
61	9.41981039E-1
940	9.41997206E-1
697	9.43742411E-1
350	9.44748556E-1
958	9.45227885E-1
935	9.45826715E-1
134	9.46214329E-1
890	9.46949828E-1
491	9.47587226E-1
962	9.47597107E-1
834	9.48145595E-1
247	9.48292408E-1
660	9.51002952E-1
615	9.53384008E-1
293	9.53745849E-1
535	9.53846647E-1
564	9.5441373E-1
31	9.54814735E-1
343	9.56694212E-1
659	9.5719807E-1
518	9.57395274E-1
479	9.57985276E-1
895	9.59056949E-1
825	9.60449588E-1
622	9.6087654E-1
715	9.62522791E-1
232	9.66061856E-1
51	9.67622144E-1
639	9.69041562E-1
270	9.69846535E-1
50	9.70028996E-1
656	9.70545718E-1
699	9.71721533E-1
973	9.7182383E-1
691	9.72380544E-1
815	9.73198748E-1
1014	9.73556694E-1
907	9.73642704E-1
306	9.7429241E-1
835	9.74367617E-1
987	9.75306165E-1
819	9.76109389E-1
487	9.77535029E-1
412	9.78237246E-1
923	9.7831559E-1
701	9.78380532E-1
196	9.78642239E-1
91	9.80675901E-1
434	9.82529132E-1
271	9.82818653E-1
930	9.83024992E-1
149	9.84429003E-1
572	9.84887343E-1
312	9.86307516E-1
588	9.86634003E-1
748	9.87081376E-1
180	9.87503243E-1
366	9.87576589E-1
832	9.91876608E-1
916	9.92115474E-1
948	9.92384177E-1
234	9.93587998E-1
485	9.94281191E-1
387	9.96340343E-1
118	9.97036781E-1
773	9.97283857E-1
837	9.97859829E-1
