Name	chi2Pvalue
105	6.75701852E-5
101	7.35149955E-4
117	8.59328171E-4
953	2.34620127E-3
463	4.31008597E-3
938	5.84845385E-3
106	5.99108788E-3
343	6.08437763E-3
598	6.59809823E-3
699	6.80338261E-3
706	7.18029057E-3
753	7.49202953E-3
688	8.59579312E-3
636	1.33655952E-2
727	1.44876709E-2
805	1.48741897E-2
896	1.81467942E-2
280	1.95422868E-2
989	2.03932908E-2
69	2.18839845E-2
575	2.19671564E-2
837	2.22223642E-2
457	2.29492508E-2
883	2.29820135E-2
212	2.33248497E-2
173	2.40637489E-2
361	2.46995847E-2
1015	2.56678645E-2
135	2.60146402E-2
681	2.80476973E-2
376	2.95598421E-2
994	3.00217159E-2
626	3.11595202E-2
74	3.1186869E-2
662	3.22516289E-2
578	3.29628096E-2
516	3.35565152E-2
628	3.43347292E-2
641	3.48428952E-2
228	3.62618746E-2
773	3.70272732E-2
309	3.76200638E-2
429	3.91622373E-2
1007	3.95507083E-2
0	4.09787861E-2
836	4.12875693E-2
294	4.24125237E-2
530	4.36713391E-2
716	4.43054074E-2
298	4.43293836E-2
881	4.64386241E-2
112	4.69365954E-2
660	4.77433724E-2
664	4.79006658E-2
64	4.91035727E-2
281	5.14705996E-2
368	5.46615956E-2
388	5.73738604E-2
704	5.75865625E-2
264	5.92901896E-2
1020	5.93339148E-2
698	5.99425339E-2
663	6.0695099E-2
344	6.08725508E-2
685	6.22561274E-2
601	6.33963381E-2
451	6.35232047E-2
108	6.46281042E-2
638	6.48422847E-2
670	6.64660544E-2
571	6.72728469E-2
387	6.94436467E-2
770	7.24771432E-2
573	7.37562883E-2
957	7.43767535E-2
7	7.56708284E-2
869	7.69913633E-2
346	7.75725272E-2
221	7.83951345E-2
68	7.8890796E-2
432	7.89171019E-2
797	7.95503054E-2
813	8.10381924E-2
222	8.40372975E-2
300	8.42889158E-2
263	8.43024306E-2
391	8.50261841E-2
169	8.71834136E-2
433	8.84386678E-2
594	8.93363575E-2
166	8.97393135E-2
227	9.06175998E-2
728	9.08244357E-2
852	9.18101374E-2
929	9.29930149E-2
226	9.38297882E-2
602	9.39315824E-2
417	9.65286108E-2
267	9.7283508E-2
616	9.90905094E-2
418	9.99148988E-2
795	1.00353296E-1
903	1.00806098E-1
51	1.01124538E-1
148	1.02923818E-1
687	1.03585151E-1
88	1.03846094E-1
998	1.04378144E-1
360	1.04990121E-1
759	1.05767506E-1
659	1.06018394E-1
270	1.08221727E-1
380	1.09256413E-1
952	1.09744923E-1
404	1.09752866E-1
96	1.10802055E-1
723	1.10894319E-1
614	1.11770886E-1
61	1.12617069E-1
979	1.12667211E-1
42	1.14166769E-1
622	1.164132E-1
976	1.16729028E-1
868	1.18817686E-1
482	1.20577147E-1
337	1.20589469E-1
371	1.21308177E-1
87	1.24303925E-1
478	1.25545391E-1
537	1.31917208E-1
1023	1.32529316E-1
1019	1.34639569E-1
503	1.35057904E-1
985	1.35175569E-1
492	1.38268298E-1
742	1.39312322E-1
552	1.39635923E-1
219	1.4224182E-1
359	1.42927576E-1
428	1.43461634E-1
841	1.45365329E-1
780	1.46676102E-1
187	1.46737178E-1
666	1.50390922E-1
520	1.50542522E-1
747	1.51401796E-1
518	1.5306539E-1
325	1.53221463E-1
882	1.54374021E-1
809	1.55035678E-1
943	1.55371351E-1
393	1.57757839E-1
178	1.58551732E-1
726	1.59626719E-1
230	1.60299239E-1
649	1.62487523E-1
291	1.62636705E-1
365	1.62637323E-1
313	1.62677033E-1
427	1.62942611E-1
721	1.63271781E-1
437	1.63435062E-1
292	1.6447171E-1
583	1.65384876E-1
182	1.6625664E-1
319	1.69430514E-1
190	1.70580318E-1
999	1.73235734E-1
224	1.73314704E-1
739	1.73387405E-1
305	1.73993275E-1
406	1.74029966E-1
26	1.74236258E-1
500	1.74238288E-1
654	1.75139642E-1
885	1.78573781E-1
617	1.792565E-1
922	1.80114202E-1
736	1.80211998E-1
829	1.80622923E-1
109	1.80683855E-1
576	1.80804734E-1
689	1.8113903E-1
931	1.8177682E-1
611	1.82437678E-1
563	1.83635123E-1
918	1.84303389E-1
842	1.84345407E-1
940	1.84563255E-1
640	1.84591363E-1
363	1.84736723E-1
43	1.85640327E-1
159	1.86957121E-1
498	1.89398946E-1
137	1.90063168E-1
231	1.92005458E-1
132	1.92694135E-1
24	1.93394228E-1
589	1.94815643E-1
767	1.96196067E-1
364	1.96465006E-1
619	1.96738803E-1
744	1.97288795E-1
236	2.00080238E-1
266	2.03522657E-1
599	2.04586925E-1
554	2.04797681E-1
41	2.06428306E-1
396	2.06874417E-1
686	2.08885779E-1
247	2.0926574E-1
423	2.09568454E-1
443	2.09689207E-1
55	2.11081069E-1
197	2.14335998E-1
1004	2.16433496E-1
719	2.17566621E-1
121	2.17694005E-1
234	2.1847962E-1
955	2.1954506E-1
318	2.19598231E-1
250	2.20493167E-1
1003	2.22335343E-1
872	2.2243688E-1
864	2.22646326E-1
349	2.23343712E-1
184	2.24790768E-1
272	2.26234306E-1
389	2.27262124E-1
252	2.28564143E-1
450	2.2929127E-1
587	2.29922561E-1
131	2.31089725E-1
592	2.33351787E-1
386	2.33868801E-1
771	2.34099756E-1
454	2.3470314E-1
430	2.37299851E-1
261	2.37966328E-1
867	2.38202171E-1
21	2.38341685E-1
191	2.38450396E-1
490	2.38924988E-1
586	2.40532547E-1
523	2.40695457E-1
645	2.40743194E-1
915	2.42699909E-1
691	2.43517927E-1
914	2.45014952E-1
735	2.4773905E-1
145	2.51020457E-1
375	2.51673234E-1
36	2.5205126E-1
737	2.53768073E-1
27	2.54474517E-1
677	2.5469981E-1
542	2.55044228E-1
1002	2.55073213E-1
60	2.56157734E-1
395	2.59208953E-1
119	2.59257448E-1
353	2.59324881E-1
104	2.59823521E-1
171	2.60574705E-1
861	2.60785863E-1
120	2.61669126E-1
471	2.62451741E-1
629	2.63555423E-1
810	2.66272647E-1
858	2.66500791E-1
743	2.66680306E-1
29	2.67101379E-1
489	2.67539681E-1
715	2.68737077E-1
180	2.69704813E-1
789	2.71838606E-1
609	2.72117585E-1
439	2.73247032E-1
338	2.76376168E-1
800	2.76908057E-1
385	2.77996473E-1
405	2.78070859E-1
673	2.78377686E-1
588	2.78590419E-1
574	2.78950725E-1
183	2.79771753E-1
444	2.84481081E-1
90	2.85331601E-1
937	2.85708915E-1
880	2.85890724E-1
804	2.86429306E-1
560	2.88125916E-1
32	2.90348831E-1
258	2.92262589E-1
98	2.92324752E-1
372	2.93730268E-1
832	2.94266561E-1
431	2.94311427E-1
6	2.95463623E-1
840	2.95617228E-1
446	2.96801126E-1
243	2.97097463E-1
570	3.00217041E-1
855	3.00826938E-1
750	3.01860833E-1
738	3.01894018E-1
211	3.02533739E-1
909	3.03010904E-1
138	3.03402905E-1
1013	3.05106809E-1
657	3.05414146E-1
793	3.06152714E-1
697	3.06956821E-1
274	3.08221569E-1
648	3.09927324E-1
875	3.10846697E-1
48	3.13902542E-1
413	3.15246663E-1
306	3.15255794E-1
128	3.16267668E-1
334	3.16511339E-1
367	3.16717564E-1
499	3.19373417E-1
995	3.19868377E-1
467	3.19971354E-1
581	3.20799097E-1
59	3.20829226E-1
808	3.21170664E-1
1018	3.21651164E-1
30	3.21843337E-1
208	3.21902338E-1
279	3.22164854E-1
625	3.22663386E-1
155	3.22895088E-1
646	3.23002696E-1
335	3.23187242E-1
93	3.26211526E-1
377	3.26899933E-1
695	3.2725082E-1
65	3.29447399E-1
945	3.30458713E-1
718	3.30509885E-1
192	3.31243997E-1
981	3.31856274E-1
5	3.32109584E-1
441	3.33251987E-1
781	3.34631737E-1
206	3.35360106E-1
488	3.35537006E-1
76	3.35664221E-1
47	3.35982828E-1
784	3.3709185E-1
822	3.3767064E-1
75	3.38416608E-1
116	3.40220187E-1
923	3.4408955E-1
818	3.44321255E-1
853	3.46775773E-1
584	3.48693754E-1
412	3.510012E-1
189	3.52958408E-1
871	3.55655302E-1
901	3.55908802E-1
970	3.5683594E-1
741	3.57218944E-1
884	3.5722634E-1
403	3.57569594E-1
312	3.58810492E-1
709	3.58961366E-1
821	3.60197659E-1
323	3.61145896E-1
544	3.64638475E-1
508	3.6638675E-1
928	3.6724994E-1
941	3.68803371E-1
694	3.69925507E-1
667	3.71164395E-1
944	3.72194916E-1
127	3.74337785E-1
782	3.74894271E-1
370	3.75033442E-1
921	3.7753517E-1
527	3.77865092E-1
854	3.80069536E-1
56	3.80864299E-1
907	3.82257113E-1
14	3.82860974E-1
971	3.83271521E-1
402	3.84344715E-1
799	3.84545984E-1
229	3.85885137E-1
398	3.86304346E-1
188	3.87033312E-1
846	3.89858495E-1
700	3.91311542E-1
373	3.91353124E-1
701	3.92851236E-1
1014	3.932166E-1
711	3.94876453E-1
493	3.95435444E-1
993	3.95724498E-1
996	3.96641861E-1
642	3.96819001E-1
930	3.96985427E-1
897	3.97009434E-1
990	3.98756815E-1
240	3.9894237E-1
58	4.00486035E-1
720	4.01246744E-1
157	4.02095256E-1
118	4.02234549E-1
522	4.03027582E-1
72	4.03335315E-1
276	4.03924462E-1
297	4.06837999E-1
891	4.07432418E-1
466	4.07710225E-1
435	4.08021196E-1
455	4.08410204E-1
913	4.08784588E-1
216	4.08954009E-1
201	4.10395805E-1
510	4.10743417E-1
749	4.12630885E-1
870	4.12896069E-1
111	4.15819905E-1
714	4.16456627E-1
426	4.16729197E-1
902	4.21894037E-1
908	4.22110768E-1
440	4.222638E-1
910	4.22708501E-1
653	4.23044609E-1
597	4.23989893E-1
806	4.24184121E-1
702	4.24519515E-1
97	4.25315745E-1
766	4.26128552E-1
285	4.26895967E-1
209	4.27259542E-1
497	4.27454724E-1
752	4.28472288E-1
115	4.29840092E-1
529	4.30103605E-1
894	4.30574809E-1
692	4.30866356E-1
933	4.32690509E-1
565	4.32932353E-1
566	4.36079892E-1
143	4.40280954E-1
548	4.40297636E-1
176	4.41551817E-1
678	4.4287008E-1
397	4.43346087E-1
172	4.44140501E-1
730	4.4514668E-1
152	4.46345312E-1
114	4.48256522E-1
86	4.49583457E-1
11	4.50043843E-1
980	4.52539257E-1
302	4.53709351E-1
912	4.54781471E-1
339	4.54994717E-1
936	4.55225069E-1
926	4.56881997E-1
78	4.58393158E-1
593	4.59544388E-1
366	4.59753918E-1
202	4.59926188E-1
827	4.6024046E-1
1005	4.60294972E-1
658	4.61270023E-1
892	4.61427211E-1
559	4.61496638E-1
627	4.62560648E-1
80	4.63532819E-1
13	4.63792711E-1
968	4.6472468E-1
905	4.64890639E-1
502	4.65346232E-1
151	4.6595763E-1
900	4.67246464E-1
479	4.68128726E-1
761	4.69065528E-1
942	4.7025058E-1
693	4.70852669E-1
634	4.71747261E-1
823	4.72813085E-1
286	4.73246703E-1
164	4.73701595E-1
671	4.73974273E-1
889	4.74452301E-1
324	4.74895061E-1
865	4.772106E-1
400	4.78427807E-1
278	4.79808954E-1
639	4.8007175E-1
969	4.81310447E-1
733	4.81754255E-1
57	4.82447896E-1
256	4.85761293E-1
464	4.85876142E-1
220	4.86063112E-1
381	4.87086838E-1
71	4.88760159E-1
327	4.90145654E-1
149	4.92316981E-1
925	4.94687011E-1
89	4.95486413E-1
785	4.95936693E-1
535	4.99593176E-1
607	5.01008953E-1
582	5.01720541E-1
150	5.02270488E-1
107	5.02758848E-1
878	5.03080719E-1
379	5.08227707E-1
284	5.09207478E-1
682	5.09268892E-1
1	5.11745395E-1
983	5.15856084E-1
480	5.16179001E-1
963	5.17186934E-1
618	5.17832293E-1
838	5.18517736E-1
734	5.19135466E-1
794	5.19534209E-1
740	5.22303166E-1
517	5.23528825E-1
725	5.23619857E-1
326	5.25060326E-1
834	5.25676079E-1
200	5.26121081E-1
158	5.26405397E-1
268	5.2683444E-1
95	5.28001952E-1
223	5.28130298E-1
975	5.2949301E-1
655	5.30051177E-1
486	5.30530575E-1
237	5.31743752E-1
394	5.34447462E-1
378	5.35828561E-1
674	5.36747132E-1
637	5.36997448E-1
167	5.37608147E-1
845	5.37720242E-1
705	5.38252263E-1
352	5.41657971E-1
100	5.43302646E-1
1001	5.46233754E-1
233	5.46568273E-1
54	5.46712975E-1
142	5.49353581E-1
786	5.49949819E-1
755	5.50417072E-1
295	5.52554231E-1
129	5.54261285E-1
25	5.55392071E-1
265	5.55705918E-1
547	5.56121929E-1
519	5.56990819E-1
81	5.58403823E-1
419	5.59444743E-1
350	5.61997863E-1
851	5.62926955E-1
624	5.63635148E-1
477	5.64810825E-1
317	5.65256185E-1
513	5.66729823E-1
235	5.67155962E-1
987	5.70435608E-1
23	5.70551294E-1
596	5.72033094E-1
314	5.72135578E-1
442	5.73000687E-1
491	5.73224307E-1
564	5.74106175E-1
34	5.76294337E-1
458	5.76781312E-1
92	5.7724617E-1
257	5.77975315E-1
815	5.78592301E-1
485	5.79157106E-1
249	5.79939984E-1
538	5.82073949E-1
245	5.82116522E-1
604	5.82144981E-1
777	5.82569097E-1
238	5.82704426E-1
722	5.84338699E-1
495	5.88633625E-1
79	5.89160686E-1
572	5.91890159E-1
468	5.93734693E-1
605	5.97443287E-1
669	5.99288634E-1
635	6.00221698E-1
275	6.00686504E-1
125	6.01187922E-1
856	6.02474604E-1
453	6.02636615E-1
633	6.03323683E-1
862	6.03732424E-1
982	6.0516899E-1
84	6.05307521E-1
1022	6.05800483E-1
756	6.05980864E-1
449	6.07597179E-1
161	6.1197045E-1
562	6.12898428E-1
886	6.13107022E-1
591	6.15020056E-1
798	6.17296956E-1
986	6.17423038E-1
679	6.17840849E-1
1011	6.17872648E-1
580	6.19637487E-1
1016	6.20220819E-1
533	6.2115649E-1
239	6.26923163E-1
549	6.27547828E-1
526	6.27564833E-1
20	6.27712593E-1
748	6.29663735E-1
262	6.29883077E-1
126	6.29973101E-1
448	6.30360363E-1
354	6.3084241E-1
153	6.33014118E-1
91	6.34427398E-1
543	6.35150671E-1
329	6.35798784E-1
271	6.37575084E-1
487	6.386586E-1
10	6.38852499E-1
196	6.40540932E-1
521	6.40896136E-1
484	6.42393853E-1
177	6.43041962E-1
758	6.4360292E-1
174	6.43705051E-1
310	6.44110498E-1
46	6.46561329E-1
824	6.47183479E-1
357	6.48388358E-1
290	6.48474191E-1
632	6.51149403E-1
1006	6.53016638E-1
772	6.53202205E-1
421	6.53625203E-1
877	6.54878649E-1
708	6.57106504E-1
672	6.59100114E-1
792	6.59121179E-1
650	6.61798724E-1
179	6.62184527E-1
507	6.62258318E-1
162	6.62383126E-1
949	6.62403274E-1
185	6.65644938E-1
156	6.66384161E-1
898	6.67333341E-1
282	6.67633606E-1
28	6.67806659E-1
843	6.6883899E-1
703	6.68886396E-1
579	6.6890356E-1
336	6.6891816E-1
316	6.69737069E-1
847	6.70493104E-1
407	6.72175141E-1
788	6.72321273E-1
204	6.73631648E-1
917	6.74159026E-1
160	6.74492809E-1
163	6.74853275E-1
595	6.79319709E-1
140	6.79439398E-1
924	6.7963451E-1
684	6.81826662E-1
470	6.82313654E-1
893	6.8405511E-1
675	6.85223227E-1
997	6.85660195E-1
38	6.87118105E-1
347	6.88368787E-1
540	6.89009863E-1
232	6.90594385E-1
525	6.90712426E-1
731	6.91557548E-1
136	6.92445392E-1
205	6.96561553E-1
322	6.9778154E-1
49	6.99990447E-1
144	7.00147354E-1
496	7.00488361E-1
988	7.03765218E-1
668	7.04302866E-1
213	7.05863399E-1
383	7.06431835E-1
707	7.07018653E-1
67	7.07512937E-1
647	7.0823824E-1
225	7.08929593E-1
110	7.10697214E-1
939	7.10734507E-1
248	7.11241934E-1
966	7.11793165E-1
246	7.14095674E-1
779	7.14411954E-1
768	7.14725659E-1
754	7.17497991E-1
50	7.18331064E-1
849	7.19184362E-1
977	7.19374291E-1
53	7.20018615E-1
712	7.20766984E-1
934	7.21388828E-1
1021	7.22745431E-1
193	7.22996564E-1
331	7.23022897E-1
888	7.23217733E-1
401	7.23289522E-1
839	7.24032772E-1
40	7.25926316E-1
130	7.26489162E-1
965	7.26581349E-1
44	7.26823333E-1
763	7.2854682E-1
194	7.29388182E-1
760	7.30264951E-1
445	7.32071096E-1
198	7.3238521E-1
351	7.34029799E-1
296	7.34857118E-1
765	7.36485741E-1
436	7.36529357E-1
890	7.36985372E-1
515	7.37154701E-1
1008	7.37544572E-1
19	7.38196583E-1
289	7.38367429E-1
73	7.42454393E-1
122	7.43416023E-1
409	7.44120305E-1
102	7.45149996E-1
825	7.45375972E-1
904	7.47611965E-1
874	7.49868075E-1
651	7.50765746E-1
215	7.52699217E-1
342	7.54035995E-1
299	7.54548696E-1
630	7.5476292E-1
420	7.55544662E-1
911	7.56053598E-1
717	7.57483823E-1
304	7.59125152E-1
390	7.60741695E-1
85	7.62324204E-1
210	7.62510895E-1
175	7.63810075E-1
483	7.64733833E-1
287	7.65532357E-1
830	7.65612254E-1
951	7.69198843E-1
683	7.69963705E-1
341	7.70505008E-1
1017	7.70833463E-1
154	7.71510824E-1
123	7.72360565E-1
414	7.72942196E-1
447	7.75387036E-1
31	7.82017878E-1
345	7.82410385E-1
1012	7.82752278E-1
764	7.83909238E-1
615	7.84585505E-1
561	7.86579785E-1
303	7.8692719E-1
141	7.87659004E-1
12	7.87795467E-1
553	7.88027105E-1
476	7.90514005E-1
844	7.90693877E-1
218	7.9249688E-1
251	7.93026835E-1
134	7.93251011E-1
812	7.93367631E-1
332	7.93467751E-1
416	7.9553745E-1
550	7.99366819E-1
465	8.00447299E-1
713	8.02338181E-1
340	8.02399102E-1
887	8.02473524E-1
833	8.04129847E-1
475	8.06457845E-1
481	8.06962924E-1
569	8.06988689E-1
948	8.08361766E-1
63	8.0924029E-1
472	8.09871777E-1
320	8.10198684E-1
382	8.11159282E-1
557	8.11523529E-1
434	8.12231947E-1
217	8.13972012E-1
506	8.14269458E-1
253	8.14906668E-1
330	8.15291934E-1
769	8.1712676E-1
384	8.17918022E-1
919	8.19232195E-1
791	8.19979587E-1
643	8.22227191E-1
528	8.23458109E-1
254	8.23825935E-1
509	8.23928424E-1
186	8.25838619E-1
555	8.26114058E-1
964	8.2670013E-1
3	8.26802656E-1
415	8.27633747E-1
927	8.28596759E-1
273	8.29311633E-1
751	8.31468465E-1
866	8.31721526E-1
438	8.34266918E-1
935	8.34311926E-1
70	8.34377742E-1
790	8.34424994E-1
690	8.34889749E-1
585	8.37464368E-1
778	8.38778462E-1
399	8.3947973E-1
33	8.39483331E-1
452	8.40614409E-1
255	8.41128533E-1
811	8.42311553E-1
850	8.43100036E-1
82	8.43384731E-1
504	8.43652036E-1
99	8.44993031E-1
512	8.4576162E-1
168	8.47527763E-1
973	8.47604061E-1
408	8.47770956E-1
608	8.49382441E-1
960	8.49682025E-1
819	8.49752692E-1
992	8.51313452E-1
603	8.53251918E-1
52	8.54187963E-1
762	8.54467036E-1
77	8.5530782E-1
35	8.55516273E-1
348	8.56934648E-1
820	8.57662524E-1
113	8.58156096E-1
796	8.58232685E-1
680	8.58647205E-1
16	8.58776528E-1
932	8.58777195E-1
745	8.58790653E-1
170	8.59442428E-1
165	8.6009205E-1
459	8.61356625E-1
147	8.62394772E-1
374	8.6262624E-1
501	8.63600275E-1
474	8.69700631E-1
879	8.69779652E-1
783	8.70287192E-1
422	8.71689547E-1
308	8.72052228E-1
835	8.73495483E-1
469	8.77212642E-1
600	8.77264905E-1
8	8.78424331E-1
724	8.8002915E-1
959	8.80370057E-1
207	8.81163676E-1
203	8.81226536E-1
15	8.81558385E-1
656	8.82082688E-1
541	8.82177781E-1
511	8.82353314E-1
954	8.83976304E-1
577	8.84401099E-1
1009	8.84588364E-1
978	8.85303051E-1
895	8.86991465E-1
857	8.8734809E-1
531	8.90001305E-1
424	8.90256625E-1
556	8.94308299E-1
1000	8.94952441E-1
18	8.95523163E-1
710	8.96192945E-1
848	8.96561198E-1
124	8.97128702E-1
612	8.97417129E-1
775	8.98269354E-1
947	8.99288237E-1
732	8.99568792E-1
260	9.01696641E-1
774	9.02205317E-1
962	9.03095107E-1
816	9.03173622E-1
746	9.03419092E-1
899	9.07812087E-1
863	9.09339527E-1
757	9.09926237E-1
860	9.11258867E-1
946	9.12157044E-1
307	9.14306469E-1
801	9.17121679E-1
195	9.1751591E-1
814	9.18778786E-1
776	9.18852584E-1
22	9.19639693E-1
456	9.19710668E-1
916	9.20982009E-1
1010	9.23362833E-1
631	9.23808925E-1
392	9.24277795E-1
613	9.25429571E-1
984	9.2558701E-1
146	9.26545693E-1
37	9.27568148E-1
961	9.27608386E-1
214	9.27646665E-1
817	9.28904833E-1
532	9.30092072E-1
83	9.30203967E-1
133	9.31596616E-1
534	9.322536E-1
514	9.32762327E-1
546	9.32921722E-1
696	9.32925086E-1
17	9.33144873E-1
610	9.34287723E-1
242	9.36182505E-1
568	9.37337324E-1
974	9.37980831E-1
545	9.38445252E-1
831	9.39026179E-1
802	9.42564997E-1
362	9.43107481E-1
45	9.43737596E-1
787	9.45058645E-1
661	9.45553181E-1
460	9.4619177E-1
956	9.46887411E-1
411	9.47009201E-1
505	9.47920974E-1
277	9.48750654E-1
301	9.48767985E-1
665	9.48891974E-1
620	9.504248E-1
828	9.51657244E-1
410	9.54827931E-1
259	9.55742451E-1
524	9.56904676E-1
66	9.57113546E-1
623	9.59106593E-1
473	9.59379851E-1
803	9.59925808E-1
558	9.60119885E-1
315	9.61949432E-1
539	9.62598469E-1
244	9.63805964E-1
950	9.64693441E-1
4	9.65476019E-1
826	9.65813394E-1
425	9.66949115E-1
269	9.67066285E-1
139	9.69038101E-1
103	9.69481779E-1
62	9.69665411E-1
494	9.70160093E-1
676	9.72896354E-1
906	9.74169744E-1
358	9.74309372E-1
807	9.74684522E-1
9	9.75048155E-1
991	9.76664024E-1
241	9.77348459E-1
859	9.78543821E-1
536	9.78612843E-1
873	9.79279623E-1
644	9.79663587E-1
567	9.79890293E-1
94	9.80082168E-1
729	9.82382541E-1
606	9.84179947E-1
328	9.84586162E-1
181	9.86419413E-1
321	9.90251082E-1
288	9.90286185E-1
958	9.90356088E-1
356	9.91354231E-1
551	9.91966203E-1
621	9.92511523E-1
972	9.92751985E-1
355	9.93592963E-1
39	9.94613135E-1
199	9.94932977E-1
311	9.95937973E-1
293	9.96102534E-1
2	9.96239081E-1
462	9.97108218E-1
461	9.97809472E-1
652	9.97967361E-1
876	9.98871721E-1
333	9.9941025E-1
967	9.99931058E-1
