Name	chi2Pvalue
823	5.22593808E-5
745	3.21018452E-4
393	4.8730896E-4
353	9.34964445E-4
608	2.0365078E-3
537	2.26788005E-3
973	2.59198329E-3
146	4.06123756E-3
622	8.56822063E-3
581	1.15997246E-2
215	1.27616346E-2
310	1.3224701E-2
596	1.38228812E-2
705	1.48054812E-2
73	1.48297018E-2
778	1.50789506E-2
704	1.5178461E-2
814	1.69160867E-2
221	1.76721348E-2
683	2.28637662E-2
493	2.34672568E-2
560	2.39412761E-2
880	2.53347701E-2
613	2.65841723E-2
525	2.7160562E-2
139	2.77828043E-2
160	2.79514738E-2
536	2.79942231E-2
250	2.80593769E-2
296	2.95910208E-2
848	3.05298881E-2
205	3.10237759E-2
551	3.15658121E-2
747	3.79536971E-2
839	3.98391624E-2
983	4.23032122E-2
996	4.23860623E-2
979	4.29116045E-2
651	4.31479874E-2
999	4.39345185E-2
991	4.43348941E-2
174	4.43687591E-2
480	4.51245489E-2
625	4.57278563E-2
844	4.62155547E-2
161	4.67750272E-2
363	4.68676135E-2
34	5.00234248E-2
105	5.02265242E-2
691	5.05662668E-2
1011	5.1823239E-2
802	5.2549845E-2
190	5.38171844E-2
452	5.38383781E-2
903	5.48883527E-2
618	5.57564164E-2
535	5.59015892E-2
1	5.8352804E-2
637	6.08209249E-2
206	6.08619344E-2
673	6.12140621E-2
591	6.24603748E-2
479	6.32224526E-2
410	6.36085134E-2
407	6.45628201E-2
239	6.45804139E-2
791	6.46808212E-2
894	6.7114358E-2
885	6.88415344E-2
38	6.95559288E-2
193	6.98209186E-2
220	7.06220056E-2
455	7.38055967E-2
873	7.5004464E-2
792	8.00831454E-2
444	8.11986894E-2
995	8.14030528E-2
659	8.26806964E-2
740	8.27648694E-2
145	8.43711852E-2
696	8.48611098E-2
366	8.69428256E-2
963	8.70754207E-2
388	8.7513213E-2
235	8.83995974E-2
58	8.88319038E-2
674	9.01213945E-2
267	9.04938174E-2
71	9.21641851E-2
340	9.2674251E-2
982	9.26765703E-2
467	9.31064813E-2
311	9.57381487E-2
56	9.58321914E-2
223	9.58990523E-2
109	9.73381635E-2
264	9.742152E-2
830	9.76997436E-2
4	9.78484286E-2
744	9.8155277E-2
676	1.00912006E-1
324	1.01058741E-1
379	1.01556244E-1
142	1.03723301E-1
685	1.04442093E-1
1020	1.05368994E-1
120	1.06910189E-1
678	1.07519048E-1
238	1.08082479E-1
481	1.08385133E-1
512	1.08411984E-1
529	1.09041289E-1
198	1.11196885E-1
332	1.11219787E-1
515	1.11494873E-1
725	1.11678363E-1
842	1.13716821E-1
611	1.14310642E-1
546	1.15155961E-1
41	1.16584695E-1
680	1.16608127E-1
191	1.17443934E-1
17	1.20552688E-1
196	1.20855732E-1
189	1.21954066E-1
413	1.2262842E-1
575	1.23555569E-1
256	1.23595364E-1
482	1.25104749E-1
131	1.25767649E-1
853	1.26109046E-1
380	1.26527004E-1
601	1.29283624E-1
284	1.3038224E-1
24	1.30498804E-1
769	1.32207801E-1
391	1.32429334E-1
259	1.32776815E-1
881	1.3315632E-1
684	1.33426026E-1
893	1.3398588E-1
965	1.34025062E-1
681	1.34960176E-1
122	1.36525289E-1
939	1.36592728E-1
63	1.38214765E-1
616	1.38607222E-1
314	1.38617132E-1
917	1.39643723E-1
782	1.40122128E-1
702	1.40190955E-1
826	1.45061234E-1
1008	1.45199404E-1
859	1.46807847E-1
776	1.48770977E-1
181	1.50181131E-1
20	1.51416471E-1
914	1.54317671E-1
522	1.54387736E-1
743	1.5668555E-1
449	1.57007169E-1
942	1.58496917E-1
664	1.60639075E-1
385	1.60904244E-1
729	1.61994015E-1
459	1.62851684E-1
654	1.63085487E-1
431	1.63998894E-1
163	1.66817917E-1
92	1.67043303E-1
170	1.67093999E-1
755	1.67610711E-1
371	1.68017654E-1
287	1.68636502E-1
451	1.68803606E-1
959	1.70715791E-1
530	1.7166065E-1
285	1.71902838E-1
550	1.73806899E-1
981	1.74556949E-1
430	1.75974358E-1
1002	1.76202127E-1
846	1.765101E-1
43	1.76931664E-1
803	1.77610361E-1
30	1.78418705E-1
458	1.79319578E-1
694	1.79915898E-1
44	1.80591714E-1
599	1.80882641E-1
960	1.82606408E-1
985	1.84895131E-1
180	1.85700018E-1
464	1.86653858E-1
352	1.86716004E-1
350	1.86731891E-1
172	1.87049587E-1
31	1.87308158E-1
615	1.88283796E-1
524	1.90447447E-1
273	1.92859945E-1
508	1.94742417E-1
494	1.96266835E-1
884	1.96992469E-1
227	1.98727188E-1
36	1.99726429E-1
907	2.01647979E-1
930	2.01851084E-1
249	2.02271473E-1
443	2.02342393E-1
665	2.02420786E-1
460	2.03038921E-1
327	2.0328079E-1
50	2.03389996E-1
602	2.03575012E-1
698	2.04525061E-1
780	2.05013836E-1
320	2.05668888E-1
770	2.07414843E-1
614	2.077939E-1
883	2.07844954E-1
834	2.10320043E-1
562	2.11933435E-1
517	2.1306572E-1
301	2.14767253E-1
478	2.15329657E-1
488	2.16224374E-1
912	2.17341427E-1
278	2.18054795E-1
865	2.2002339E-1
958	2.21731814E-1
104	2.21767207E-1
561	2.218393E-1
862	2.22773979E-1
25	2.23119933E-1
1001	2.23502889E-1
672	2.25772142E-1
760	2.26185521E-1
906	2.26887019E-1
119	2.27584885E-1
847	2.27899928E-1
896	2.29466691E-1
87	2.32167297E-1
86	2.32621974E-1
263	2.33462324E-1
634	2.35388744E-1
642	2.354765E-1
261	2.36835775E-1
620	2.37888381E-1
429	2.39654835E-1
836	2.39902118E-1
895	2.4019563E-1
697	2.40675614E-1
279	2.40757147E-1
829	2.40872832E-1
827	2.4353696E-1
497	2.43879263E-1
108	2.44924323E-1
997	2.44969412E-1
701	2.46480734E-1
60	2.46606454E-1
343	2.46698681E-1
106	2.47361789E-1
433	2.48759977E-1
569	2.49643731E-1
727	2.49860656E-1
420	2.55016258E-1
136	2.55016446E-1
83	2.55217306E-1
347	2.56429146E-1
911	2.56517105E-1
944	2.56615504E-1
783	2.59716543E-1
908	2.60597013E-1
121	2.61018271E-1
833	2.61434535E-1
147	2.63269819E-1
619	2.6375356E-1
1000	2.65020647E-1
339	2.66387215E-1
779	2.66437975E-1
638	2.66994406E-1
394	2.67391367E-1
563	2.69208347E-1
712	2.69577405E-1
125	2.70195737E-1
364	2.7032707E-1
532	2.71329905E-1
534	2.72394799E-1
714	2.72587655E-1
270	2.76615684E-1
623	2.77549687E-1
127	2.80427917E-1
852	2.82897556E-1
224	2.82992472E-1
98	2.83064076E-1
905	2.8331938E-1
553	2.84027852E-1
841	2.84136141E-1
84	2.84182364E-1
216	2.8584355E-1
53	2.8707134E-1
710	2.87525595E-1
595	2.8880892E-1
384	2.89295596E-1
428	2.89966973E-1
689	2.90504098E-1
607	2.91237813E-1
932	2.9436587E-1
583	2.94860131E-1
1018	2.9814922E-1
360	2.98741259E-1
39	2.99789004E-1
305	3.0020506E-1
417	3.01219605E-1
396	3.03626211E-1
838	3.05356795E-1
566	3.05579523E-1
876	3.05679283E-1
892	3.05827436E-1
735	3.06844653E-1
950	3.09254163E-1
785	3.09896194E-1
309	3.10836352E-1
617	3.13426444E-1
490	3.13594509E-1
65	3.13991753E-1
128	3.14790767E-1
949	3.16894239E-1
640	3.24317442E-1
668	3.24653283E-1
88	3.27103783E-1
641	3.27467291E-1
468	3.28051303E-1
699	3.28899811E-1
8	3.30854541E-1
910	3.32811257E-1
955	3.33039844E-1
711	3.34289875E-1
643	3.34571793E-1
103	3.35243222E-1
609	3.36284369E-1
948	3.36769877E-1
400	3.36890997E-1
7	3.37059852E-1
409	3.38115464E-1
809	3.39185825E-1
66	3.441401E-1
742	3.46723745E-1
954	3.47896435E-1
329	3.50599315E-1
117	3.51641676E-1
457	3.52192251E-1
629	3.57708825E-1
477	3.5797585E-1
835	3.59792686E-1
867	3.59822763E-1
506	3.61214648E-1
989	3.61975705E-1
858	3.62348789E-1
69	3.62599744E-1
808	3.64284587E-1
425	3.64299693E-1
998	3.66238964E-1
3	3.66571053E-1
572	3.67354206E-1
472	3.6738069E-1
538	3.67686222E-1
962	3.68221523E-1
503	3.69473465E-1
212	3.70838272E-1
719	3.71956021E-1
496	3.72071433E-1
271	3.72435913E-1
240	3.74798622E-1
666	3.75163199E-1
14	3.76813237E-1
241	3.78439415E-1
813	3.80397668E-1
547	3.80904591E-1
445	3.81209756E-1
594	3.8242238E-1
258	3.83848307E-1
422	3.85046131E-1
440	3.86953557E-1
863	3.87508362E-1
344	3.88734662E-1
123	3.88867652E-1
501	3.90324026E-1
307	3.91499351E-1
759	3.91576955E-1
243	3.92257714E-1
399	3.92395323E-1
709	3.93853468E-1
840	3.94332258E-1
499	3.95365818E-1
266	3.95616961E-1
718	3.9630328E-1
492	3.96435418E-1
584	3.97077758E-1
612	3.9843557E-1
980	3.98649315E-1
16	3.9913224E-1
300	4.00929393E-1
526	4.01206326E-1
112	4.02742403E-1
392	4.06477566E-1
633	4.09284941E-1
631	4.11636644E-1
245	4.12750194E-1
658	4.12865605E-1
726	4.13160306E-1
866	4.13350482E-1
731	4.15717938E-1
389	4.16836883E-1
923	4.20141392E-1
1017	4.20190291E-1
811	4.23586356E-1
49	4.25295751E-1
315	4.27012778E-1
746	4.27295473E-1
247	4.28829299E-1
427	4.30124189E-1
93	4.31414636E-1
317	4.3169387E-1
361	4.32789418E-1
540	4.34828468E-1
555	4.35067114E-1
194	4.35347558E-1
251	4.36137691E-1
246	4.36301703E-1
368	4.36670947E-1
669	4.39316082E-1
226	4.39385995E-1
48	4.40845425E-1
362	4.43059194E-1
978	4.44699363E-1
437	4.44854608E-1
592	4.46696887E-1
544	4.48617324E-1
728	4.4875954E-1
383	4.50020257E-1
500	4.50954743E-1
377	4.51487157E-1
682	4.53355898E-1
969	4.53860682E-1
750	4.54159355E-1
295	4.55588157E-1
807	4.56567057E-1
325	4.56907548E-1
578	4.57716428E-1
465	4.58130447E-1
953	4.58815751E-1
293	4.58995047E-1
155	4.5980911E-1
564	4.60080218E-1
434	4.60152485E-1
879	4.60201673E-1
762	4.62145523E-1
37	4.62329762E-1
126	4.62652924E-1
706	4.63084386E-1
274	4.63491947E-1
824	4.64131947E-1
874	4.64901651E-1
78	4.6526675E-1
40	4.67124821E-1
94	4.67463949E-1
237	4.69247259E-1
46	4.69788442E-1
338	4.70607129E-1
539	4.71231392E-1
149	4.71491574E-1
588	4.71504877E-1
695	4.74901859E-1
228	4.77532681E-1
799	4.77709941E-1
346	4.77835397E-1
403	4.78115393E-1
897	4.78479978E-1
89	4.78749474E-1
662	4.79259935E-1
157	4.79275524E-1
925	4.79514559E-1
554	4.80485558E-1
861	4.81202081E-1
188	4.83871595E-1
603	4.83962081E-1
185	4.84170736E-1
649	4.84231467E-1
175	4.84282367E-1
986	4.84745567E-1
511	4.8656503E-1
741	4.89923453E-1
162	4.9404139E-1
453	4.94042906E-1
312	4.9416301E-1
79	4.94685972E-1
878	4.94873072E-1
462	4.96284307E-1
900	4.97564396E-1
877	5.00533246E-1
334	5.02088898E-1
801	5.02327682E-1
733	5.02677922E-1
632	5.0347469E-1
204	5.04489145E-1
275	5.04552791E-1
789	5.04601527E-1
97	5.05203342E-1
886	5.06282028E-1
773	5.06847438E-1
781	5.09733698E-1
184	5.11338584E-1
956	5.1220129E-1
648	5.12305066E-1
577	5.12596787E-1
381	5.14604032E-1
795	5.1602156E-1
984	5.16276534E-1
70	5.16635257E-1
707	5.16700039E-1
832	5.16758394E-1
485	5.17871413E-1
660	5.18828861E-1
230	5.18983504E-1
167	5.19299356E-1
946	5.20239557E-1
9	5.20791288E-1
179	5.23002994E-1
28	5.23032462E-1
498	5.230845E-1
513	5.2328689E-1
777	5.26172797E-1
992	5.26468425E-1
804	5.26857088E-1
319	5.27060478E-1
331	5.27908773E-1
229	5.28929678E-1
2	5.29537211E-1
864	5.30277907E-1
677	5.32616523E-1
182	5.32769671E-1
766	5.3731271E-1
940	5.37707145E-1
450	5.3809666E-1
579	5.39651484E-1
208	5.40528784E-1
812	5.40947535E-1
606	5.42116287E-1
734	5.42368551E-1
1009	5.43330573E-1
646	5.44226098E-1
756	5.44276389E-1
548	5.46399111E-1
720	5.47015463E-1
754	5.47827146E-1
882	5.4996951E-1
202	5.53060983E-1
411	5.5360841E-1
1023	5.55095352E-1
365	5.56166284E-1
679	5.57038119E-1
924	5.57353686E-1
72	5.57630724E-1
341	5.58613534E-1
941	5.5951747E-1
244	5.6036107E-1
349	5.61573946E-1
47	5.61908018E-1
333	5.62133403E-1
436	5.64212451E-1
887	5.65752036E-1
765	5.65758387E-1
0	5.65952985E-1
621	5.6663126E-1
938	5.67552001E-1
489	5.67925451E-1
1019	5.68163234E-1
1010	5.6879036E-1
213	5.69219774E-1
318	5.70086666E-1
870	5.71935933E-1
448	5.72593768E-1
476	5.74581996E-1
974	5.74999362E-1
207	5.75246829E-1
966	5.75855851E-1
670	5.76786074E-1
199	5.77514947E-1
219	5.79910153E-1
898	5.79939438E-1
115	5.80551354E-1
32	5.80556784E-1
552	5.81054891E-1
580	5.81815938E-1
574	5.83898817E-1
269	5.840028E-1
150	5.84773027E-1
288	5.85635751E-1
277	5.87133761E-1
474	5.88240562E-1
438	5.91359527E-1
556	5.91555767E-1
655	5.91807298E-1
234	5.92198945E-1
928	5.95050147E-1
177	5.97460949E-1
507	5.9757311E-1
922	5.97599277E-1
416	5.98584189E-1
367	5.99088318E-1
390	5.99172016E-1
154	5.99905687E-1
899	6.00394745E-1
406	6.00458085E-1
357	6.01111794E-1
313	6.01743798E-1
303	6.04608233E-1
598	6.07415907E-1
45	6.07527854E-1
767	6.08387973E-1
751	6.1033037E-1
952	6.13739167E-1
414	6.16218332E-1
370	6.17614899E-1
354	6.17656324E-1
888	6.17688935E-1
308	6.18197778E-1
75	6.18280145E-1
919	6.19171552E-1
636	6.19467633E-1
299	6.19913124E-1
518	6.20394972E-1
934	6.20619921E-1
260	6.22194342E-1
475	6.22558151E-1
55	6.22846627E-1
627	6.23791541E-1
323	6.24191382E-1
1016	6.2489113E-1
236	6.24977354E-1
495	6.25101066E-1
652	6.25864499E-1
913	6.26791621E-1
124	6.27216845E-1
730	6.27900337E-1
1005	6.28680717E-1
703	6.31812542E-1
868	6.32748E-1
890	6.34082321E-1
387	6.35344511E-1
398	6.389515E-1
397	6.39416152E-1
51	6.42660993E-1
33	6.42938872E-1
378	6.43343252E-1
957	6.45579715E-1
85	6.47484817E-1
27	6.48253243E-1
657	6.48575429E-1
328	6.49294464E-1
13	6.50740813E-1
91	6.53115188E-1
587	6.53123564E-1
597	6.5451705E-1
42	6.54553203E-1
722	6.55287915E-1
1013	6.57612999E-1
423	6.59001418E-1
976	6.59678147E-1
99	6.59905174E-1
687	6.60363893E-1
405	6.63728324E-1
909	6.64711437E-1
872	6.65720178E-1
573	6.66995495E-1
294	6.67191745E-1
975	6.69174991E-1
233	6.70509757E-1
326	6.71645525E-1
62	6.7236434E-1
821	6.73219573E-1
915	6.76709382E-1
937	6.77030962E-1
639	6.7748173E-1
505	6.78801086E-1
763	6.79318719E-1
929	6.79436181E-1
764	6.79518331E-1
268	6.81249902E-1
166	6.81620941E-1
520	6.83987344E-1
971	6.84501777E-1
1003	6.86245044E-1
130	6.89715074E-1
197	6.89963073E-1
82	6.92190244E-1
843	6.92451265E-1
586	6.92676493E-1
918	6.93496092E-1
768	6.93555257E-1
787	6.93620156E-1
786	6.93990849E-1
947	6.95440579E-1
129	6.95543829E-1
951	6.9716833E-1
977	6.9794732E-1
943	7.00115372E-1
134	7.01017818E-1
541	7.03454328E-1
442	7.03492938E-1
408	7.03725295E-1
466	7.03780627E-1
775	7.06113039E-1
282	7.09839469E-1
901	7.11147702E-1
749	7.13314278E-1
211	7.14185482E-1
76	7.15198006E-1
994	7.17270644E-1
133	7.1904779E-1
800	7.23252935E-1
630	7.23363939E-1
837	7.24624461E-1
374	7.25168776E-1
736	7.25332184E-1
151	7.2612092E-1
257	7.26246832E-1
252	7.26861541E-1
822	7.2748613E-1
302	7.30473995E-1
761	7.31268185E-1
806	7.31732013E-1
12	7.32349794E-1
81	7.32477556E-1
140	7.33876185E-1
557	7.35165132E-1
415	7.35224556E-1
148	7.37815225E-1
483	7.38978827E-1
628	7.39713008E-1
945	7.39823492E-1
426	7.40162402E-1
820	7.40507278E-1
358	7.41162392E-1
987	7.41922233E-1
100	7.41976835E-1
656	7.45526985E-1
471	7.46223465E-1
29	7.46874859E-1
355	7.47384855E-1
758	7.48484023E-1
61	7.49230267E-1
231	7.4940184E-1
59	7.49717503E-1
933	7.49717681E-1
232	7.49848489E-1
1012	7.50871553E-1
23	7.51281195E-1
330	7.51299417E-1
576	7.53760291E-1
165	7.53770176E-1
519	7.54296933E-1
402	7.5434474E-1
502	7.55838684E-1
819	7.56158653E-1
559	7.56318647E-1
132	7.57160097E-1
904	7.5726453E-1
663	7.586932E-1
101	7.59222117E-1
516	7.60451681E-1
164	7.6153571E-1
169	7.6163092E-1
95	7.62010618E-1
141	7.6210645E-1
845	7.63035571E-1
210	7.64292038E-1
964	7.66152624E-1
869	7.66305727E-1
798	7.66466037E-1
757	7.67351502E-1
348	7.67610023E-1
135	7.69290813E-1
6	7.69291685E-1
90	7.70108069E-1
435	7.72230597E-1
424	7.73787691E-1
993	7.74591335E-1
159	7.77445267E-1
218	7.78023199E-1
935	7.80451159E-1
276	7.81929281E-1
927	7.82472272E-1
647	7.84412667E-1
176	7.85272175E-1
432	7.85923394E-1
645	7.86314962E-1
280	7.86494912E-1
469	7.89155299E-1
376	7.89875713E-1
902	7.90470335E-1
967	7.95384737E-1
253	7.95630425E-1
624	7.95811843E-1
286	7.96422186E-1
700	7.96806065E-1
818	7.9774101E-1
419	7.98125437E-1
345	7.9831967E-1
784	8.00480953E-1
717	8.01623905E-1
336	8.01671453E-1
57	8.01884773E-1
988	8.02570857E-1
831	8.02921553E-1
35	8.03915612E-1
1022	8.04742117E-1
850	8.04788139E-1
650	8.07692671E-1
921	8.09411576E-1
825	8.10920752E-1
203	8.11177097E-1
19	8.12806029E-1
772	8.13366711E-1
201	8.15229027E-1
114	8.15451007E-1
1007	8.15497337E-1
290	8.19450549E-1
297	8.19922573E-1
262	8.19966665E-1
463	8.20317465E-1
931	8.22185154E-1
509	8.2488588E-1
144	8.26012679E-1
487	8.26254785E-1
192	8.29084989E-1
794	8.31950232E-1
635	8.32087492E-1
990	8.34830947E-1
54	8.35451449E-1
568	8.37371762E-1
737	8.38268288E-1
412	8.38698073E-1
871	8.38774191E-1
316	8.40353064E-1
521	8.43117087E-1
248	8.43954373E-1
753	8.4516706E-1
724	8.45176772E-1
545	8.47455796E-1
96	8.48766962E-1
335	8.4918634E-1
217	8.49761028E-1
186	8.50948572E-1
671	8.51137432E-1
107	8.52971986E-1
15	8.53550919E-1
359	8.53829257E-1
661	8.54949744E-1
18	8.56951805E-1
22	8.57462247E-1
456	8.57553432E-1
156	8.60809585E-1
567	8.60876504E-1
1004	8.62975274E-1
543	8.63672503E-1
486	8.65052092E-1
74	8.66166466E-1
875	8.68332261E-1
653	8.69292148E-1
857	8.71402886E-1
570	8.73164426E-1
11	8.73325865E-1
891	8.75398066E-1
102	8.76494101E-1
549	8.76574622E-1
708	8.77031746E-1
292	8.78684978E-1
373	8.79235354E-1
926	8.79843092E-1
168	8.81039758E-1
5	8.81309569E-1
64	8.84154985E-1
528	8.84375623E-1
209	8.85038828E-1
1006	8.85349427E-1
692	8.86732265E-1
860	8.86989369E-1
26	8.9023793E-1
401	8.91022528E-1
542	8.9174914E-1
531	8.91939779E-1
675	8.93353821E-1
605	8.93985831E-1
21	8.94097914E-1
183	8.94421661E-1
732	8.94659707E-1
817	8.98246884E-1
67	8.98872337E-1
889	8.99852146E-1
306	9.02258638E-1
752	9.02959397E-1
113	9.04172791E-1
200	9.04645989E-1
667	9.08013711E-1
441	9.08580012E-1
514	9.08737494E-1
491	9.08980129E-1
171	9.09569638E-1
265	9.10971868E-1
504	9.12219551E-1
298	9.12522188E-1
138	9.13915392E-1
810	9.14202278E-1
1015	9.15946271E-1
304	9.17930713E-1
593	9.18788936E-1
968	9.1953496E-1
523	9.22883683E-1
816	9.23677166E-1
582	9.24167823E-1
688	9.2764446E-1
473	9.2780034E-1
916	9.27823033E-1
805	9.28104694E-1
322	9.28537644E-1
565	9.28606318E-1
716	9.29332822E-1
137	9.29496656E-1
395	9.3042442E-1
187	9.30553903E-1
715	9.31656933E-1
289	9.3246896E-1
1021	9.32966426E-1
454	9.34072427E-1
558	9.358664E-1
80	9.36508006E-1
77	9.3665428E-1
739	9.36931603E-1
510	9.37216444E-1
721	9.38027938E-1
589	9.39070099E-1
527	9.40144302E-1
337	9.4094459E-1
713	9.42664815E-1
372	9.43127911E-1
793	9.4337245E-1
849	9.44024573E-1
375	9.45106541E-1
533	9.45304711E-1
178	9.45597771E-1
484	9.4623262E-1
774	9.46544257E-1
118	9.46735331E-1
254	9.4701758E-1
604	9.48104801E-1
116	9.48385665E-1
291	9.49591826E-1
351	9.49772755E-1
461	9.49903545E-1
272	9.49923259E-1
242	9.51376745E-1
610	9.5140219E-1
856	9.52581274E-1
173	9.55162943E-1
446	9.5561493E-1
68	9.56019637E-1
790	9.57170934E-1
972	9.57358478E-1
447	9.582215E-1
788	9.587257E-1
936	9.59564863E-1
815	9.59819383E-1
571	9.59929453E-1
356	9.60670785E-1
225	9.62970759E-1
281	9.65319092E-1
439	9.65884882E-1
195	9.66934902E-1
771	9.67389332E-1
143	9.68341471E-1
690	9.69586693E-1
152	9.70839796E-1
738	9.71408653E-1
470	9.73738022E-1
600	9.73871498E-1
214	9.74724898E-1
961	9.7486864E-1
10	9.75230195E-1
854	9.754876E-1
796	9.76249334E-1
382	9.77611845E-1
585	9.79118996E-1
970	9.80817599E-1
321	9.83120116E-1
723	9.85961901E-1
404	9.87245943E-1
255	9.87593566E-1
797	9.8764329E-1
686	9.87907957E-1
855	9.88138444E-1
342	9.89341561E-1
421	9.90288212E-1
748	9.90672387E-1
110	9.91675309E-1
111	9.93971914E-1
52	9.9420368E-1
158	9.95399667E-1
828	9.95934225E-1
386	9.97606456E-1
153	9.9811492E-1
222	9.9846537E-1
693	9.98580829E-1
851	9.9869696E-1
626	9.98739959E-1
418	9.99948278E-1
