Name	chi2Pvalue
55	6.92398006E-4
608	1.45419751E-3
960	1.46834004E-3
43	2.29160106E-3
104	3.53479346E-3
438	4.06886065E-3
525	9.98884114E-3
11	1.05637262E-2
12	1.18745537E-2
188	1.25132746E-2
933	1.26393293E-2
646	1.41193014E-2
954	1.44544969E-2
169	1.44580339E-2
119	1.89566073E-2
335	1.951673E-2
482	2.09170167E-2
748	2.0951109E-2
413	2.29503612E-2
117	2.3090235E-2
890	2.33308958E-2
174	2.43273352E-2
976	2.44778747E-2
19	2.55015654E-2
239	3.18725824E-2
612	3.28086237E-2
172	3.38266478E-2
833	3.38372022E-2
547	3.5811529E-2
269	3.58321222E-2
1002	3.60948472E-2
705	3.83885885E-2
946	3.90852957E-2
958	4.04537975E-2
69	4.10132595E-2
990	4.10577172E-2
41	4.21338902E-2
370	4.36787581E-2
242	4.47231418E-2
845	4.48180437E-2
951	4.49391805E-2
949	4.5934518E-2
472	4.72691988E-2
378	4.75983453E-2
387	4.83943806E-2
680	4.85523456E-2
631	4.85707369E-2
86	5.0162165E-2
673	5.12143193E-2
276	5.21936244E-2
375	5.39276397E-2
719	5.41637711E-2
586	5.47295618E-2
328	5.48408259E-2
864	5.54233641E-2
929	5.66346778E-2
685	5.69693588E-2
747	5.81608483E-2
801	5.87455358E-2
367	5.99579719E-2
569	6.17559219E-2
536	6.27004794E-2
218	6.31072065E-2
922	6.33578936E-2
897	6.5499415E-2
777	6.55270201E-2
377	6.57447999E-2
898	6.73695181E-2
816	6.94380155E-2
692	6.95755155E-2
408	6.96729047E-2
948	7.10844894E-2
582	7.19691353E-2
350	7.23690405E-2
713	7.31237854E-2
839	7.43738927E-2
343	7.44713555E-2
476	7.58851415E-2
60	7.60081575E-2
72	7.63605077E-2
690	7.64979459E-2
108	7.8462578E-2
495	7.86098371E-2
969	7.92184993E-2
587	7.94148633E-2
971	8.04086643E-2
1004	8.09644523E-2
860	8.22973598E-2
813	8.37346403E-2
756	8.50392311E-2
716	8.59267442E-2
774	8.74113066E-2
396	8.8558546E-2
543	8.91468982E-2
98	8.9389697E-2
411	8.98429121E-2
928	9.14543031E-2
526	9.22383899E-2
610	9.29746858E-2
963	9.47429365E-2
908	9.49057979E-2
323	9.5793228E-2
636	9.66910587E-2
303	9.70417898E-2
989	1.00132523E-1
781	1.0107142E-1
131	1.0149175E-1
889	1.03024453E-1
431	1.04038727E-1
605	1.05886612E-1
474	1.05924707E-1
196	1.07072904E-1
92	1.09188035E-1
825	1.11259938E-1
245	1.12134563E-1
420	1.15936218E-1
939	1.16973594E-1
812	1.16993644E-1
259	1.17064042E-1
585	1.18145743E-1
754	1.18271077E-1
428	1.18958522E-1
477	1.19309171E-1
935	1.19812323E-1
17	1.20966393E-1
382	1.23339252E-1
393	1.25859968E-1
334	1.30826517E-1
544	1.33990881E-1
30	1.36135685E-1
391	1.37478932E-1
560	1.37895509E-1
627	1.38773466E-1
288	1.39010667E-1
284	1.39448639E-1
5	1.41609885E-1
915	1.42112016E-1
746	1.44927643E-1
950	1.49016741E-1
479	1.52832781E-1
663	1.53315586E-1
620	1.53659717E-1
745	1.53800179E-1
154	1.53974453E-1
506	1.54034291E-1
74	1.55575032E-1
538	1.56198452E-1
892	1.57496964E-1
542	1.57855799E-1
331	1.59516145E-1
981	1.60329405E-1
290	1.60750883E-1
389	1.62780642E-1
750	1.62925411E-1
481	1.63220881E-1
184	1.63234759E-1
216	1.64354474E-1
200	1.64743463E-1
71	1.65725086E-1
127	1.68510289E-1
241	1.69076444E-1
294	1.69338241E-1
275	1.70342023E-1
866	1.7177343E-1
61	1.72190268E-1
856	1.73425502E-1
360	1.73679613E-1
146	1.73904124E-1
809	1.74334605E-1
894	1.74400129E-1
415	1.74430093E-1
882	1.75473201E-1
291	1.75750909E-1
554	1.76145241E-1
253	1.79257331E-1
735	1.7960534E-1
144	1.79625888E-1
454	1.8023909E-1
501	1.8086947E-1
827	1.81266065E-1
584	1.82889969E-1
53	1.84507777E-1
674	1.84730645E-1
528	1.85431746E-1
405	1.85703855E-1
170	1.86051368E-1
228	1.868776E-1
416	1.8927998E-1
500	1.89687186E-1
678	1.9134959E-1
325	1.92765215E-1
248	1.92975944E-1
913	1.94079325E-1
453	1.94450544E-1
653	1.94461062E-1
760	1.95012445E-1
847	1.95837988E-1
25	1.96490672E-1
782	1.96504121E-1
911	1.96653639E-1
1006	1.96748983E-1
769	1.97907657E-1
807	1.98675484E-1
865	2.02155783E-1
429	2.02423024E-1
403	2.02583927E-1
723	2.07462802E-1
614	2.08319093E-1
763	2.08910934E-1
533	2.09668438E-1
410	2.11194478E-1
959	2.13916781E-1
628	2.16970559E-1
785	2.1723937E-1
240	2.18429319E-1
643	2.20601911E-1
945	2.21535459E-1
155	2.23033628E-1
85	2.23527675E-1
709	2.23575578E-1
832	2.24788034E-1
120	2.25580751E-1
121	2.26265139E-1
363	2.27308587E-1
696	2.29069354E-1
773	2.30649092E-1
499	2.30789423E-1
672	2.31726295E-1
784	2.3285848E-1
795	2.32928974E-1
463	2.32966678E-1
883	2.32996071E-1
437	2.34008555E-1
621	2.34637237E-1
263	2.35032325E-1
932	2.35266084E-1
657	2.35468213E-1
759	2.35878921E-1
136	2.36346996E-1
695	2.37271431E-1
708	2.38613372E-1
366	2.41200074E-1
670	2.42739571E-1
885	2.42814964E-1
724	2.42908393E-1
683	2.43286973E-1
843	2.48391047E-1
84	2.50756538E-1
206	2.50981118E-1
978	2.51147233E-1
836	2.51297255E-1
814	2.51691159E-1
686	2.53332384E-1
51	2.5407382E-1
16	2.55305805E-1
148	2.56072794E-1
73	2.56570719E-1
285	2.56966258E-1
38	2.5700767E-1
80	2.57188694E-1
794	2.5730588E-1
927	2.57386783E-1
217	2.57869616E-1
835	2.59099533E-1
299	2.59331118E-1
152	2.59909395E-1
301	2.60026122E-1
820	2.60382717E-1
597	2.6050468E-1
110	2.60584756E-1
558	2.62062145E-1
140	2.62577729E-1
129	2.64050393E-1
349	2.65067875E-1
460	2.65809938E-1
952	2.65901538E-1
734	2.65970258E-1
660	2.66001651E-1
575	2.66612163E-1
1012	2.67536774E-1
436	2.67928097E-1
67	2.6817808E-1
776	2.68995504E-1
227	2.69193077E-1
926	2.70218553E-1
633	2.70862285E-1
805	2.72688191E-1
308	2.73189699E-1
675	2.73207099E-1
727	2.73870508E-1
480	2.74196542E-1
559	2.75200862E-1
153	2.75260715E-1
352	2.75729361E-1
52	2.77840613E-1
496	2.78016963E-1
999	2.7901852E-1
862	2.79134836E-1
451	2.81502537E-1
720	2.81815336E-1
539	2.83204475E-1
732	2.84182778E-1
744	2.86940224E-1
54	2.87156254E-1
788	2.88239689E-1
266	2.89919969E-1
798	2.92582794E-1
604	2.93041809E-1
1014	2.93942334E-1
905	2.96865564E-1
842	2.98563285E-1
56	2.98781689E-1
279	3.0000562E-1
877	3.02781628E-1
40	3.03631968E-1
139	3.03855851E-1
193	3.04193185E-1
907	3.05076481E-1
800	3.05477243E-1
220	3.06374684E-1
741	3.06429506E-1
755	3.09190016E-1
380	3.09615009E-1
374	3.11254815E-1
512	3.11948278E-1
398	3.12688E-1
868	3.12986043E-1
456	3.1304088E-1
91	3.13495031E-1
1	3.13743356E-1
433	3.15623675E-1
607	3.15750054E-1
213	3.18559235E-1
162	3.18625779E-1
300	3.20213897E-1
351	3.22205777E-1
191	3.23042826E-1
830	3.25578736E-1
147	3.25786035E-1
552	3.28033468E-1
641	3.29245558E-1
849	3.29947242E-1
384	3.30259144E-1
475	3.30975717E-1
1008	3.33003178E-1
654	3.33232463E-1
834	3.35431412E-1
591	3.35716667E-1
282	3.36392952E-1
446	3.37389188E-1
48	3.38080446E-1
386	3.3968435E-1
257	3.43311668E-1
850	3.4331832E-1
42	3.4376689E-1
125	3.45571863E-1
609	3.45771078E-1
677	3.46833102E-1
36	3.47420213E-1
900	3.48195561E-1
556	3.48269419E-1
249	3.48477966E-1
555	3.49913052E-1
789	3.51143559E-1
698	3.51344504E-1
322	3.51707013E-1
749	3.56218299E-1
307	3.56789765E-1
234	3.57390319E-1
32	3.58398033E-1
221	3.58496147E-1
381	3.59248521E-1
96	3.61004764E-1
571	3.61366927E-1
317	3.61796102E-1
195	3.62745402E-1
388	3.63959431E-1
20	3.65114306E-1
364	3.65168271E-1
770	3.65604704E-1
64	3.67602101E-1
229	3.68512755E-1
418	3.69708225E-1
158	3.7004506E-1
186	3.70194181E-1
909	3.7123726E-1
341	3.71424456E-1
390	3.72267671E-1
329	3.72936656E-1
581	3.73079604E-1
819	3.735675E-1
123	3.73748008E-1
95	3.73867703E-1
348	3.77678301E-1
529	3.78164891E-1
215	3.78683106E-1
347	3.78789185E-1
199	3.80357881E-1
160	3.80599527E-1
880	3.81156423E-1
821	3.82616457E-1
130	3.85343979E-1
937	3.85665594E-1
691	3.86123033E-1
166	3.86992057E-1
365	3.88116909E-1
787	3.89354779E-1
786	3.89475809E-1
338	3.90040606E-1
246	3.90889137E-1
527	3.91212605E-1
295	3.92536728E-1
858	3.92613284E-1
371	3.94734617E-1
2	3.94739265E-1
443	3.95419939E-1
179	3.95452024E-1
192	3.96139731E-1
767	3.96819746E-1
731	3.9898818E-1
930	3.9945889E-1
468	4.00579848E-1
424	4.01130218E-1
399	4.03905661E-1
837	4.04358045E-1
658	4.04410558E-1
1009	4.0678757E-1
947	4.06999944E-1
793	4.07164558E-1
189	4.07240755E-1
316	4.09673093E-1
492	4.10256863E-1
430	4.13057338E-1
212	4.14863992E-1
271	4.15457951E-1
1001	4.15878359E-1
934	4.17042062E-1
994	4.17458063E-1
226	4.17583681E-1
733	4.18493846E-1
829	4.19174556E-1
681	4.20498775E-1
70	4.20900044E-1
841	4.21542465E-1
964	4.23961093E-1
244	4.2494427E-1
87	4.2502592E-1
870	4.26044416E-1
407	4.26536324E-1
13	4.26720271E-1
304	4.27179521E-1
853	4.27371011E-1
648	4.27821404E-1
6	4.29021015E-1
1003	4.29684169E-1
197	4.34980137E-1
772	4.37037153E-1
623	4.37297456E-1
573	4.38675859E-1
18	4.39068453E-1
925	4.42079527E-1
326	4.42625E-1
102	4.43274491E-1
337	4.43911718E-1
0	4.44414086E-1
340	4.46378494E-1
520	4.47669712E-1
175	4.47974882E-1
634	4.48189674E-1
515	4.48560311E-1
309	4.49747608E-1
89	4.49952259E-1
115	4.51966324E-1
358	4.54035719E-1
910	4.5527895E-1
790	4.56178518E-1
376	4.56252784E-1
572	4.57708348E-1
238	4.58792406E-1
24	4.59153273E-1
344	4.60377992E-1
270	4.60583175E-1
157	4.60792149E-1
688	4.61502991E-1
368	4.62154911E-1
302	4.62229234E-1
662	4.62350591E-1
333	4.63960256E-1
765	4.65049416E-1
182	4.66985148E-1
63	4.67174167E-1
687	4.67245407E-1
650	4.67307167E-1
114	4.70339246E-1
710	4.70410402E-1
684	4.70545602E-1
258	4.73201031E-1
638	4.74080481E-1
484	4.74927444E-1
247	4.76227582E-1
223	4.78260022E-1
109	4.79969504E-1
449	4.81022026E-1
187	4.81098454E-1
359	4.828752E-1
312	4.82901251E-1
106	4.85329499E-1
339	4.89478497E-1
600	4.90064303E-1
984	4.91637636E-1
863	4.93406974E-1
203	4.94032499E-1
159	4.95494871E-1
583	4.96700343E-1
62	4.97870478E-1
764	4.982015E-1
167	4.99027425E-1
574	4.99122135E-1
592	5.00197501E-1
855	5.01746551E-1
457	5.02995795E-1
222	5.03119534E-1
553	5.05826034E-1
879	5.06175962E-1
9	5.06563513E-1
281	5.06849736E-1
593	5.07094651E-1
873	5.0848373E-1
100	5.08804503E-1
254	5.10917654E-1
738	5.11229646E-1
563	5.11907911E-1
34	5.1208746E-1
531	5.12313227E-1
310	5.12865667E-1
318	5.1290323E-1
194	5.14032682E-1
540	5.1562372E-1
998	5.17329702E-1
441	5.182695E-1
671	5.18653136E-1
232	5.19625358E-1
156	5.22173692E-1
697	5.22933613E-1
656	5.22978543E-1
957	5.23379004E-1
274	5.23502886E-1
90	5.25424505E-1
336	5.2629686E-1
550	5.26917185E-1
861	5.28506579E-1
891	5.29982426E-1
427	5.31654635E-1
693	5.32110642E-1
198	5.33108417E-1
330	5.33685284E-1
493	5.34707498E-1
931	5.35454822E-1
77	5.36303875E-1
31	5.36489911E-1
924	5.36952535E-1
887	5.37212889E-1
252	5.37489704E-1
689	5.38022222E-1
647	5.39013057E-1
305	5.39328029E-1
450	5.39673436E-1
993	5.40776519E-1
703	5.40965262E-1
706	5.4245009E-1
425	5.43410483E-1
740	5.4380424E-1
134	5.44113983E-1
598	5.45308173E-1
432	5.45512819E-1
965	5.46155725E-1
639	5.47433473E-1
632	5.48940132E-1
28	5.50013067E-1
256	5.50457171E-1
7	5.50592968E-1
311	5.51204489E-1
700	5.52074031E-1
995	5.53033275E-1
652	5.57641068E-1
712	5.5925088E-1
292	5.62003833E-1
8	5.63050447E-1
1013	5.63287971E-1
237	5.64550124E-1
171	5.6484093E-1
132	5.64867999E-1
771	5.65904437E-1
478	5.66975614E-1
665	5.68310734E-1
904	5.70287407E-1
523	5.70420804E-1
1000	5.7071408E-1
452	5.71421919E-1
357	5.71503499E-1
535	5.74523377E-1
462	5.74667498E-1
190	5.74684306E-1
962	5.77111239E-1
289	5.77758556E-1
211	5.78100372E-1
564	5.81804669E-1
791	5.82112691E-1
133	5.85160813E-1
1011	5.85197946E-1
394	5.85388634E-1
94	5.86304177E-1
596	5.86971049E-1
606	5.87637871E-1
921	5.88962517E-1
83	5.89475733E-1
916	5.90739716E-1
122	5.91609243E-1
617	5.91786656E-1
81	5.92910527E-1
944	5.93448113E-1
447	5.9482358E-1
640	5.95348775E-1
968	5.98292332E-1
486	5.98365967E-1
88	5.98665452E-1
823	5.99433179E-1
778	6.03508584E-1
287	6.07518353E-1
530	6.08450643E-1
419	6.08481019E-1
923	6.09516472E-1
272	6.11852913E-1
783	6.14596362E-1
128	6.15366058E-1
831	6.1650873E-1
466	6.18387114E-1
421	6.19859007E-1
941	6.20198538E-1
603	6.21457189E-1
124	6.22295529E-1
730	6.22790772E-1
637	6.2365666E-1
178	6.2567663E-1
914	6.2634519E-1
859	6.26784618E-1
616	6.26984581E-1
848	6.2707581E-1
324	6.27295655E-1
268	6.27812484E-1
262	6.28408242E-1
4	6.2877378E-1
508	6.29072937E-1
149	6.31296375E-1
729	6.31549764E-1
822	6.31675127E-1
513	6.32056621E-1
99	6.33724098E-1
851	6.34147029E-1
625	6.37496883E-1
970	6.38106275E-1
810	6.38261893E-1
751	6.39223464E-1
298	6.39376569E-1
973	6.39951275E-1
895	6.41162985E-1
39	6.42984916E-1
251	6.43363452E-1
803	6.47478915E-1
379	6.47988175E-1
112	6.48166784E-1
568	6.49592658E-1
161	6.50650776E-1
113	6.50780375E-1
903	6.51818572E-1
46	6.5204774E-1
208	6.52740597E-1
164	6.53285635E-1
881	6.59106498E-1
315	6.59680978E-1
50	6.61222264E-1
505	6.61656212E-1
135	6.62269343E-1
372	6.63661416E-1
725	6.69171408E-1
22	6.69923183E-1
107	6.72270181E-1
261	6.73214288E-1
59	6.73215468E-1
507	6.73431638E-1
126	6.75780368E-1
896	6.76821945E-1
956	6.77297557E-1
758	6.80552424E-1
141	6.81983237E-1
448	6.82539129E-1
97	6.8379789E-1
742	6.84228929E-1
494	6.84339433E-1
762	6.84918038E-1
580	6.8652027E-1
562	6.86873511E-1
869	6.87683937E-1
824	6.87847265E-1
321	6.88854356E-1
345	6.89034699E-1
504	6.89074489E-1
840	6.89312375E-1
423	6.9018575E-1
461	6.91091164E-1
383	6.93555164E-1
630	6.94749807E-1
645	6.94993519E-1
644	6.95661215E-1
565	6.95766173E-1
10	6.9608952E-1
780	6.96959831E-1
168	6.9868718E-1
118	6.98908508E-1
204	6.99662298E-1
185	7.01810317E-1
29	7.03624085E-1
392	7.04055095E-1
313	7.05948101E-1
264	7.0624569E-1
489	7.06710085E-1
726	7.07780613E-1
342	7.08511669E-1
1020	7.13603574E-1
983	7.14462311E-1
588	7.15995229E-1
1015	7.16017771E-1
717	7.16868905E-1
265	7.16903758E-1
629	7.21616763E-1
876	7.22546698E-1
373	7.22613448E-1
459	7.23570943E-1
165	7.25385743E-1
871	7.25851129E-1
260	7.26063602E-1
467	7.27161491E-1
626	7.27335736E-1
236	7.2765975E-1
435	7.28705833E-1
414	7.28827243E-1
919	7.31638139E-1
78	7.32721594E-1
878	7.33071561E-1
936	7.33516345E-1
545	7.34501544E-1
752	7.34594722E-1
867	7.34795364E-1
176	7.36175094E-1
297	7.37220422E-1
893	7.39685416E-1
402	7.39954146E-1
711	7.4032118E-1
854	7.41189201E-1
103	7.42517002E-1
912	7.42874126E-1
470	7.43454315E-1
857	7.44622472E-1
635	7.45393204E-1
561	7.45450311E-1
704	7.4669571E-1
826	7.46974093E-1
412	7.48077536E-1
537	7.48345588E-1
235	7.50054648E-1
183	7.50870829E-1
577	7.51925116E-1
214	7.52028512E-1
76	7.53528934E-1
624	7.53711797E-1
267	7.54679052E-1
694	7.54815031E-1
737	7.56349756E-1
422	7.57050156E-1
996	7.57632204E-1
728	7.58566354E-1
659	7.59472672E-1
802	7.60020615E-1
797	7.60887019E-1
992	7.60999729E-1
524	7.61280107E-1
736	7.62289698E-1
306	7.64016568E-1
400	7.65432845E-1
44	7.67190036E-1
37	7.6722459E-1
679	7.68145038E-1
599	7.68310668E-1
210	7.68701296E-1
406	7.69078257E-1
385	7.69090446E-1
14	7.70077275E-1
1017	7.70554354E-1
444	7.7187071E-1
611	7.72684671E-1
852	7.7449739E-1
961	7.74549356E-1
75	7.76218653E-1
541	7.76601067E-1
534	7.78990956E-1
701	7.804132E-1
79	7.82797395E-1
642	7.83213394E-1
972	7.84690522E-1
844	7.84852668E-1
532	7.85432523E-1
202	7.86987687E-1
519	7.87579392E-1
792	7.8832238E-1
699	7.91679909E-1
356	7.91683445E-1
974	7.94158311E-1
766	7.94920244E-1
888	7.98798211E-1
439	7.99231286E-1
332	8.02115719E-1
362	8.0227179E-1
739	8.03391973E-1
721	8.03834288E-1
595	8.04614675E-1
768	8.0590882E-1
516	8.07548387E-1
82	8.07669607E-1
201	8.07677042E-1
1010	8.07713293E-1
177	8.07871675E-1
1016	8.07920012E-1
743	8.07923688E-1
483	8.1089323E-1
426	8.11484651E-1
899	8.13654799E-1
667	8.15046456E-1
511	8.17585811E-1
101	8.18744479E-1
649	8.19550712E-1
286	8.20107077E-1
327	8.20971652E-1
233	8.22161691E-1
806	8.22513579E-1
546	8.2293939E-1
361	8.25291451E-1
589	8.26328649E-1
874	8.26760696E-1
58	8.27134687E-1
442	8.27466295E-1
661	8.27582035E-1
445	8.28207806E-1
955	8.28436207E-1
953	8.29228006E-1
465	8.30610764E-1
250	8.30814292E-1
1021	8.31642039E-1
557	8.32468462E-1
33	8.32661273E-1
938	8.33339757E-1
566	8.36135433E-1
615	8.36683144E-1
296	8.37764873E-1
490	8.39323016E-1
488	8.40746362E-1
622	8.41626406E-1
116	8.42274741E-1
613	8.43535001E-1
469	8.44085071E-1
682	8.44685668E-1
485	8.45843416E-1
884	8.46998459E-1
775	8.49586589E-1
111	8.49930921E-1
601	8.50945635E-1
942	8.52096051E-1
346	8.54671099E-1
664	8.55004314E-1
464	8.56019252E-1
471	8.56143106E-1
35	8.56878757E-1
66	8.59079371E-1
497	8.59142483E-1
277	8.60487683E-1
651	8.61099945E-1
714	8.62575737E-1
521	8.62990158E-1
142	8.6443083E-1
509	8.64774374E-1
15	8.6499417E-1
757	8.65520457E-1
918	8.65755636E-1
982	8.66543378E-1
514	8.66571275E-1
1005	8.66943193E-1
846	8.70417538E-1
173	8.70502156E-1
145	8.70809283E-1
991	8.70812969E-1
502	8.71572599E-1
143	8.72190407E-1
278	8.74278265E-1
979	8.74638425E-1
280	8.76125078E-1
796	8.7996391E-1
230	8.85612367E-1
799	8.85892203E-1
551	8.86176757E-1
676	8.86251728E-1
549	8.863483E-1
395	8.89492146E-1
93	8.89529532E-1
397	8.9001761E-1
761	8.91321766E-1
872	8.93512466E-1
273	8.95067756E-1
522	8.96133372E-1
838	8.9634332E-1
491	8.96749434E-1
875	8.96881625E-1
567	8.97549303E-1
105	9.00745719E-1
980	9.00862396E-1
518	9.02660291E-1
255	9.04165561E-1
319	9.0577587E-1
293	9.06241139E-1
828	9.06932513E-1
977	9.07805411E-1
966	9.08089935E-1
180	9.09228404E-1
243	9.10356764E-1
68	9.11377425E-1
473	9.11843205E-1
205	9.12248119E-1
440	9.13148685E-1
498	9.15098374E-1
940	9.17889461E-1
150	9.18149441E-1
219	9.18207678E-1
401	9.19613769E-1
231	9.22886478E-1
23	9.23135752E-1
917	9.2359308E-1
21	9.24343823E-1
151	9.26308264E-1
353	9.2744754E-1
666	9.28675461E-1
1007	9.2954087E-1
487	9.3027791E-1
618	9.31082547E-1
811	9.32737181E-1
65	9.32824508E-1
209	9.34228954E-1
818	9.34674703E-1
3	9.34953343E-1
163	9.35005429E-1
26	9.37269099E-1
1023	9.39040001E-1
576	9.39180197E-1
503	9.39444851E-1
138	9.41757883E-1
57	9.43550387E-1
817	9.44061483E-1
224	9.45963738E-1
49	9.4612169E-1
886	9.46433125E-1
404	9.49659132E-1
455	9.51135226E-1
570	9.53232709E-1
578	9.54224325E-1
181	9.54463545E-1
722	9.5754313E-1
1019	9.58777204E-1
320	9.58786549E-1
668	9.58815372E-1
510	9.59290329E-1
997	9.59485159E-1
619	9.60357957E-1
417	9.61798422E-1
548	9.625563E-1
808	9.6405335E-1
718	9.6418526E-1
434	9.6522388E-1
354	9.71375104E-1
902	9.73108898E-1
815	9.73604672E-1
314	9.7482359E-1
517	9.75207073E-1
702	9.77134396E-1
355	9.77173259E-1
987	9.79599472E-1
45	9.82405218E-1
753	9.82432975E-1
47	9.82728011E-1
967	9.82879323E-1
988	9.83246635E-1
1022	9.83830301E-1
594	9.84217363E-1
409	9.85709239E-1
207	9.85806607E-1
804	9.86787095E-1
27	9.87897861E-1
779	9.87953967E-1
137	9.88332518E-1
669	9.89161592E-1
1018	9.89577542E-1
579	9.90426607E-1
458	9.90754602E-1
901	9.92155448E-1
985	9.95218778E-1
975	9.95482357E-1
715	9.96327918E-1
906	9.96410451E-1
655	9.97113509E-1
943	9.97162248E-1
986	9.97775481E-1
602	9.98265893E-1
225	9.99042557E-1
707	9.99758361E-1
