Name	chi2Pvalue
55	1.66709985E-4
174	1.85885901E-3
11	2.1451171E-3
104	2.42533435E-3
960	2.61049852E-3
612	4.66168138E-3
43	6.04349809E-3
495	8.03178685E-3
239	9.4687186E-3
290	9.56696537E-3
438	9.78236095E-3
864	1.01789934E-2
525	1.35847534E-2
845	1.38628502E-2
196	1.48545289E-2
608	1.64561552E-2
188	1.82595857E-2
812	2.05231471E-2
954	2.06299107E-2
680	2.09277306E-2
245	2.4380005E-2
716	2.47985716E-2
420	2.53732495E-2
776	2.56924194E-2
86	2.74068624E-2
604	2.96124531E-2
784	2.96225704E-2
673	3.363038E-2
774	3.57758297E-2
889	3.66792312E-2
350	3.79361384E-2
482	3.79540688E-2
119	3.80603355E-2
813	3.86973672E-2
646	4.38380253E-2
750	4.468465E-2
311	4.55162189E-2
1012	4.63817109E-2
677	4.64226161E-2
349	4.69478608E-2
759	4.78745897E-2
558	4.8881746E-2
833	4.91400995E-2
950	4.98957986E-2
948	4.99060084E-2
157	5.12688669E-2
19	5.178275E-2
154	5.45311056E-2
428	5.46498979E-2
41	5.59158937E-2
890	5.83672481E-2
710	5.95237133E-2
547	6.00958669E-2
892	6.27086177E-2
922	6.36423974E-2
238	6.44901935E-2
360	6.44937012E-2
728	6.46369779E-2
971	6.53790116E-2
685	6.58304217E-2
472	6.59690943E-2
586	6.63846224E-2
538	6.72771336E-2
536	6.73497051E-2
744	6.77066032E-2
999	6.85193071E-2
479	6.91069877E-2
241	6.92528197E-2
389	6.94123712E-2
762	6.99580528E-2
169	7.04376021E-2
650	7.07137645E-2
335	7.10932156E-2
631	7.68574327E-2
644	7.74028134E-2
242	8.11621027E-2
275	8.1685774E-2
777	8.19401432E-2
269	8.36353671E-2
620	8.49375577E-2
144	8.52257692E-2
894	8.54798662E-2
747	8.64440807E-2
628	8.64925891E-2
748	8.84457477E-2
200	8.86789459E-2
110	8.88402982E-2
674	8.92626258E-2
853	8.97635581E-2
540	8.99405194E-2
893	9.09045173E-2
641	9.39911697E-2
117	9.45593786E-2
1009	9.48210312E-2
95	9.50272958E-2
565	9.63364173E-2
600	9.73348776E-2
436	9.75019156E-2
127	9.75921116E-2
898	9.77218479E-2
253	9.83483145E-2
908	9.91569501E-2
480	9.94622783E-2
933	9.99764624E-2
413	1.01005095E-1
316	1.01468246E-1
156	1.02469416E-1
42	1.02622303E-1
478	1.05685732E-1
291	1.06130839E-1
582	1.06141887E-1
186	1.06893259E-1
976	1.07505242E-1
506	1.07637431E-1
713	1.10994208E-1
686	1.12825974E-1
5	1.14236273E-1
211	1.14993289E-1
724	1.15001211E-1
114	1.17012371E-1
12	1.18508462E-1
352	1.1891964E-1
921	1.21333964E-1
60	1.21500782E-1
402	1.23409757E-1
96	1.23573443E-1
907	1.23989386E-1
643	1.24146015E-1
782	1.25950315E-1
927	1.27045666E-1
934	1.28805471E-1
17	1.29220163E-1
303	1.29463968E-1
760	1.29546991E-1
990	1.29898935E-1
807	1.32192635E-1
929	1.3246887E-1
295	1.3248309E-1
552	1.32997358E-1
605	1.33039519E-1
839	1.3366354E-1
217	1.35184984E-1
692	1.35439104E-1
375	1.35697904E-1
40	1.36802451E-1
370	1.36966357E-1
476	1.38033658E-1
328	1.38524011E-1
520	1.39091293E-1
323	1.39098428E-1
791	1.39107192E-1
258	1.39235174E-1
285	1.40113118E-1
909	1.43987152E-1
794	1.45722686E-1
663	1.46065935E-1
781	1.48615982E-1
98	1.50790053E-1
185	1.52352357E-1
265	1.52404864E-1
675	1.52407841E-1
125	1.53329218E-1
6	1.53566071E-1
276	1.55204428E-1
860	1.56559127E-1
263	1.57609482E-1
924	1.60386813E-1
247	1.61004961E-1
734	1.6395435E-1
951	1.64525684E-1
575	1.65702951E-1
8	1.66085216E-1
25	1.66845589E-1
53	1.67993548E-1
866	1.69118253E-1
542	1.70001512E-1
115	1.70842858E-1
248	1.71394496E-1
958	1.71470608E-1
827	1.7166342E-1
633	1.73260651E-1
915	1.74828121E-1
216	1.75368306E-1
462	1.77096918E-1
74	1.77111526E-1
569	1.77414453E-1
705	1.82758477E-1
746	1.83519038E-1
581	1.85684395E-1
209	1.86741719E-1
227	1.87163091E-1
429	1.87214759E-1
816	1.88758203E-1
998	1.89100442E-1
374	1.89881242E-1
16	1.89893776E-1
91	1.89937663E-1
571	1.91074084E-1
1013	1.91855381E-1
554	1.92001652E-1
584	1.92669147E-1
30	1.93616382E-1
989	1.95308901E-1
140	1.95396747E-1
533	1.95778653E-1
587	1.95890434E-1
288	1.96611797E-1
820	1.97261869E-1
398	1.9878967E-1
85	1.99309197E-1
206	1.99578659E-1
858	1.99730869E-1
387	2.00221221E-1
574	2.03365744E-1
882	2.05080502E-1
708	2.09481379E-1
657	2.10978709E-1
507	2.11556967E-1
170	2.11567219E-1
695	2.14081336E-1
524	2.14141248E-1
267	2.14914408E-1
572	2.17943427E-1
787	2.18716448E-1
1004	2.19183094E-1
69	2.20714775E-1
830	2.20821661E-1
723	2.20990343E-1
324	2.21532681E-1
897	2.21759933E-1
949	2.22010849E-1
883	2.23158106E-1
665	2.23447161E-1
235	2.2534873E-1
215	2.26095715E-1
789	2.26190995E-1
301	2.26398798E-1
671	2.27243531E-1
32	2.28112132E-1
512	2.28529966E-1
284	2.29894449E-1
132	2.32747634E-1
778	2.34028268E-1
250	2.34985181E-1
475	2.35135396E-1
441	2.35325329E-1
792	2.35626423E-1
481	2.37818817E-1
124	2.3896403E-1
492	2.39326624E-1
390	2.39460663E-1
109	2.3983092E-1
610	2.39905832E-1
754	2.40417677E-1
232	2.40468818E-1
526	2.41244849E-1
501	2.41621324E-1
531	2.41649183E-1
672	2.43909413E-1
243	2.4429254E-1
735	2.44356386E-1
928	2.44512829E-1
431	2.4472801E-1
459	2.44941308E-1
184	2.4726374E-1
172	2.48032105E-1
460	2.48428491E-1
486	2.49044819E-1
527	2.52503885E-1
834	2.52606205E-1
564	2.53184989E-1
366	2.54140707E-1
2	2.54175746E-1
56	2.54226218E-1
474	2.54324039E-1
133	2.55349174E-1
670	2.56642739E-1
926	2.57262935E-1
863	2.57381154E-1
134	2.58003735E-1
400	2.5844667E-1
560	2.58524029E-1
359	2.58566576E-1
627	2.59610663E-1
407	2.6008844E-1
544	2.61398664E-1
141	2.61895315E-1
443	2.63459748E-1
653	2.64280275E-1
861	2.64804967E-1
386	2.64967592E-1
994	2.65700742E-1
837	2.6683521E-1
825	2.66919724E-1
358	2.67203681E-1
113	2.69144474E-1
363	2.69596177E-1
758	2.70800313E-1
92	2.71072692E-1
66	2.71679865E-1
393	2.77218605E-1
756	2.78103092E-1
20	2.78166451E-1
391	2.80438905E-1
770	2.80834049E-1
50	2.81169921E-1
1010	2.81399188E-1
463	2.84032809E-1
307	2.84969374E-1
614	2.85204308E-1
146	2.85957386E-1
287	2.87196758E-1
881	2.87653994E-1
801	2.89705662E-1
228	2.90767576E-1
396	2.92643805E-1
688	2.92855613E-1
357	2.93900223E-1
233	2.93918147E-1
456	2.94908117E-1
786	2.97135869E-1
191	3.00335633E-1
1002	3.02423688E-1
51	3.0308839E-1
251	3.03201925E-1
731	3.03239563E-1
72	3.04211317E-1
336	3.05351196E-1
270	3.05940952E-1
87	3.07583019E-1
617	3.07637315E-1
89	3.07913784E-1
868	3.09339921E-1
847	3.11348509E-1
636	3.11636368E-1
981	3.12880024E-1
351	3.13491655E-1
236	3.14253798E-1
153	3.14438845E-1
499	3.15244241E-1
453	3.17688017E-1
621	3.18278702E-1
957	3.19254333E-1
52	3.2003921E-1
1003	3.20205243E-1
556	3.20796366E-1
719	3.2091235E-1
1015	3.2109696E-1
39	3.23356894E-1
408	3.25933945E-1
36	3.25967295E-1
455	3.26388038E-1
862	3.26642665E-1
660	3.26753325E-1
790	3.27272254E-1
415	3.28253028E-1
155	3.3081732E-1
763	3.31600329E-1
464	3.31892952E-1
331	3.3264514E-1
885	3.32734101E-1
855	3.329875E-1
80	3.33044086E-1
71	3.330963E-1
702	3.33661651E-1
511	3.33761097E-1
514	3.35028434E-1
181	3.3587416E-1
454	3.37519863E-1
378	3.39702615E-1
585	3.39758179E-1
528	3.40756157E-1
354	3.42110734E-1
382	3.4270115E-1
972	3.43114201E-1
179	3.43661191E-1
210	3.43781996E-1
139	3.44521394E-1
192	3.47002461E-1
967	3.47262647E-1
1	3.48589233E-1
279	3.49217108E-1
388	3.49690545E-1
736	3.5016878E-1
418	3.50939328E-1
588	3.52886243E-1
826	3.55029687E-1
742	3.58329336E-1
809	3.58403049E-1
175	3.59255697E-1
684	3.60021112E-1
690	3.60838463E-1
836	3.64331104E-1
939	3.64850838E-1
930	3.65212814E-1
135	3.66376076E-1
9	3.66602548E-1
401	3.67236686E-1
945	3.67551112E-1
371	3.68670388E-1
299	3.69203918E-1
430	3.69562122E-1
699	3.69977465E-1
785	3.7042661E-1
432	3.72504894E-1
325	3.72590998E-1
204	3.75027924E-1
541	3.76214027E-1
220	3.76516088E-1
183	3.77066101E-1
162	3.77412172E-1
709	3.78333723E-1
895	3.78540441E-1
595	3.81244512E-1
195	3.85103103E-1
910	3.85766774E-1
696	3.85890907E-1
381	3.89044791E-1
322	3.90355078E-1
410	3.90381329E-1
380	3.91916747E-1
559	3.9278662E-1
946	3.92865211E-1
136	3.96297246E-1
334	3.96406015E-1
147	3.97268638E-1
1001	3.99286397E-1
54	4.01469442E-1
385	4.0192168E-1
691	4.0513755E-1
767	4.0565851E-1
76	4.06426447E-1
698	4.09229574E-1
34	4.09854112E-1
609	4.11212726E-1
1006	4.13069786E-1
891	4.13315489E-1
164	4.16760302E-1
843	4.17677398E-1
896	4.18167482E-1
917	4.18728945E-1
959	4.18751303E-1
535	4.20229337E-1
496	4.22011161E-1
120	4.23130297E-1
991	4.23436075E-1
433	4.24615103E-1
439	4.2539363E-1
107	4.27250983E-1
869	4.27861298E-1
451	4.28730845E-1
405	4.28865927E-1
937	4.29531426E-1
606	4.30267742E-1
59	4.30405128E-1
624	4.30445829E-1
914	4.32098152E-1
727	4.32196153E-1
229	4.32370617E-1
106	4.32625426E-1
804	4.35148812E-1
244	4.36797338E-1
983	4.37172848E-1
10	4.3722195E-1
294	4.38586277E-1
854	4.38912532E-1
529	4.39133413E-1
22	4.3915775E-1
437	4.39210452E-1
24	4.39343124E-1
63	4.39599686E-1
764	4.40157524E-1
421	4.4258698E-1
108	4.42920386E-1
580	4.43144529E-1
814	4.43147949E-1
751	4.4525947E-1
887	4.48521296E-1
340	4.51253558E-1
823	4.51413224E-1
662	4.51681336E-1
775	4.51692434E-1
798	4.52243708E-1
73	4.52458606E-1
48	4.57933358E-1
318	4.59728894E-1
835	4.6007427E-1
961	4.61246959E-1
592	4.6286263E-1
487	4.62891077E-1
70	4.62988384E-1
873	4.65680632E-1
435	4.65912007E-1
447	4.6760169E-1
793	4.69267271E-1
788	4.69308932E-1
467	4.69338044E-1
993	4.69443477E-1
832	4.69905565E-1
978	4.71729362E-1
341	4.71885568E-1
187	4.75206236E-1
956	4.76786505E-1
296	4.76903868E-1
260	4.77249378E-1
376	4.7753061E-1
802	4.77839889E-1
343	4.79029377E-1
194	4.79298786E-1
249	4.79313274E-1
102	4.80036876E-1
523	4.8030595E-1
555	4.81044041E-1
13	4.82399595E-1
466	4.82997295E-1
913	4.83625838E-1
166	4.85616746E-1
171	4.87031509E-1
597	4.87789305E-1
368	4.87897973E-1
550	4.90312346E-1
780	4.91515796E-1
33	4.92048084E-1
838	4.95532753E-1
969	4.97150035E-1
123	4.98095679E-1
255	4.98633669E-1
383	4.99631655E-1
973	5.00391275E-1
333	5.04532073E-1
148	5.05513989E-1
651	5.06112634E-1
805	5.07947699E-1
841	5.09129659E-1
18	5.11087432E-1
266	5.11482501E-1
517	5.1241929E-1
543	5.12702201E-1
800	5.1412495E-1
682	5.15006993E-1
7	5.15046457E-1
31	5.1538274E-1
268	5.15840058E-1
639	5.17505197E-1
384	5.17748769E-1
903	5.17892188E-1
489	5.17959164E-1
297	5.18847123E-1
693	5.20001171E-1
766	5.2076527E-1
884	5.20931967E-1
1018	5.22231957E-1
347	5.22439385E-1
706	5.22643479E-1
932	5.23937716E-1
1000	5.25203682E-1
446	5.25253223E-1
202	5.28051292E-1
850	5.28742574E-1
851	5.28940696E-1
274	5.30382437E-1
711	5.31107461E-1
339	5.33066036E-1
182	5.34454919E-1
842	5.34744613E-1
583	5.35202097E-1
137	5.36231402E-1
365	5.36726216E-1
911	5.36898573E-1
367	5.37562967E-1
953	5.38112213E-1
64	5.39101267E-1
46	5.39606332E-1
82	5.40558051E-1
577	5.43229699E-1
867	5.47442962E-1
984	5.47937508E-1
877	5.48634342E-1
1022	5.49538898E-1
745	5.49992067E-1
918	5.50187258E-1
779	5.51328689E-1
502	5.52327541E-1
562	5.52614404E-1
498	5.54856889E-1
539	5.56641269E-1
980	5.5763421E-1
900	5.58351556E-1
0	5.58369356E-1
272	5.58468646E-1
338	5.59313868E-1
246	5.59937698E-1
121	5.64345098E-1
313	5.65277683E-1
741	5.66138183E-1
230	5.66383697E-1
15	5.6703944E-1
189	5.67778558E-1
648	5.68782985E-1
218	5.69411832E-1
925	5.71071271E-1
683	5.74471804E-1
730	5.74703198E-1
203	5.75378752E-1
38	5.76173217E-1
449	5.76541847E-1
968	5.79549841E-1
795	5.8087903E-1
659	5.81517724E-1
289	5.82112079E-1
302	5.83384581E-1
118	5.83949013E-1
271	5.84005508E-1
257	5.84363363E-1
122	5.85102663E-1
321	5.86941477E-1
416	5.88439412E-1
821	5.88563023E-1
131	5.90747744E-1
817	5.90763719E-1
99	5.91180124E-1
563	5.95772495E-1
346	5.96686825E-1
923	5.97407469E-1
607	5.98073948E-1
573	5.98089135E-1
995	5.9812625E-1
964	5.99146584E-1
353	6.00643076E-1
65	6.01691165E-1
638	6.01788254E-1
161	6.02140935E-1
757	6.02220048E-1
979	6.04330755E-1
819	6.04874451E-1
27	6.05210893E-1
905	6.05430856E-1
411	6.05503725E-1
222	6.07888271E-1
151	6.08215208E-1
231	6.08545411E-1
61	6.13677905E-1
772	6.14013427E-1
254	6.14699838E-1
886	6.1539576E-1
962	6.1847614E-1
977	6.18486109E-1
404	6.19187152E-1
330	6.21512463E-1
623	6.22416845E-1
632	6.23747224E-1
645	6.24033985E-1
504	6.26054724E-1
491	6.26528298E-1
712	6.28311594E-1
178	6.2837826E-1
515	6.29569763E-1
749	6.29899948E-1
603	6.30150315E-1
304	6.32868268E-1
831	6.3300857E-1
35	6.33021826E-1
223	6.33032493E-1
773	6.34696986E-1
159	6.35853371E-1
490	6.36052165E-1
870	6.36322396E-1
829	6.36659846E-1
348	6.37123338E-1
103	6.37171415E-1
935	6.3801538E-1
305	6.39494062E-1
129	6.40055105E-1
732	6.42437999E-1
553	6.44808205E-1
424	6.4614138E-1
67	6.4734826E-1
551	6.4741165E-1
769	6.48321384E-1
281	6.49590717E-1
1008	6.49898979E-1
310	6.50189111E-1
1023	6.51634862E-1
848	6.53716762E-1
234	6.54462262E-1
261	6.54553698E-1
425	6.54699564E-1
337	6.55292208E-1
177	6.56321643E-1
97	6.56975836E-1
874	6.57566146E-1
591	6.59251105E-1
521	6.60013918E-1
676	6.60465112E-1
678	6.61900251E-1
828	6.62130674E-1
364	6.63442222E-1
484	6.6451046E-1
725	6.64914761E-1
519	6.64926137E-1
783	6.65442865E-1
212	6.66156044E-1
461	6.67538994E-1
214	6.67660381E-1
700	6.68872621E-1
752	6.68949758E-1
199	6.73316405E-1
912	6.73499577E-1
916	6.74075552E-1
160	6.74693775E-1
1007	6.74832383E-1
282	6.75213377E-1
649	6.76891269E-1
880	6.7833487E-1
622	6.78996367E-1
601	6.86166082E-1
286	6.87188473E-1
81	6.89073172E-1
899	6.89141612E-1
68	6.92713704E-1
128	6.9309694E-1
753	6.93970252E-1
652	6.95987453E-1
509	6.96083096E-1
372	6.97750289E-1
689	6.98168962E-1
658	6.98322197E-1
262	6.98349679E-1
970	6.98671136E-1
379	6.9885257E-1
1020	7.00432416E-1
720	7.01064595E-1
300	7.02331474E-1
361	7.04999232E-1
630	7.06239283E-1
942	7.06648617E-1
589	7.07590882E-1
640	7.07993073E-1
377	7.08617804E-1
878	7.09472672E-1
149	7.10437054E-1
596	7.11206623E-1
875	7.1127369E-1
468	7.12099566E-1
634	7.15263441E-1
936	7.15290253E-1
810	7.15850421E-1
500	7.16880744E-1
598	7.21231989E-1
1021	7.23371316E-1
952	7.23573249E-1
406	7.25960748E-1
982	7.26194754E-1
426	7.26358743E-1
844	7.27181024E-1
112	7.28282063E-1
28	7.28638019E-1
190	7.29157023E-1
427	7.29326897E-1
78	7.32893227E-1
941	7.34070713E-1
452	7.35139196E-1
224	7.35416067E-1
797	7.38533988E-1
308	7.40234131E-1
530	7.40565588E-1
687	7.42049439E-1
561	7.46755965E-1
278	7.47358614E-1
965	7.47822885E-1
669	7.50072235E-1
1016	7.52506571E-1
806	7.53565528E-1
44	7.5538893E-1
312	7.55838397E-1
726	7.56983253E-1
545	7.57024289E-1
444	7.57182737E-1
392	7.60457297E-1
919	7.61245331E-1
306	7.63648601E-1
987	7.66014338E-1
373	7.66205346E-1
126	7.66287884E-1
611	7.6792666E-1
494	7.6925411E-1
505	7.69521242E-1
205	7.70137307E-1
395	7.72819782E-1
729	7.7291941E-1
876	7.73607775E-1
94	7.73983375E-1
570	7.74261743E-1
771	7.74612048E-1
158	7.75030021E-1
417	7.75454767E-1
150	7.75542319E-1
824	7.76408059E-1
599	7.78578222E-1
469	7.78761757E-1
497	7.79069746E-1
277	7.79344778E-1
656	7.79404446E-1
717	7.80038538E-1
963	7.81973621E-1
938	7.83396331E-1
616	7.83874306E-1
423	7.8463031E-1
356	7.84783687E-1
715	7.85587758E-1
901	7.86038092E-1
661	7.86609584E-1
4	7.8681556E-1
668	7.90020662E-1
765	7.90820979E-1
679	7.92099889E-1
856	7.95006136E-1
602	7.96091796E-1
273	7.96258239E-1
173	7.96797327E-1
1014	7.98073592E-1
637	7.99528629E-1
944	7.99861148E-1
740	8.0134945E-1
37	8.02037546E-1
240	8.02334735E-1
326	8.03097238E-1
221	8.04364125E-1
458	8.04887669E-1
849	8.05154737E-1
344	8.05156228E-1
101	8.05689624E-1
329	8.06106127E-1
718	8.12553104E-1
62	8.13323938E-1
473	8.1341826E-1
434	8.14782445E-1
568	8.148054E-1
992	8.14968961E-1
534	8.15161034E-1
522	8.15476079E-1
49	8.15933419E-1
145	8.17490237E-1
320	8.18648469E-1
21	8.21622027E-1
225	8.2260606E-1
280	8.2364733E-1
485	8.23746251E-1
142	8.24281463E-1
931	8.24364758E-1
317	8.24692942E-1
508	8.24897582E-1
213	8.25044489E-1
974	8.25351348E-1
865	8.25499307E-1
355	8.26203505E-1
761	8.29428489E-1
1019	8.2943014E-1
197	8.29440856E-1
576	8.30819385E-1
879	8.34563202E-1
397	8.35460505E-1
47	8.35965538E-1
1017	8.37060618E-1
1011	8.38142642E-1
58	8.38723697E-1
226	8.3982149E-1
516	8.42811777E-1
664	8.44410148E-1
871	8.46534945E-1
537	8.48144264E-1
315	8.48743775E-1
3	8.49677687E-1
840	8.53259648E-1
83	8.55258581E-1
198	8.56865161E-1
615	8.56877915E-1
88	8.58008608E-1
667	8.58083568E-1
694	8.58486489E-1
815	8.58976961E-1
448	8.60418834E-1
626	8.60508627E-1
477	8.6133218E-1
105	8.65991963E-1
116	8.66548438E-1
613	8.66977466E-1
412	8.67636997E-1
256	8.6855812E-1
259	8.6910124E-1
625	8.70004714E-1
414	8.71101033E-1
733	8.71275382E-1
955	8.71997333E-1
629	8.73029945E-1
655	8.73752648E-1
988	8.7385784E-1
755	8.74656446E-1
483	8.75228078E-1
327	8.75453838E-1
419	8.76015604E-1
201	8.76234629E-1
193	8.78850341E-1
902	8.79200631E-1
743	8.79687239E-1
532	8.81201853E-1
90	8.82467865E-1
75	8.8279598E-1
100	8.83970469E-1
852	8.85876613E-1
681	8.8599505E-1
738	8.87255197E-1
549	8.88749825E-1
513	8.90230988E-1
503	8.9056435E-1
796	8.91116238E-1
768	8.91489033E-1
57	8.91770996E-1
362	8.93169294E-1
399	8.9321845E-1
493	8.94890047E-1
904	8.95986303E-1
143	8.96199917E-1
642	8.96441432E-1
168	8.97932117E-1
510	8.98415509E-1
818	8.98634585E-1
93	9.00394648E-1
943	9.00999295E-1
518	9.01656774E-1
403	9.02951597E-1
14	9.04502155E-1
176	9.11058428E-1
470	9.11766431E-1
394	9.12849198E-1
292	9.13412924E-1
666	9.13754283E-1
319	9.13786211E-1
985	9.14023202E-1
29	9.14157402E-1
714	9.14788945E-1
593	9.14991032E-1
488	9.15085433E-1
79	9.15284676E-1
293	9.17552604E-1
822	9.20222258E-1
697	9.20261123E-1
152	9.21901437E-1
859	9.22396488E-1
26	9.23834275E-1
647	9.23983928E-1
947	9.26065362E-1
548	9.26373843E-1
940	9.27042646E-1
298	9.27097149E-1
163	9.2730661E-1
264	9.28152437E-1
445	9.29047791E-1
654	9.30326575E-1
721	9.3201367E-1
84	9.33104139E-1
739	9.33854871E-1
857	9.34985227E-1
207	9.35431126E-1
111	9.37034282E-1
701	9.37694446E-1
566	9.38458159E-1
986	9.40389436E-1
996	9.42114289E-1
422	9.46314198E-1
77	9.46862027E-1
208	9.47955917E-1
450	9.48016189E-1
440	9.48492161E-1
342	9.49975903E-1
457	9.50810778E-1
557	9.52468807E-1
997	9.53171739E-1
45	9.53521347E-1
594	9.54371937E-1
130	9.54389109E-1
872	9.5679031E-1
966	9.5790233E-1
975	9.59210019E-1
345	9.59868454E-1
546	9.61729547E-1
1005	9.62993703E-1
811	9.63186694E-1
722	9.63474495E-1
737	9.63771205E-1
888	9.65905005E-1
846	9.66153421E-1
219	9.66893313E-1
165	9.70743787E-1
707	9.71104667E-1
442	9.71400679E-1
465	9.73260757E-1
803	9.75299712E-1
252	9.76138158E-1
567	9.77330108E-1
579	9.77447202E-1
808	9.7879657E-1
138	9.79272039E-1
409	9.79302445E-1
704	9.79442499E-1
703	9.79651056E-1
180	9.79977682E-1
237	9.81251234E-1
332	9.83626783E-1
619	9.84531144E-1
578	9.85248876E-1
906	9.85317798E-1
167	9.86870607E-1
799	9.90364863E-1
309	9.93747829E-1
314	9.96897592E-1
471	9.97738157E-1
618	9.98056098E-1
635	9.98282472E-1
23	9.98424912E-1
