0
1
2
3
4
5
6
7
9
11
12
15
16
18
19
21
22
23
25
26
28
29
30
33
34
35
36
39
40
41
45
47
51
52
53
54
55
56
59
61
63
64
65
69
71
72
73
74
75
76
77
81
84
86
88
89
90
91
93
94
95
96
100
101
102
104
105
106
107
108
109
110
112
113
114
115
116
117
118
119
120
121
123
124
125
128
129
130
132
133
135
136
139
140
141
142
145
146
147
148
149
150
151
154
157
159
163
164
165
166
172
178
180
181
182
184
188
189
190
192
193
194
197
198
199
201
202
205
206
208
209
210
211
212
213
214
216
217
219
221
222
229
230
231
233
234
237
240
241
242
243
247
248
249
251
254
255
259
260
262
263
264
266
267
268
269
270
272
276
277
279
281
282
283
286
287
289
293
294
295
297
299
301
303
305
306
307
308
309
311
312
313
316
317
318
319
321
322
323
328
329
330
331
332
333
334
335
336
337
338
339
340
341
342
343
344
345
347
351
352
356
357
358
359
360
362
364
365
366
367
368
373
374
375
376
381
383
384
385
389
391
395
396
398
400
401
403
404
409
411
415
416
418
419
420
424
426
428
429
430
432
433
434
438
439
441
443
445
446
447
450
451
454
457
459
462
463
464
466
467
468
471
472
473
474
476
477
478
479
480
483
486
489
491
492
494
495
496
497
498
499
500
502
503
504
506
507
508
510
511
512
513
515
516
518
519
521
522
523
524
525
526
527
530
532
533
537
538
543
544
547
550
551
552
553
555
556
557
562
563
564
566
569
570
572
573
574
575
577
578
579
580
583
585
586
590
593
594
595
596
597
598
599
601
603
605
607
610
611
615
617
618
619
620
621
623
625
626
627
628
630
631
632
633
634
635
636
638
640
641
642
643
644
645
646
647
649
650
654
655
658
661
662
663
664
665
669
673
677
678
679
685
688
689
690
691
692
693
697
698
699
703
704
705
707
708
709
711
712
714
715
716
717
718
719
720
722
723
724
726
728
730
732
734
735
736
737
738
739
741
743
744
745
746
747
748
749
750
751
753
757
760
761
762
765
768
771
773
774
776
777
779
784
786
787
788
790
791
792
793
794
795
796
800
802
803
806
807
808
809
810
811
814
815
816
820
823
826
827
828
829
830
832
833
838
840
841
843
844
845
847
848
850
853
855
856
857
858
859
862
863
864
865
866
867
868
869
870
872
874
875
878
880
882
884
888
889
890
893
894
895
896
897
899
901
905
907
908
909
911
912
913
914
915
917
919
921
925
927
928
930
933
934
935
936
937
938
939
941
942
943
944
945
948
950
951
953
954
956
957
958
963
965
966
967
968
969
970
971
972
973
974
975
977
979
980
981
983
984
985
987
988
989
990
991
996
1000
1001
1002
1005
1006
1007
1008
1010
1011
1014
1017
1018
1019
1022
1023
1024
1026
1027
1028
1029
1030
1033
1034
1035
1036
1038
1040
1042
1045
1046
1050
1051
1052
1053
1054
1055
1058
1059
1062
1063
1064
1065
1066
1067
1068
1069
1070
1071
1072
1073
1076
1077
1079
1080
1085
1086
1087
1088
1089
1090
1092
1094
1096
1097
1099
1103
1104
1105
1106
1107
1109
1111
1113
1114
1115
1116
1117
1120
1124
1127
1129
1130
1131
1133
1137
1139
1140
1141
1142
1143
1144
1146
1148
1150
1151
1153
1154
1155
1157
1158
1159
1161
1165
1169
1171
1172
1173
1175
1176
1179
1180
1182
1187
1189
1190
1192
1193
1195
1196
1198
1200
1201
1202
1203
1204
1207
1208
1209
1211
1213
1214
1215
1216
1219
1222
1224
1228
1232
1233
1234
1235
1236
1237
1239
1241
1242
1246
1252
1254
1255
1256
1258
1259
1262
1263
1264
1265
1266
1267
1268
1270
1273
1275
1277
1278
1279
1286
1288
1290
1294
1295
1296
1297
1298
1299
1300
1303
1306
1310
1311
1313
1315
1316
1319
1320
1322
1323
1324
1325
1327
1328
1330
1331
1332
1336
1337
1338
1341
1343
1345
1347
1348
1350
1351
1352
1353
1355
1359
1361
1363
1365
1366
1367
1369
1372
1373
1376
1377
1378
1379
1382
1383
1386
1387
1390
1394
1396
1397
1398
1399
1400
1401
1403
1404
1407
1408
1409
1410
1411
1412
1413
1414
1415
1416
1417
1418
1423
1424
1425
1427
1428
1429
1431
1432
1434
1435
1437
1440
1441
1443
1444
1447
1450
1451
1452
1455
1456
1459
1461
1463
1464
1466
1468
1469
1470
1474
1475
1478
1479
1480
1484
1486
1487
1489
1491
1496
1497
1498
1499
1500
1501
1503
1504
1505
1507
1508
1509
1511
1512
1515
1518
1520
1521
1524
1525
1526
1529
1531
1532
1533
1536
1537
1539
1540
1542
1545
1546
1547
1549
1550
1551
1552
1553
1554
1555
1559
1562
1563
1564
1565
1571
1573
1574
1576
1577
1580
1581
1582
1584
1585
1588
1590
1591
1592
1594
1595
1596
1598
1599
1601
1602
1603
1604
1605
1606
1609
1610
1619
1620
1621
1626
1627
1630
1631
1632
1635
1636
1637
1638
1639
1640
1641
1643
1646
1648
1649
1654
1655
1658
1659
1663
1664
1667
1668
1670
1671
1672
1674
1675
1676
1681
1683
1684
1687
1688
1689
1691
1693
1694
1696
1697
1699
1704
1705
1707
1709
1710
1712
1713
1717
1722
1725
1727
1729
1730
1731
1733
1737
1738
1739
1742
1744
1746
1748
1749
1751
1752
1753
1754
1756
1758
1759
1760
1761
1762
1763
1766
1770
1771
1773
1774
1776
1777
1781
1782
1784
1786
1787
1788
1790
1792
1793
1795
1798
1800
1801
1802
1803
1804
1805
1806
1807
1811
1812
1814
1815
1816
1817
1818
1819
1821
1822
1824
1825
1826
1828
1830
1834
1835
1837
1838
1839
1842
1849
1850
1853
1854
1856
1858
1859
1860
1861
1863
1866
1868
1869
1871
1872
1875
1876
1877
1879
1880
1881
1883
1885
1888
1889
1890
1891
1893
1894
1895
1896
1899
1900
1901
1905
1907
1908
1909
1911
1913
1917
1918
1919
1920
1921
1922
1924
1930
1931
1933
1934
1935
1936
1937
1938
1940
1942
1943
1944
1945
1946
1948
1949
1951
1952
1953
1955
1956
1957
1958
1960
1961
1962
1963
1964
1965
1966
1968
1969
1970
1972
1973
1974
1977
1978
1981
1984
1985
1987
1991
1994
1995
1996
1998
2000
2002
2003
2005
2006
2007
2010
2011
2012
2014
2015
2016
2017
2021
2022
2023
2024
2025
2028
2029
2030
2031
2033
2034
2036
2038
2040
2041
2042
2043
2044
2045
2048
2051
2052
2056
2058
2059
2060
2061
2062
2065
2066
2067
2072
2074
2075
2076
2080
2083
2084
2085
2088
2090
2091
2092
2094
2095
2100
2101
2102
2103
2104
2106
2110
2111
2112
2114
2116
2118
2119
2122
2126
2127
2129
2130
2133
2134
2136
2137
2139
2140
2141
2147
2148
2149
2153
2154
2156
2157
2158
2159
2160
2161
2163
2166
2167
2169
2170
2171
2172
2175
2179
2180
2182
2189
2190
2191
2192
2193
2196
2197
2198
2199
2200
2201
2202
2204
2205
2207
2208
2209
2210
2212
2213
2214
2217
2219
2221
2222
2227
2228
2229
2232
2233
2234
2239
2240
2242
2244
2245
2246
2248
2249
2250
2253
2257
2258
2260
2261
2263
2264
2265
2266
2269
2271
2272
2273
2275
2276
2278
2279
2280
2282
2283
2284
2285
2286
2288
2289
2290
2293
2295
2296
2297
2300
2301
2302
2304
2305
2306
2308
2311
2312
2313
2314
2316
2317
2318
2319
2320
2321
2322
2323
2324
2325
2326
2328
2330
2331
2332
2337
2339
2340
2342
2344
2346
2347
2348
2349
2350
2356
2358
2359
2360
2362
2364
2367
2368
2370
2373
2374
2375
2377
2379
2380
2382
2383
2385
2386
2388
2390
2391
2392
2394
2395
2396
2398
2399
2401
2402
2404
2408
2409
2410
2411
2412
2413
2417
2418
2419
2420
2421
2422
2423
2425
2426
2429
2430
2432
2433
2434
2436
2437
2440
2442
2443
2444
2445
2446
2447
2450
2451
2452
2453
2454
2456
2457
2459
2461
2462
2463
2465
2466
2467
2470
2472
2473
2474
2475
2476
2478
2479
2482
2483
2485
2487
2488
2489
2490
2492
2494
2498
2499
2500
2502
2504
2507
2508
2509
2511
2512
2514
2516
2518
2519
2521
2522
2526
2529
2531
2532
2534
2535
2536
2537
2538
2539
2540
2541
2544
2545
2546
2547
2549
2550
2552
2553
2555
2557
2558
2559
2561
2563
2565
2566
2567
2568
2569
2571
2572
2573
2575
2576
2578
2579
2584
2586
2588
2590
2591
2594
2595
2596
2598
2602
2604
2605
2607
2608
2609
2613
2616
2617
2619
2621
2624
2625
2626
2628
2630
2631
2633
2635
2636
2637
2638
2639
2640
2641
2643
2644
2645
2646
2647
2648
2649
2650
2651
2652
2654
2655
2659
2661
2664
2669
2670
2671
2672
2674
2675
2677
2678
2679
2680
2682
2684
2685
2686
2687
2688
2690
2693
2695
2696
2698
2703
2705
2709
2712
2714
2715
2716
2718
2720
2721
2722
2723
2724
2726
2727
2729
2732
2734
2735
2736
2738
2739
2742
2744
2745
2746
2747
2748
2749
2750
2751
2752
2753
2754
2755
2756
2759
2762
2765
2767
2768
2771
2772
2778
2781
2784
2787
2789
2790
2791
2793
2794
2795
2796
2797
2800
2801
2803
2805
2806
2807
2808
2809
2813
2814
2815
2817
2819
2824
2825
2827
2828
2830
2832
2833
2835
2836
2837
2839
2840
2842
2844
2848
2849
2852
2854
2855
2856
2859
2861
2863
2865
2866
2869
2870
2871
2873
2874
2875
2877
2878
2879
2882
2883
2885
2886
2887
2890
2891
2892
2893
2895
2896
2898
2899
2900
2902
2907
2911
2913
2914
2917
2919
2920
2921
2922
2923
2925
2928
2929
2931
2932
2933
2934
2935
2943
2948
2949
2954
2955
2957
2958
2961
2963
2964
2965
2976
2977
2978
2979
2981
2984
2986
2988
2989
2991
2993
2995
2998
2999
3000
3003
3004
3005
3008
3010
3011
3012
3013
3014
3015
3017
3018
3019
3020
3022
3023
3024
3025
3027
3029
3030
3034
3037
3038
3039
3040
3041
3042
3043
3047
3049
3050
3051
3053
3054
3055
3060
3064
3065
3068
3069
3071
3072
3075
3077
3079
3081
3082
3083
3084
3087
3088
3089
3090
3091
3092
3093
3094
3095
3098
3102
3103
3104
3105
3106
3107
3108
3109
3112
3116
3119
3120
3121
3122
3123
3124
3126
3128
3129
3131
3132
3133
3134
3137
3138
3139
3141
3145
3147
3148
3149
3150
3151
3152
3153
3158
3159
3163
3164
3165
3166
3168
3170
3173
3174
3176
3178
3182
3183
3184
3185
3187
3190
3192
3193
3194
3195
3197
3198
3200
3203
3207
3208
3209
3211
3212
3213
3215
3216
3217
3218
3219
3220
3221
3222
3223
3224
3225
3231
3234
3236
3238
3241
3242
3243
3247
3248
3249
3250
3252
3255
3256
3258
3259
3260
3262
3263
3264
3268
3270
3271
3273
3275
3277
3278
3279
3280
3282
3287
3289
3290
3291
3293
3294
3296
3297
3299
3300
3302
3303
3304
3305
3308
3309
3310
3311
3312
3313
3316
3318
3320
3322
3323
3324
3325
3328
3329
3335
3338
3339
3340
3341
3343
3345
3346
3347
3348
3349
3350
3351
3354
3355
3356
3358
3360
3362
3364
3366
3370
3373
3374
3379
3381
3382
3383
3384
3385
3387
3389
3391
3392
3395
3396
3397
3401
3405
3406
3407
3408
3409
3411
3412
3415
3416
3417
3419
3420
3421
3424
3426
3427
3428
3431
3432
3434
3435
3438
3440
3442
3443
3445
3446
3447
3448
3449
3450
3451
3453
3457
3458
3460
3461
3463
3468
3470
3473
3474
3475
3476
3478
3481
3483
3484
3485
3487
3491
3492
3493
3494
3495
3498
3499
3500
3502
3505
3506
3507
3512
3513
3515
3516
3519
3522
3524
3525
3530
3531
3532
3533
3534
3539
3544
3545
3548
3549
3551
3552
3553
3555
3558
3559
3563
3564
3567
3568
3569
3570
3571
3573
3575
3576
3578
3579
3580
3581
3582
3583
3584
3586
3587
3588
3589
3590
3591
3592
3594
3595
3598
3599
3600
3602
3605
3607
3608
3615
3616
3617
3618
3619
3620
3621
3622
3623
3626
3627
3629
3630
3631
3632
3633
3634
3635
3637
3640
3641
3642
3643
3644
3645
3646
3648
3649
3650
3652
3655
3657
3658
3659
3660
3661
3662
3663
3665
3666
3667
3669
3670
3673
3674
3675
3676
3677
3678
3679
3684
3685
3686
3687
3688
3689
3690
3692
3693
3696
3697
3698
3699
3702
3703
3709
3710
3711
3713
3714
3715
3716
3719
3722
3724
3725
3726
3727
3729
3731
3735
3736
3737
3738
3742
3743
3744
3746
3748
3749
3752
3753
3754
3755
3762
3765
3767
3768
3769
3770
3772
3773
3777
3778
3781
3783
3785
3786
3788
3790
3791
3792
3794
3795
3796
3797
3798
3799
3801
3802
3803
3804
3805
3806
3812
3813
3814
3816
3817
3818
3820
3821
3822
3823
3827
3828
3829
3833
3835
3837
3839
3840
3841
3842
3843
3846
3848
3850
3853
3859
3861
3863
3864
3866
3867
3868
3870
3872
3873
3874
3875
3876
3877
3878
3879
3882
3883
3884
3885
3887
3889
3890
3891
3893
3894
3895
3896
3898
3899
3900
3902
3904
3907
3910
3911
3912
3915
3916
3918
3919
3920
3921
3925
3926
3929
3933
3935
3936
3939
3940
3943
3947
3948
3950
3953
3955
3960
3961
3965
3966
3969
3971
3972
3973
3974
3975
3978
3982
3983
3985
3986
3988
3990
3992
3993
3994
3995
3996
3997
4000
4003
4005
4007
4008
4009
4010
4012
4013
4014
4015
4017
4021
4023
4024
4025
4028
4029
4031
4032
4035
4036
4038
4039
4040
4041
4045
4047
4050
4051
4055
4058
4059
4060
4061
4062
4063
4065
4066
4068
4070
4071
4073
4075
4076
4078
4079
4080
4082
4084
4085
4090
4091
4092
4093
4094
4095
4098
4099
4100
4102
4104
4105
4106
4107
4110
4112
4113
4114
4115
4118
4119
4121
4123
4128
4129
4130
4131
4132
4133
4134
4135
4136
4138
4141
4142
4143
4144
4145
4146
4150
4152
4153
4154
4156
4162
4163
4164
4165
4166
4168
4169
4170
4172
4174
4175
4178
4180
4183
4185
4188
4189
4191
4192
4193
4194
4195
4196
4199
4200
4204
4209
4210
4214
4216
4217
4218
4220
4221
4222
4223
4224
4227
4228
4231
4232
4233
4234
4235
4236
4237
4240
4241
4242
4243
4244
4245
4246
4247
4248
4252
4253
4254
4255
4256
4258
4260
4261
4267
4268
4269
4271
4275
4276
4277
4279
4280
4281
4283
4287
4288
4289
4290
4293
4294
4296
4303
4305
4306
4307
4308
4309
4310
4311
4312
4317
4320
4322
4323
4326
4328
4329
4330
4332
4333
4335
4338
4339
4340
4341
4343
4344
4345
4348
4349
4351
4353
4354
4355
4357
4360
4365
4366
4367
4368
4369
4372
4373
4374
4375
4377
4378
4379
4382
4383
4384
4385
4387
4388
4391
4394
4395
4396
4399
4400
4401
4402
4403
4404
4406
4407
4415
4416
4419
4420
4421
4422
4424
4426
4428
4429
4431
4433
4436
4439
4440
4441
4443
4447
4448
4449
4452
4453
4454
4456
4457
4458
4460
4461
4462
4463
4466
4469
4470
4473
4474
4476
4477
4480
4481
4485
4486
4487
4489
4490
4491
4492
4493
4494
4495
4496
4497
4498
4499
4502
4504
4506
4507
4508
4510
4512
4516
4517
4520
4521
4522
4524
4525
4526
4527
4528
4532
4533
4534
4535
4536
4538
4539
4540
4541
4542
4543
4544
4546
4549
4550
4552
4560
4565
4567
4569
4571
4573
4574
4576
4577
4579
4580
4583
4584
4585
4588
4589
4590
4591
4593
4596
4597
4598
4601
4602
4603
4604
4608
4609
4610
4611
4613
4615
4617
4618
4620
4622
4623
4624
4628
4630
4631
4632
4633
4636
4637
4638
4640
4641
4642
4643
4644
4646
4647
4648
4649
4650
4656
4657
4658
4660
4662
4663
4665
4670
4671
4672
4673
4676
4677
4680
4683
4685
4686
4687
4688
4689
4690
4692
4693
4694
4696
4697
4698
4699
4700
4702
4705
4709
4711
4713
4714
4718
4719
4721
4725
4726
4728
4729
4732
4733
4736
4737
4740
4741
4742
4743
4744
4746
4747
4748
4750
4752
4753
4755
4758
4759
4762
4767
4768
4769
4771
4772
4775
4776
4777
4778
4779
4782
4783
4784
4787
4788
4789
4790
4791
4792
4793
4798
4801
4802
4803
4804
4810
4811
4813
4814
4815
4817
4819
4821
4822
4824
4825
4827
4829
4830
4831
4833
4834
4835
4838
4839
4840
4841
4842
4843
4847
4849
4850
4851
4853
4855
4859
4860
4863
4866
4867
4869
4875
4876
4877
4878
4879
4881
4883
4885
4886
4888
4889
4890
4894
4897
4899
4901
4905
4906
4908
4909
4910
4912
4913
4916
4917
4918
4920
4921
4923
4924
4926
4927
4928
4929
4933
4934
4936
4938
4939
4940
4943
4944
4945
4946
4948
4949
4950
4952
4953
4954
4956
4957
4958
4959
4960
4965
4966
4970
4971
4974
4976
4977
4978
4979
4980
4981
4983
4985
4986
4987
4989
4990
4994
4995
4996
4997
4998
4999
5001
5003
5004
5007
5008
5011
5013
5014
5015
5017
5018
5020
5021
5022
5023
5024
5025
5026
5027
5028
5029
5030
5032
5033
5034
5035
5036
5038
5043
5044
5046
5048
5050
5052
5053
5056
5058
5059
5063
5065
5067
5068
5069
5071
5072
5074
5076
5077
5078
5079
5080
5082
5087
5090
5091
5093
5094
5095
5096
5098
5099
5101
5102
5103
5105
5108
5110
5112
5113
5115
5116
5117
5118
5121
5122
5124
5125
5128
5129
5130
5131
5132
5134
5136
5138
5139
5142
5143
5144
5145
5148
5149
5151
5154
5156
5159
5163
5164
5166
5167
5169
5170
5171
5172
5173
5176
5179
5180
5182
5183
5184
5185
5186
5187
5191
5192
5194
5196
5197
5198
5200
5201
5205
5206
5208
5209
5210
5213
5214
5215
5216
5220
5221
5223
5224
5226
5230
5231
5234
5239
5240
5244
5245
5247
5248
5249
5251
5252
5253
5254
5259
5260
5262
5264
5265
5266
5267
5269
5271
5272
5274
5275
5278
5280
5282
5284
5285
5288
5289
5290
5291
5293
5294
5295
5296
5297
5299
5300
5301
5305
5307
5308
5311
5312
5313
5316
5318
5319
5320
5323
5324
5327
5328
5330
5331
5334
5335
5338
5340
5342
5343
5347
5348
5355
5356
5358
5362
5364
5365
5366
5369
5370
5371
5374
5375
5376
5380
5384
5387
5388
5390
5391
5392
5393
5394
5396
5398
5399
5400
5401
5403
5404
5406
5407
5409
5411
5413
5414
5415
5417
5419
5420
5421
5422
5424
5425
5426
5428
5429
5430
5433
5434
5436
5437
5438
5439
5440
5441
5443
5445
5446
5449
5451
5453
5454
5455
5456
5457
5458
5459
5461
5462
5464
5465
5469
5470
5471
5472
5473
5474
5475
5477
5479
5481
5482
5485
5486
5487
5489
5490
5491
5498
5500
5504
5505
5507
5509
5512
5514
5515
5516
5518
5520
5525
5526
5527
5528
5529
5531
5534
5535
5537
5538
5540
5541
5542
5543
5545
5546
5547
5548
5550
5551
5552
5553
5554
5555
5556
5558
5559
5560
5561
5562
5564
5568
5569
5571
5573
5574
5578
5580
5581
5582
5583
5584
5585
5586
5587
5591
5595
5597
5598
5599
5600
5601
5602
5603
5606
5607
5609
5611
5612
5613
5614
5615
5616
5618
5621
5623
5624
5625
5627
5630
5633
5636
5637
5638
5639
5640
5641
5645
5646
5649
5652
5653
5654
5656
5658
5660
5662
5663
5664
5665
5669
5670
5671
5674
5675
5676
5677
5681
5682
5683
5685
5689
5691
5694
5695
5697
5698
5699
5700
5702
5704
5705
5706
5709
5711
5712
5715
5716
5718
5719
5721
5722
5723
5724
5725
5726
5727
5728
5732
5734
5736
5737
5738
5739
5740
5744
5747
5748
5749
5751
5752
5753
5754
5755
5756
5757
5760
5762
5764
5767
5769
5771
5773
5774
5775
5776
5778
5781
5783
5784
5785
5787
5790
5791
5794
5798
5799
5803
5805
5809
5810
5811
5813
5815
5816
5817
5818
5819
5822
5823
5824
5826
5828
5833
5834
5835
5837
5838
5839
5840
5841
5842
5843
5844
5845
5848
5849
5854
5855
5857
5858
5859
5863
5864
5868
5869
5870
5871
5872
5873
5874
5877
5878
5879
5880
5881
5882
5884
5885
5888
5889
5890
5891
5893
5894
5895
5897
5898
5900
5901
5902
5905
5906
5908
5910
5911
5913
5914
5915
5918
5919
5920
5921
5923
5925
5928
5929
5930
5933
5934
5935
5936
5937
5940
5941
5945
5949
5954
5955
5956
5957
5959
5960
5961
5962
5963
5965
5966
5968
5969
5970
5971
5972
5974
5975
5976
5977
5978
5979
5980
5984
5989
5990
5991
5992
5995
5996
5997
6000
6001
6003
6004
6005
6006
6008
6009
6011
6012
6013
6016
6017
6020
6021
6026
6028
6030
6031
6033
6034
6035
6036
6037
6038
6039
6040
6043
6044
6045
6046
6048
6049
6052
6055
6057
6059
6061
6062
6064
6069
6070
6071
6072
6073
6076
6077
6078
6079
6080
6082
6083
6085
6086
6090
6091
6094
6095
6098
6099
6100
6101
6103
6109
6110
6111
6112
6113
6114
6115
6116
6117
6118
6119
6120
6123
6125
6126
6127
6128
6129
6131
6133
6134
6135
6136
6137
6138
6140
6141
6142
6145
6146
6147
6148
6150
6151
6154
6155
6156
6157
6158
6160
6163
6164
6165
6166
6167
6168
6169
6171
6173
6174
6176
6180
6185
6186
6189
6190
6192
6195
6196
6201
6205
6206
6207
6209
6210
6213
6214
6215
6217
6218
6220
6222
6224
6225
6228
6229
6230
6231
6232
6235
6236
6237
6238
6239
6240
6241
6242
6243
6244
6245
6246
6247
6248
6250
6253
6254
6255
6258
6260
6262
6263
6266
6269
6271
6272
6274
6275
6276
6277
6278
6279
6281
6284
6286
6287
6288
6289
6290
6291
6293
6294
6295
6297
6298
6299
6300
6302
6303
6304
6305
6306
6307
6308
6309
6310
6311
6312
6313
6316
6317
6318
6322
6323
6325
6328
6329
6330
6333
6336
6338
6340
6341
6343
6344
6347
6349
6351
6352
6355
6356
6357
6363
6366
6367
6368
6371
6372
6379
6380
6385
6386
6387
6388
6389
6390
6393
6395
6397
6399
6400
6402
6404
6405
6408
6409
6410
6411
6413
6416
6417
6418
6419
6422
6423
6425
6426
6427
6428
6429
6430
6431
6433
6434
6435
6436
6439
6440
6441
6443
6444
6445
6447
6448
6451
6452
6455
6456
6457
6458
6459
6461
6462
6463
6464
6465
6466
6467
6468
6470
6474
6475
6477
6480
6481
6485
6487
6488
6490
6491
6494
6497
6498
6499
6500
6503
6504
6505
6507
6508
6510
6511
6512
6514
6516
6517
6518
6520
6523
6527
6528
6530
6531
6535
6536
6538
6539
6540
6544
6546
6547
6548
6549
6550
6556
6557
6558
6559
6561
6563
6564
6566
6568
6569
6570
6573
6574
6576
6578
6579
6580
6581
6584
6586
6587
6588
6589
6590
6592
6593
6596
6600
6603
6605
6607
6608
6612
6613
6617
6619
6624
6625
6626
6628
6629
6630
6634
6636
6637
6638
6641
6644
6646
6649
6650
6652
6653
6654
6657
6658
6660
6661
6663
6664
6665
6666
6668
6670
6671
6672
6676
6677
6679
6681
6682
6683
6684
6685
6686
6687
6688
6689
6691
6692
6695
6697
6700
6701
6702
6703
6704
6705
6706
6711
6713
6714
6715
6716
6717
6719
6720
6721
6722
6724
6725
6726
6728
6729
6731
6732
6733
6734
6735
6737
6742
6745
6746
6748
6750
6751
6752
6753
6754
6755
6756
6758
6759
6760
6761
6762
6763
6765
6768
6770
6771
6774
6776
6777
6778
6779
6780
6781
6782
6785
6786
6788
6789
6793
6794
6795
6796
6798
6802
6803
6805
6806
6807
6811
6812
6813
6815
6816
6817
6821
6822
6823
6825
6826
6829
6830
6831
6834
6835
6836
6837
6840
6841
6842
6843
6844
6845
6847
6848
6849
6850
6851
6853
6854
6855
6856
6857
6858
6860
6861
6862
6863
6865
6868
6869
6870
6871
6873
6874
6880
6881
6884
6885
6886
6887
6888
6889
6890
6893
6894
6895
6897
6898
6899
6900
6903
6904
6908
6910
6912
6913
6914
6917
6920
6921
6922
6923
6924
6926
6928
6929
6931
6933
6934
6936
6939
6940
6941
6942
6943
6946
6950
6952
6956
6958
6959
6960
6961
6963
6964
6965
6966
6969
6971
6972
6975
6979
6981
6983
6985
6988
6989
6990
6992
6995
6999
7002
7003
7005
7006
7007
7009
7010
7012
7013
7014
7017
7019
7020
7023
7024
7026
7028
7029
7031
7033
7036
7037
7039
7040
7043
7044
7045
7047
7049
7051
7055
7056
7057
7058
7059
7060
7061
7062
7063
7064
7065
7067
7068
7069
7070
7071
7072
7073
7074
7080
7082
7084
7086
7087
7089
7090
7091
7092
7093
7096
7097
7098
7100
7101
7102
7104
7112
7116
7117
7118
7123
7125
7128
7130
7131
7132
7134
7135
7138
7139
7140
7142
7143
7144
7148
7149
7151
7152
7153
7154
7155
7157
7158
7159
7160
7161
7163
7164
7169
7171
7174
7175
7176
7177
7180
7181
7182
7184
7185
7186
7187
7188
7189
7190
7192
7194
7197
7198
7199
7200
7201
7202
7205
7206
7208
7210
7211
7212
7213
7215
7216
7217
7218
7221
7222
7225
7226
7231
7232
7233
7236
7242
7244
7245
7246
7247
7249
7250
7252
7255
7257
7258
7260
7262
7263
7264
7265
7266
7267
7268
7269
7271
7274
7278
7280
7281
7285
7286
7287
7288
7289
7294
7296
7297
7298
7300
7301
7304
7305
7306
7309
7310
7311
7312
7313
7316
7317
7318
7319
7320
7321
7322
7323
7324
7325
7326
7327
7332
7333
7335
7336
7337
7338
7341
7342
7343
7345
7346
7348
7349
7350
7351
7352
7353
7354
7356
7358
7360
7362
7363
7365
7366
7367
7368
7372
7373
7376
7377
7380
7382
7384
7385
7388
7389
7391
7392
7393
7395
7396
7398
7401
7402
7403
7404
7405
7406
7407
7408
7413
7414
7416
7417
7418
7420
7421
7423
7424
7425
7426
7427
7429
7431
7432
7434
7436
7437
7438
7439
7441
7442
7446
7447
7448
7451
7452
7453
7455
7456
7457
7463
7465
7466
7468
7469
7470
7472
7473
7474
7477
7478
7481
7482
7483
7487
7488
7489
7490
7491
7493
7494
7495
7497
7498
7499
7501
7503
7504
7505
7506
7509
7510
7513
7514
7515
7516
7517
7520
7523
7524
7526
7529
7530
7531
7532
7534
7536
7538
7539
7543
7544
7546
7548
7551
7553
7558
7559
7560
7563
7564
7569
7570
7571
7572
7574
7575
7576
7577
7578
7580
7582
7584
7585
7586
7588
7589
7590
7591
7592
7593
7594
7596
7597
7598
7601
7605
7606
7608
7609
7610
7611
7612
7614
7618
7619
7623
7626
7628
7629
7630
7631
7633
7636
7638
7640
7641
7642
7644
7645
7646
7647
7649
7651
7653
7656
7657
7658
7659
7663
7664
7673
7675
7676
7678
7680
7681
7682
7683
7684
7685
7686
7687
7688
7692
7693
7695
7698
7699
7700
7706
7708
7712
7713
7714
7717
7719
7720
7722
7724
7726
7728
7729
7730
7732
7733
7734
7736
7737
7738
7741
7742
7744
7745
7746
7747
7748
7749
7750
7751
7753
7754
7755
7756
7761
7763
7765
7767
7768
7771
7772
7773
7774
7777
7778
7781
7782
7783
7784
7787
7789
7790
7791
7799
7800
7801
7802
7803
7804
7805
7807
7808
7810
7814
7815
7816
7818
7820
7824
7825
7826
7827
7828
7829
7831
7833
7834
7835
7837
7838
7839
7841
7842
7849
7850
7851
7852
7853
7854
7855
7856
7857
7858
7859
7861
7864
7865
7866
7872
7875
7877
7878
7879
7881
7883
7884
7885
7886
7887
7890
7892
7893
7895
7898
7899
7900
7901
7902
7903
7906
7907
7908
7909
7911
7912
7915
7916
7917
7919
7920
7925
7926
7927
7928
7929
7930
7932
7933
7934
7935
7936
7937
7939
7940
7941
7945
7947
7948
7956
7958
7959
7960
7961
7963
7965
7966
7967
7968
7972
7973
7975
7976
7977
7978
7981
7982
7983
7984
7985
7986
7990
7991
7992
7994
7995
7996
7998
8000
8002
8004
8006
8007
8008
8010
8011
8012
8014
8017
8018
8019
8020
8021
8022
8025
8030
8031
8033
8034
8036
8037
8038
8039
8040
8041
8043
8044
8050
8051
8053
8054
8055
8056
8057
8062
8063
8064
8071
8072
8074
8075
8076
8077
8078
8079
8080
8082
8083
8085
8086
8087
8088
8090
8091
8095
8100
8101
8105
8108
8112
8114
8115
8116
8117
8118
8120
8121
8122
8125
8126
8127
8128
8129
8133
8134
8135
8138
8139
8140
8141
8143
8145
8146
8148
8149
8150
8151
8153
8154
8155
8157
8158
8159
8163
8166
8168
8171
8172
8173
8175
8176
8178
8180
8182
8183
8184
8185
8191
8194
8195
8197
8199
8200
8201
8203
8204
8206
8207
8209
8211
8214
8215
8216
8217
8218
8219
8220
8223
8224
8227
8228
8229
8233
8234
8235
8236
8237
8239
8241
8243
8244
8245
8246
8249
8251
8252
8256
8257
8261
8262
8263
8264
8265
8266
8267
8269
8270
8275
8276
8277
8279
8280
8281
8283
8284
8285
8290
8294
8298
8303
8304
8306
8307
8308
8309
8312
8315
8316
8317
8319
8321
8324
8326
8327
8329
8330
8331
8332
8333
8335
8336
8337
8338
8342
8343
8344
8345
8346
8347
8348
8350
8351
8352
8354
8355
8357
8358
8360
8363
8364
8365
8368
8369
8371
8372
8373
8374
8376
8377
8380
8384
8386
8388
8390
8391
8393
8399
8400
8402
8403
8404
8405
8406
8407
8409
8411
8414
8415
8418
8420
8423
8425
8426
8428
8429
8431
8433
8434
8435
8441
8442
8443
8444
8446
8450
8453
8454
8456
8458
8461
8462
8463
8464
8465
8467
8468
8469
8470
8471
8472
8473
8474
8475
8476
8477
8478
8480
8487
8488
8489
8490
8492
8494
8497
8498
8499
8500
8502
8503
8504
8505
8506
8508
8513
8514
8515
8517
8520
8521
8525
8526
8527
8528
8529
8530
8532
8535
8538
8539
8540
8541
8544
8546
8547
8550
8552
8553
8554
8556
8557
8559
8561
8562
8564
8566
8568
8570
8571
8572
8574
8575
8579
8582
8583
8584
8585
8587
8588
8590
8591
8592
8593
8594
8599
8602
8604
8606
8607
8608
8610
8612
8613
8614
8615
8617
8618
8621
8624
8625
8628
8629
8630
8631
8633
8637
8638
8640
8641
8642
8643
8647
8648
8650
8652
8654
8655
8657
8658
8660
8662
8664
8666
8667
8668
8671
8672
8673
8675
8676
8677
8678
8681
8684
8685
8686
8687
8688
8689
8691
8692
8693
8694
8695
8696
8698
8701
8702
8704
8706
8707
8709
8711
8713
8716
8717
8718
8719
8722
8723
8724
8725
8726
8727
8728
8729
8730
8732
8733
8734
8735
8736
8737
8738
8742
8743
8745
8747
8748
8749
8752
8754
8756
8757
8758
8759
8761
8766
8767
8770
8771
8772
8774
8776
8779
8781
8784
8785
8786
8789
8790
8791
8794
8796
8797
8800
8801
8802
8803
8804
8808
8809
8812
8815
8816
8817
8819
8820
8821
8823
8829
8830
8831
8834
8835
8836
8840
8841
8845
8846
8847
8848
8849
8851
8852
8853
8855
8856
8857
8858
8861
8864
8866
8868
8870
8871
8874
8876
8878
8879
8880
8881
8886
8887
8888
8890
8893
8896
8898
8899
8900
8901
8902
8903
8904
8906
8907
8908
8909
8910
8914
8918
8919
8920
8922
8923
8924
8925
8926
8928
8930
8933
8934
8935
8937
8938
8939
8944
8946
8947
8948
8949
8950
8951
8952
8954
8955
8956
8959
8960
8961
8962
8965
8966
8967
8968
8970
8971
8972
8973
8975
8979
8982
8983
8984
8986
8987
8988
8990
8991
8992
8993
8994
8995
8998
9000
9001
9003
9004
9006
9007
9008
9009
9010
9011
9012
9015
9017
9019
9023
9026
9027
9028
9029
9030
9031
9032
9033
9034
9035
9038
9039
9042
9044
9045
9046
9048
9049
9050
9052
9053
9054
9055
9056
9058
9060
9064
9065
9066
9067
9068
9069
9070
9071
9074
9075
9076
9078
9081
9082
9083
9084
9085
9086
9087
9088
9089
9090
9092
9093
9094
9096
9097
9099
9100
9101
9104
9105
9108
9109
9110
9111
9113
9114
9116
9117
9118
9119
9121
9124
9126
9127
9131
9132
9136
9138
9140
9142
9144
9145
9146
9147
9148
9149
9150
9151
9152
9154
9157
9159
9161
9163
9165
9166
9167
9168
9169
9170
9171
9172
9174
9176
9177
9178
9179
9181
9182
9186
9190
9191
9192
9193
9194
9195
9196
9198
9199
9201
9202
9203
9204
9205
9208
9210
9213
9214
9215
9216
9217
9218
9219
9220
9224
9227
9228
9232
9233
9235
9237
9239
9240
9241
9242
9243
9245
9247
9248
9249
9250
9252
9253
9254
9255
9256
9257
9258
9260
9261
9264
9265
9267
9268
9269
9273
9276
9277
9278
9279
9284
9285
9286
9287
9288
9289
9290
9291
9292
9299
9301
9302
9303
9304
9306
9307
9308
9309
9310
9311
9312
9314
9315
9316
9318
9320
9323
9325
9326
9327
9328
9329
9331
9332
9334
9335
9336
9337
9339
9341
9345
9346
9347
9348
9350
9353
9354
9355
9359
9362
9363
9366
9367
9372
9374
9375
9378
9379
9380
9383
9384
9386
9389
9393
9398
9400
9401
9402
9403
9404
9405
9408
9410
9411
9414
9415
9416
9417
9420
9421
9422
9423
9424
9425
9426
9427
9429
9431
9432
9433
9434
9435
9438
9440
9444
9446
9447
9448
9449
9450
9451
9452
9456
9458
9460
9461
9462
9463
9466
9467
9468
9469
9472
9473
9474
9476
9478
9479
9480
9481
9483
9485
9487
9488
9489
9490
9496
9498
9499
9500
9501
9504
9506
9508
9514
9521
9522
9524
9525
9530
9531
9532
9534
9535
9536
9537
9539
9540
9541
9542
9544
9545
9546
9547
9550
9552
9554
9555
9560
9562
9564
9567
9570
9571
9573
9575
9578
9581
9582
9583
9585
9588
9590
9595
9597
9598
9599
9601
9602
9603
9604
9606
9607
9610
9611
9612
9614
9615
9616
9617
9618
9620
9621
9622
9624
9626
9629
9630
9632
9633
9639
9640
9641
9643
9644
9646
9647
9648
9649
9650
9651
9652
9654
9655
9663
9664
9665
9666
9667
9668
9669
9677
9678
9680
9681
9684
9687
9691
9692
9694
9695
9697
9698
9699
9700
9701
9705
9706
9707
9708
9709
9710
9711
9712
9714
9716
9718
9719
9720
9721
9724
9727
9730
9731
9732
9733
9734
9735
9736
9738
9742
9743
9746
9747
9748
9749
9750
9751
9752
9757
9761
9762
9766
9767
9768
9769
9773
9777
9779
9782
9785
9786
9790
9791
9792
9793
9797
9801
9802
9803
9805
9806
9807
9808
9809
9810
9812
9815
9816
9818
9820
9822
9823
9827
9829
9830
9831
9832
9838
9839
9842
9843
9847
9848
9849
9850
9852
9853
9855
9856
9858
9859
9860
9861
9862
9863
9864
9867
9868
9869
9870
9871
9874
9875
9876
9878
9880
9884
9885
9886
9888
9892
9893
9894
9895
9896
9897
9898
9899
9900
9902
9904
9906
9907
9909
9910
9911
9912
9913
9914
9919
9920
9921
9923
9924
9926
9928
9929
9932
9933
9935
9936
9937
9938
9939
9942
9945
9946
9948
9949
9950
9954
9956
9957
9958
9959
9963
9964
9965
9966
9967
9973
9974
9975
9978
9979
9980
9981
9983
9987
9988
9989
9990
9991
9992
9995
9996
9998
9999
10002
10004
10005
10007
10008
10009
10010
10011
10012
10015
10016
10019
10020
10023
10025
10028
10029
10030
10032
10036
10037
10038
10040
10041
10042
10044
10046
10047
10049
10050
10051
10052
10054
10059
10061
10062
10064
10065
10066
10067
10068
10069
10071
10073
10074
10075
10076
10077
10078
10079
10081
10082
10085
10087
10090
10091
10094
10096
10097
10099
10102
10103
10104
10105
10107
10109
10110
10112
10113
10114
10115
10116
10117
10119
10121
10122
10125
10127
10128
10129
10130
10131
10135
10139
10140
10141
10143
10144
10147
10150
10151
10152
10153
10154
10155
10156
10158
10159
10160
10161
10162
10166
10167
10169
10170
10171
10172
10173
10174
10175
10176
10177
10178
10179
10180
10181
10182
10183
10185
10187
10188
10189
10190
10191
10192
10193
10194
10195
10196
10197
10198
10199
10201
10203
10204
10205
10206
10207
10208
10210
10211
10212
10214
10215
10216
10221
10224
10230
10232
10233
10235
10237
10239
10241
10242
10243
10245
10247
10250
10251
10253
10254
10255
10256
10258
10264
10268
10270
10271
10273
10274
10276
10278
10279
10280
10281
10282
10289
10290
10291
10293
10295
10299
10300
10302
10303
10304
10307
10311
10312
10313
10314
10315
10320
10322
10323
10324
10326
10329
10332
10333
10334
10337
10340
10341
10342
10343
10344
10345
10350
10351
10352
10353
10354
10355
10356
10357
10358
10359
10360
10361
10362
10366
10367
10368
10370
10372
10373
10374
10375
10378
10379
10382
10383
10389
10398
10400
10401
10402
10406
10407
10408
10410
10411
10413
10414
10418
10419
10420
10421
10426
10428
10429
10431
10433
10434
10435
10436
10440
10442
10443
10446
10447
10448
10450
10451
10453
10455
10459
10460
10461
10462
10465
10468
10469
10470
10471
10473
10475
10479
10480
10481
10482
10484
10485
10486
10487
10489
10490
10494
10495
10496
10499
10500
10502
10503
10504
10507
10508
10510
10511
10513
10514
10515
10516
10518
10519
10520
10521
10523
10524
10525
10526
10529
10533
10534
10537
10538
10540
10541
10542
10545
10546
10548
10549
10551
10552
10553
10556
10559
10561
10564
10565
10567
10569
10570
10571
10573
10574
10580
10581
10583
10584
10585
10586
10589
10590
10593
10595
10596
10598
10599
10601
10603
10606
10609
10610
10613
10614
10615
10616
10618
10619
10623
10625
10626
10628
10629
10630
10631
10633
10634
10635
10636
10638
10640
10641
10642
10644
10645
10648
10650
10652
10655
10656
10658
10659
10660
10665
10667
10668
10671
10672
10673
10679
10681
10682
10684
10686
10687
10688
10691
10692
10695
10696
10697
10702
10703
10704
10705
10708
10709
10710
10713
10715
10716
10717
10720
10721
10722
10724
10725
10727
10728
10731
10733
10734
10735
10738
10739
10740
10741
10743
10744
10745
10746
10748
10749
10753
10754
10755
10756
10757
10762
10763
10764
10765
10766
10767
10768
10769
10772
10773
10774
10775
10776
10777
10778
10779
10780
10781
10783
10785
10790
10791
10793
10795
10796
10797
10798
10800
10801
10804
10807
10809
10811
10812
10813
10818
10819
10820
10821
10822
10823
10824
10826
10828
10829
10830
10831
10833
10834
10838
10840
10842
10843
10844
10851
10852
10853
10856
10858
10860
10861
10862
10863
10864
10866
10870
10872
10874
10875
10876
10878
10879
10880
10881
10882
10883
10885
10886
10887
10888
10890
10891
10892
10893
10896
10899
10900
10902
10904
10905
10906
10907
10909
10910
10912
10913
10915
10916
10918
10919
10920
10921
10923
10924
10925
10926
10928
10929
10932
10935
10937
10939
10940
10941
10942
10944
10945
10946
10947
10949
10953
10954
10955
10956
10957
10958
10960
10961
10962
10963
10965
10967
10970
10972
10973
10974
10977
10981
10983
10984
10985
10986
10987
10988
10990
10991
10996
10997
11001
11005
11006
11009
11010
11011
11013
11015
11016
11019
11021
11023
11024
11028
11029
11030
11031
11032
11033
11034
11036
11037
11038
11041
11042
11043
11044
11046
11047
11050
11051
11052
11055
11056
11057
11058
11059
11061
11062
11064
11066
11067
11068
11070
11072
11074
11076
11078
11080
11082
11083
11084
11086
11087
11089
11090
11091
11092
11093
11097
11098
11099
11103
11104
11106
11107
11109
11111
11113
11115
11116
11117
11118
11121
11122
11123
11126
11127
11128
11129
11130
11133
11138
11139
11141
11144
11145
11147
11149
11150
11151
11152
11154
11155
11156
11158
11159
11162
11164
11165
11168
11169
11170
11171
11172
11175
11176
11178
11179
11180
11182
11183
11184
11189
11190
11192
11194
11195
11196
11197
11198
11199
11205
11206
11210
11212
11215
11218
11219
11220
11222
11225
11226
11227
11228
11230
11231
11233
11235
11236
11238
11241
11244
11246
11249
11250
11251
11254
11255
11256
11258
11259
11261
11266
11267
11269
11273
11274
11275
11277
11279
11280
11281
11283
11284
11285
11286
11288
11291
11294
11295
11299
11300
11304
11305
11306
11307
11308
11310
11311
11312
11314
11315
11317
11319
11321
11322
11323
11324
11325
11327
11328
11329
11330
11331
11337
11338
11339
11340
11341
11342
11343
11344
11345
11346
11349
11351
11353
11355
11357
11359
11361
11362
11363
11366
11367
11368
11372
11373
11374
11375
11378
11379
11382
11383
11384
11385
11386
11387
11388
11389
11390
11391
11392
11395
11397
11399
11400
11401
11402
11403
11405
11406
11408
11411
11412
11413
11419
11424
11426
11428
11429
11430
11432
11433
11434
11436
11439
11440
11442
11443
11446
11447
11448
11449
11451
11454
11455
11456
11457
11458
11460
11461
11463
11466
11467
11468
11470
11471
11472
11473
11475
11480
11483
11486
11487
11488
11492
11494
11496
11498
11500
11501
11502
11505
11506
11507
11509
11511
11512
11513
11517
11518
11519
11522
11525
11526
11529
11530
11532
11535
11536
11537
11539
11541
11542
11543
11544
11549
11551
11552
11554
11556
11557
11558
11559
11564
11566
11568
11571
11573
11574
11580
11581
11585
11586
11587
11589
11593
11596
11597
11600
11601
11604
11605
11609
11611
11612
11613
11616
11619
11620
11621
11622
11624
11627
11632
11633
11635
11636
11637
11638
11640
11641
11643
11644
11645
11646
11647
11652
11653
11654
11659
11660
11661
11662
11663
11665
11667
11668
11670
11671
11674
11675
11677
11678
11679
11681
11682
11683
11684
11687
11690
11693
11696
11697
11698
11699
11701
11702
11703
11704
11709
11711
11713
11716
11720
11721
11723
11724
11725
11727
11730
11731
11733
11735
11737
11740
11741
11745
11746
11749
11751
11752
11753
11755
11756
11757
11758
11760
11762
11766
11767
11769
11770
11771
11774
11775
11776
11777
11778
11780
11782
11783
11784
11785
11786
11787
11788
11791
11792
11793
11795
11798
11800
11802
11804
11805
11806
11807
11808
11809
11810
11811
11813
11814
11815
11816
11818
11819
11820
11822
11823
11824
11825
11826
11827
11828
11830
11831
11832
11834
11836
11837
11839
11841
11843
11845
11846
11849
11850
11852
11853
11854
11856
11857
11859
11860
11861
11864
11865
11867
11869
11871
11872
11873
11874
11875
11877
11879
11880
11881
11883
11884
11885
11887
11888
11889
11890
11891
11892
11895
11896
11897
11898
11899
11901
11902
11903
11904
11906
11907
11908
11910
11911
11912
11913
11914
11916
11918
11919
11920
11922
11924
11925
11926
11927
11929
11931
11933
11934
11936
11937
11938
11939
11940
11944
11946
11947
11948
11953
11954
11957
11959
11962
11964
11966
11967
11968
11970
11971
11973
11974
11976
11979
11980
11981
11986
11987
11988
11990
11991
11992
11993
11999
12001
12003
12004
12005
12007
12008
12009
12010
12012
12013
12015
12016
12019
12020
12021
12023
12024
12025
12026
12027
12028
12029
12030
12031
12034
12036
12038
12043
12044
12045
12046
12047
12048
12049
12050
12051
12052
12053
12054
12056
12060
12061
12062
12063
12064
12065
12066
12067
12069
12070
12071
12072
12074
12076
12077
12078
12079
12080
12081
12083
12084
12086
12087
12088
12089
12091
12092
12094
12095
12099
12100
12101
12102
12104
12105
12106
12108
12109
12111
12112
12116
12122
12124
12125
12126
12127
12128
12130
12131
12132
12133
12134
12135
12140
12144
12145
12147
12148
12151
12152
12153
12154
12157
12159
12161
12162
12163
12164
12165
12166
12167
12168
12169
12171
12175
12177
12178
12179
12181
12185
12186
12188
12189
12190
12191
12192
12193
12194
12196
12198
12203
12204
12205
12206
12207
12208
12209
12210
12212
12213
12214
12215
12216
12217
12218
12219
12220
12223
12224
12225
12228
12229
12230
12231
12233
12234
12235
12237
12238
12241
12244
12245
12246
12250
12251
12253
12254
12256
12257
12258
12259
12262
12263
12265
12266
12268
12269
12273
12274
12275
12276
12277
12280
12281
12284
12287
12288
12289
12292
12293
12295
12296
12297
12302
12303
12304
12305
12306
12307
12308
12311
12313
12315
12316
12317
12318
12319
12321
12323
12325
12326
12329
12330
12333
12334
12336
12338
12341
12343
12344
12345
12346
12347
12350
12351
12353
12357
12361
12362
12365
12366
12367
12369
12371
12373
12374
12377
12378
12379
12380
12382
12383
12384
12387
12390
12392
12394
12395
12396
12398
12401
12403
12405
12408
12409
12412
12413
12414
12417
12418
12419
12421
12423
12424
12425
12428
12430
12431
12434
12436
12437
12438
12439
12440
12441
12442
12444
12445
12446
12447
12448
12449
12452
12454
12455
12456
12457
12458
12459
12460
12463
12464
12465
12467
12469
12470
12473
12475
12477
12478
12481
12484
12489
12490
12491
12492
12493
12494
12495
12497
12499
12500
12501
12504
12505
12507
12508
12512
12514
12516
12522
12523
12524
12528
12531
12532
12533
12534
12536
12538
12540
12542
12543
12544
12546
12547
12549
12550
12551
12553
12554
12555
12556
12558
12560
12562
12563
12565
12566
12567
12569
12573
12574
12577
12579
12582
12584
12585
12589
12590
12591
12592
12593
12594
12595
12599
12600
12603
12605
12607
12608
12612
12614
12615
12616
12619
12622
12627
12633
12634
12635
12638
12639
12642
12644
12647
12650
12652
12657
12659
12661
12665
12666
12668
12669
12674
12677
12678
12679
12680
12681
12682
12684
12685
12687
12691
12694
12695
12697
12698
12699
12700
12701
12704
12705
12706
12707
12708
12710
12712
12714
12716
12719
12720
12721
12722
12725
12727
12728
12729
12730
12732
12736
12737
12739
12740
12742
12744
12745
12746
12747
12749
12750
12752
12753
12754
12755
12756
12757
12758
12759
12760
12763
12764
12765
12766
12767
12768
12769
12770
12771
12772
12775
12776
12779
12780
12781
12782
12783
12784
12786
12788
12789
12790
12791
12794
12795
12797
12798
12803
12805
12809
12810
12813
12814
12815
12816
12817
12819
12820
12824
12825
12826
12827
12828
12832
12833
12834
12835
12837
12839
12841
12842
12846
12849
12850
12852
12853
12854
12855
12856
12858
12859
12860
12862
12863
12865
12866
12868
12871
12872
12874
12876
12879
12880
12882
12883
12886
12888
12889
12895
12896
12897
12898
12900
12901
12903
12905
12906
12907
12911
12912
12913
12914
12917
12918
12919
12920
12923
12924
12928
12929
12932
12933
12936
12937
12943
12946
12947
12948
12949
12951
12954
12956
12957
12958
12959
12960
12963
12964
12965
12966
12967
12969
12970
12971
12972
12973
12975
12976
12977
12978
12979
12980
12981
12986
12987
12989
12991
12992
12993
12994
12995
13000
13001
13002
13003
13005
13006
13007
13008
13009
13010
13012
13013
13014
13016
13017
13022
13023
13024
13025
13026
13028
13029
13030
13031
13032
13033
13034
13035
13037
13039
13040
13042
13043
13044
13046
13047
13048
13050
13051
13052
13053
13054
13055
13056
13061
13063
13065
13066
13067
13068
13069
13070
13071
13072
13073
13074
13075
13076
13077
13078
13080
13081
13082
13083
13085
13086
13087
13088
13089
13090
13092
13093
13094
13095
13097
13098
13100
13103
13105
13106
13107
13108
13109
13111
13112
13113
13114
13117
13120
13122
13123
13124
13125
13126
13127
13128
13129
13130
13134
13135
13139
13141
13142
13143
13144
13145
13146
13147
13149
13150
13152
13153
13154
13155
13156
13160
13162
13163
13165
13166
13168
13170
13171
13175
13176
13177
13178
13183
13185
13186
13188
13189
13190
13191
13194
13195
13196
13198
13200
13201
13202
13204
13205
13206
13207
13211
13212
13213
13214
13215
13216
13217
13218
13220
13221
13225
13226
13227
13229
13230
13232
13234
13235
13236
13237
13239
13241
13242
13245
13246
13248
13249
13250
13251
13252
13254
13256
13258
13259
13260
13261
13262
13265
13267
13268
13269
13270
13272
13273
13274
13283
13284
13285
13287
13288
13289
13290
13291
13293
13294
13296
13297
13299
13300
13301
13302
13305
13307
13311
13313
13315
13316
13319
13320
13321
13322
13324
13325
13327
13328
13330
13332
13333
13334
13335
13336
13337
13338
13339
13341
13342
13349
13350
13351
13353
13355
13359
13360
13362
13363
13365
13366
13367
13368
13369
13370
13376
13377
13378
13379
13380
13381
13382
13383
13385
13386
13387
13389
13393
13394
13395
13397
13398
13400
13403
13404
13405
13406
13408
13409
13412
13413
13414
13416
13417
13419
13421
13423
13426
13427
13429
13430
13433
13434
13436
13437
13438
13439
13440
13441
13444
13447
13448
13449
13451
13454
13455
13458
13459
13460
13462
13463
13464
13466
13468
13472
13475
13476
13477
13479
13480
13483
13484
13485
13486
13487
13488
13490
13491
13492
13494
13495
13496
13497
13498
13501
13502
13506
13507
13508
13510
13513
13514
13515
13517
13518
13519
13520
13526
13528
13529
13534
13535
13537
13538
13540
13544
13546
13547
13548
13549
13550
13553
13554
13555
13556
13558
13560
13567
13568
13569
13570
13572
13574
13576
13577
13578
13580
13581
13585
13589
13592
13593
13594
13597
13599
13600
13601
13602
13604
13607
13608
13610
13611
13612
13613
13616
13617
13620
13621
13622
13623
13624
13625
13627
13632
13638
13639
13642
13644
13646
13650
13652
13653
13654
13656
13657
13658
13659
13660
13661
13662
13663
13664
13665
13666
13670
13671
13675
13677
13679
13680
13681
13683
13684
13686
13687
13690
13692
13694
13695
13697
13698
13699
13701
13702
13703
13704
13705
13706
13707
13708
13709
13710
13712
13714
13715
13716
13719
13720
13721
13722
13724
13725
13726
13728
13729
13731
13732
13733
13735
13736
13738
13739
13740
13742
13744
13749
13752
13753
13757
13758
13759
13761
13764
13765
13766
13767
13769
13772
13773
13779
13780
13783
13785
13786
13787
13789
13791
13793
13795
13796
13798
13799
13800
13802
13805
13807
13809
13811
13812
13814
13816
13817
13818
13821
13826
13827
13828
13830
13831
13834
13835
13837
13838
13840
13843
13846
13847
13848
13851
13855
13858
13859
13860
13861
13862
13863
13866
13867
13868
13869
13877
13879
13880
13885
13886
13887
13888
13889
13890
13894
13895
13898
13900
13901
13902
13903
13904
13905
13907
13908
13910
13911
13914
13916
13920
13922
13923
13924
13925
13926
13927
13929
13931
13932
13933
13935
13939
13943
13944
13946
13947
13948
13950
13954
13958
13960
13962
13963
13967
13969
13973
13974
13979
13981
13982
13984
13985
13987
13989
13990
13991
13993
13995
13998
13999
14000
14001
14004
14005
14006
14010
14015
14017
14019
14020
14021
14025
14026
14032
14037
14039
14042
14045
14046
14047
14048
14049
14051
14053
14054
14055
14056
14057
14059
14060
14061
14063
14064
14065
14066
14068
14069
14070
14073
14074
14075
14077
14078
14080
14084
14086
14088
14090
14092
14094
14097
14098
14099
14100
14102
14104
14108
14111
14117
14119
14121
14122
14124
14126
14128
14130
14131
14133
14134
14136
14137
14138
14140
14141
14145
14146
14147
14149
14152
14154
14155
14156
14157
14158
14159
14160
14161
14165
14166
14167
14168
14170
14171
14172
14175
14177
14178
14179
14180
14181
14183
14184
14185
14187
14188
14189
14190
14195
14196
14197
14199
14200
14201
14202
14203
14205
14206
14207
14213
14214
14215
14223
14224
14225
14226
14228
14230
14231
14232
14233
14234
14235
14236
14238
14240
14242
14244
14245
14247
14253
14254
14255
14256
14257
14258
14259
14261
14262
14264
14268
14269
14270
14273
14276
14277
14280
14281
14286
14287
14290
14292
14293
14294
14296
14297
14298
14299
14301
14303
14304
14307
14308
14310
14311
14314
14317
14322
14323
14324
14325
14327
14330
14331
14333
14336
14337
14339
14340
14341
14342
14343
14345
14346
14348
14349
14350
14351
14353
14354
14356
14360
14363
14365
14367
14371
14372
14373
14374
14375
14378
14379
14380
14382
14383
14386
14387
14391
14393
14394
14396
14397
14398
14399
14400
14402
14404
14405
14407
14409
14414
14415
14416
14417
14418
14420
14422
14424
14425
14426
14428
14430
14432
14433
14434
14435
14436
14437
14439
14440
14441
14442
14443
14445
14447
14448
14449
14450
14453
14454
14455
14456
14458
14459
14460
14464
14465
14466
14467
14468
14470
14473
14476
14477
14478
14479
14480
14481
14482
14483
14484
14485
14488
14492
14493
14494
14497
14498
14501
14502
14503
14504
14505
14506
14507
14511
14512
14516
14517
14518
14521
14522
14531
14533
14534
14535
14536
14542
14543
14544
14545
14546
14551
14552
14553
14554
14555
14558
14559
14560
14561
14562
14563
14565
14569
14571
14572
14573
14574
14576
14578
14583
14584
14593
14594
14595
14597
14598
14599
14600
14601
14603
14604
14607
14609
14611
14613
14614
14615
14617
14619
14620
14622
14626
14627
14628
14631
14633
14634
14636
14638
14639
14640
14641
14642
14643
14646
14647
14648
14649
14650
14651
14652
14654
14656
14657
14659
14662
14663
14665
14666
14667
14669
14670
14671
14672
14676
14678
14679
14682
14683
14685
14687
14689
14690
14692
14693
14696
14697
14698
14699
14700
14701
14702
14703
14704
14705
14706
14707
14708
14709
14716
14718
14719
14720
14721
14722
14725
14726
14727
14728
14730
14731
14732
14733
14734
14735
14736
14737
14740
14742
14743
14744
14746
14755
14757
14758
14760
14761
14762
14763
14764
14765
14766
14767
14768
14769
14772
14774
14775
14776
14779
14780
14783
14784
14785
14786
14789
14791
14792
14796
14799
14805
14806
14807
14809
14810
14812
14813
14816
14817
14818
14822
14825
14826
14830
14831
14833
14834
14836
14837
14838
14840
14842
14843
14844
14846
14847
14848
14849
14850
14852
14853
14854
14855
14856
14860
14861
14862
14866
14868
14869
14872
14874
14875
14877
14878
14880
14881
14883
14885
14886
14887
14889
14891
14895
14896
14898
14902
14904
14906
14907
14909
14912
14913
14914
14915
14916
14918
14919
14921
14922
14923
14925
14926
14927
14928
14929
14930
14934
14937
14938
14939
14940
14941
14942
14945
14947
14948
14949
14950
14951
14954
14955
14956
14957
14958
14960
14962
14963
14966
14967
14968
14969
14970
14972
14973
14974
14975
14976
14978
14980
14981
14984
14990
14991
14992
14995
14999
15001
15003
15005
15006
15009
15010
15014
15017
15018
15019
15021
15023
15026
15027
15029
15031
15032
15033
15034
15035
15036
15037
15038
15039
15041
15042
15043
15045
15046
15047
15050
15051
15052
15053
15054
15055
15056
15057
15058
15059
15060
15061
15062
15063
15065
15067
15070
15072
15080
15083
15086
15088
15091
15094
15097
15098
15100
15101
15103
15104
15105
15106
15109
15110
15112
15119
15120
15121
15122
15123
15124
15125
15126
15129
15131
15133
15134
15135
15138
15139
15143
15144
15148
15149
15150
15155
15156
15158
15161
15162
15164
15166
15170
15171
15172
15173
15178
15180
15183
15184
15185
15186
15187
15190
15192
15193
15194
15198
15199
15200
15201
15203
15204
15205
15206
15207
15208
15209
15210
15212
15216
15218
15220
15221
15222
15225
15226
15227
15228
15230
15231
15232
15234
15237
15238
15241
15242
15245
15248
15249
15250
15252
15253
15256
15259
15260
15261
15262
15263
15264
15265
15267
15268
15269
15270
15271
15272
15273
15274
15275
15277
15279
15281
15282
15283
15286
15287
15288
15289
15292
15293
15295
15296
15297
15298
15300
15302
15303
15305
15306
15308
15310
15311
15312
15313
15315
15316
15318
15319
15320
15323
15324
15326
15327
15330
15331
15332
15334
15335
15336
15338
15339
15340
15341
15342
15343
15344
15347
15348
15350
15352
15353
15354
15355
15356
15359
15361
15362
15364
15365
15367
15369
15371
15372
15373
15375
15376
15380
15381
15382
15383
15384
15391
15392
15394
15396
15398
15401
15403
15404
15405
15406
15408
15409
15410
15411
15412
15415
15416
15419
15421
15422
15425
15427
15431
15432
15434
15436
15438
15439
15440
15441
15442
15443
15444
15448
15449
15451
15452
15454
15455
15457
15458
15460
15461
15462
15463
15464
15465
15467
15468
15469
15471
15473
15474
15481
15483
15485
15487
15488
15490
15494
15496
15497
15499
15502
15503
15504
15505
15506
15507
15508
15510
15512
15513
15514
15515
15516
15517
15519
15520
15527
15528
15529
15530
15532
15533
15534
15538
15541
15542
15543
15544
15546
15549
15550
15553
15555
15556
15558
15561
15564
15565
15569
15571
15572
15574
15575
15577
15578
15579
15580
15581
15582
15583
15584
15585
15586
15587
15588
15589
15590
15591
15595
15596
15597
15600
15601
15603
15604
15605
15607
15608
15609
15613
15614
15616
15620
15621
15622
15623
15626
15627
15628
15630
15632
15633
15635
15636
15639
15640
15642
15645
15647
15648
15649
15651
15653
15654
15656
15659
15660
15661
15662
15663
15665
15667
15668
15673
15674
15675
15677
15678
15680
15681
15682
15685
15686
15687
15689
15690
15692
15693
15694
15695
15699
15700
15703
15707
15708
15712
15713
15718
15719
15721
15723
15724
15725
15726
15727
15730
15731
15732
15736
15738
15739
15740
15741
15742
15744
15745
15746
15747
15748
15753
15754
15756
15759
15760
15761
15762
15763
15766
15768
15769
15770
15771
15773
15777
15779
15780
15781
15782
15784
15788
15790
15792
15794
15795
15796
15799
15802
15803
15804
15807
15808
15809
15810
15811
15812
15813
15814
15816
15817
15818
15819
15821
15823
15825
15826
15828
15829
15831
15832
15838
15839
15841
15842
15844
15845
15846
15847
15848
15849
15852
15853
15854
15856
15859
15860
15864
15866
15867
15868
15870
15871
15873
15876
15877
15880
15881
15882
15883
15885
15886
15890
15892
15893
15894
15895
15897
15898
15899
15900
15903
15904
15905
15907
15908
15910
15911
15912
15913
15916
15918
15919
15924
15925
15927
15932
15934
15936
15938
15941
15942
15948
15951
15952
15953
15954
15955
15956
15957
15960
15961
15963
15964
15965
15966
15968
15971
15972
15974
15975
15976
15977
15978
15980
15982
15984
15987
15988
15989
15992
15994
15996
15997
15998
15999
16000
16001
16006
16008
16009
16010
16012
16013
16016
16017
16018
16019
16020
16021
16023
16024
16025
16027
16028
16029
16031
16033
16034
16036
16037
16039
16040
16041
16042
16043
16045
16046
16048
16049
16050
16052
16053
16054
16058
16059
16060
16061
16064
16065
16066
16067
16068
16069
16070
16073
16076
16077
16079
16080
16082
16085
16088
16095
16096
16097
16098
16099
16100
16101
16102
16103
16104
16105
16106
16107
16109
16113
16114
16116
16117
16118
16120
16121
16122
16123
16124
16126
16127
16129
16130
16132
16133
16134
16135
16137
16138
16140
16142
16144
16145
16146
16148
16149
16150
16151
16152
16153
16154
16155
16157
16159
16161
16162
16163
16164
16166
16168
16169
16170
16171
16173
16174
16175
16176
16177
16178
16179
16184
16187
16190
16193
16194
16195
16200
16201
16202
16203
16207
16208
16210
16212
16214
16215
16216
16217
16218
16219
16221
16223
16224
16225
16227
16230
16231
16232
16233
16235
16236
16238
16241
16242
16246
16247
16248
16250
16251
16253
16254
16255
16258
16260
16261
16262
16263
16265
16266
16267
16269
16270
16271
16272
16273
16275
16281
16283
16284
16286
16288
16290
16292
16293
16295
16297
16298
16299
16300
16303
16304
16305
16306
16307
16308
16310
16312
16313
16314
16315
16316
16318
16319
16320
16321
16324
16326
16327
16328
16329
16330
16331
16332
16335
16340
16342
16343
16345
16346
16347
16348
16349
16351
16353
16355
16357
16362
16364
16365
16366
16367
16370
16371
16375
16376
16381
16382
16384
16385
16387
16388
16389
16390
16391
16397
16398
16400
16402
16403
16404
16405
16407
16408
16409
16411
16412
16417
16418
16419
16420
16422
16424
16425
16426
16427
16432
16433
16435
16436
16437
16439
16442
16443
16445
16446
16448
16451
16452
16457
16459
16462
16463
16464
16465
16466
16469
16471
16472
16473
16474
16477
16478
16481
16482
16483
16486
16491
16492
16494
16495
16497
16500
16501
16502
16503
16505
16506
16507
16508
16509
16510
16511
16512
16515
16516
16518
16519
16521
16523
16524
16525
16527
16529
16530
16531
16533
16534
16535
16536
16542
16543
16546
16547
16548
16549
16550
16552
16554
16556
16560
16565
16566
16568
16570
16573
16575
16578
16580
16584
16585
16587
16588
16589
16592
16594
16596
16597
16598
16599
16600
16602
16604
16607
16609
16610
16613
16614
16615
16617
16618
16619
16620
16621
16622
16623
16626
16627
16628
16630
16631
16632
16633
16636
16638
16640
16641
16642
16643
16645
16646
16647
16648
16649
16650
16651
16652
16656
16659
16661
16663
16664
16665
16666
16667
16669
16670
16674
16677
16679
16680
16682
16686
16687
16690
16694
16695
16696
16698
16699
16702
16703
16706
16707
16713
16718
16719
16720
16721
16723
16724
16725
16726
16729
16730
16732
16734
16737
16739
16741
16742
16744
16746
16747
16750
16751
16754
16755
16758
16759
16761
16766
16767
16770
16771
16772
16773
16775
16777
16778
16779
16780
16782
16783
16784
16787
16788
16789
16790
16791
16793
16795
16797
16799
16801
16803
16804
16805
16806
16808
16812
16813
16815
16816
16817
16818
16820
16821
16822
16824
16825
16826
16827
16828
16829
16830
16832
16833
16834
16835
16836
16838
16841
16842
16843
16844
16846
16848
16851
16852
16854
16857
16858
16859
16861
16862
16864
16865
16866
16867
16869
16870
16874
16875
16877
16878
16879
16883
16886
16887
16888
16890
16894
16896
16897
16898
16899
16901
16902
16904
16906
16907
16910
16912
16919
16920
16923
16924
16925
16928
16929
16931
16932
16933
16935
16936
16938
16939
16941
16944
16945
16946
16948
16951
16953
16956
16959
16962
16963
16965
16966
16967
16970
16971
16974
16976
16977
16978
16979
16981
16982
16983
16985
16986
16989
16991
16993
16994
16997
17000
17001
17002
17003
17006
17007
17009
17010
17012
17014
17015
17017
17018
17019
17020
17022
17023
17024
17025
17026
17027
17028
17030
17031
17033
17035
17036
17037
17039
17041
17042
17044
17047
17048
17052
17053
17055
17058
17059
17060
17062
17063
17064
17065
17066
17067
17068
17069
17070
17071
17072
17074
17076
17078
17080
17081
17083
17084
17085
17086
17087
17089
17090
17091
17093
17095
17096
17098
17099
17100
17102
17104
17106
17108
17109
17110
17114
17116
17117
17120
17121
17123
17124
17126
17128
17129
17131
17132
17134
17135
17136
17137
17138
17139
17140
17141
17142
17144
17145
17146
17148
17149
17152
17155
17161
17163
17164
17165
17166
17168
17169
17170
17171
17173
17174
17175
17176
17177
17178
17179
17180
17181
17183
17185
17186
17187
17188
17189
17190
17191
17192
17193
17196
17200
17201
17202
17204
17205
17206
17208
17209
17211
17212
17213
17215
17219
17220
17221
17223
17224
17229
17230
17231
17233
17237
17238
17239
17240
17241
17244
17245
17246
17248
17252
17254
17255
17256
17257
17258
17259
17260
17261
17266
17269
17270
17271
17272
17274
17275
17276
17277
17278
17279
17280
17281
17282
17283
17284
17285
17286
17289
17290
17291
17293
17296
17299
17301
17302
17303
17305
17306
17309
17311
17312
17314
17315
17320
17322
17325
17327
17328
17330
17335
17336
17338
17341
17342
17343
17344
17345
17347
17350
17355
17359
17360
17361
17362
17363
17365
17366
17368
17369
17370
17371
17372
17374
17375
17377
17380
17381
17383
17384
17387
17390
17392
17393
17394
17397
17398
17399
17400
17401
17405
17407
17408
17409
17414
17415
17416
17420
17422
17424
17426
17427
17428
17432
17433
17434
17435
17436
17437
17438
17439
17441
17442
17443
17444
17448
17453
17454
17459
17461
17463
17465
17466
17467
17469
17470
17471
17472
17474
17475
17477
17478
17481
17483
17484
17485
17486
17487
17491
17495
17496
17497
17498
17500
17501
17503
17505
17506
17507
17508
17509
17511
17512
17513
17514
17518
17520
17521
17522
17524
17525
17526
17527
17528
17529
17530
17533
17534
17537
17538
17541
17542
17543
17544
17545
17548
17550
17551
17552
17555
17558
17561
17563
17564
17565
17566
17568
17569
17571
17573
17574
17575
17578
17580
17582
17584
17585
17588
17589
17591
17593
17594
17598
17601
17604
17605
17606
17609
17610
17611
17613
17614
17618
17623
17625
17627
17628
17631
17633
17636
17638
17639
17640
17641
17642
17643
17644
17647
17648
17649
17650
17652
17654
17655
17656
17660
17662
17663
17669
17671
17672
17673
17674
17675
17678
17679
17680
17682
17684
17685
17686
17687
17688
17689
17690
17691
17692
17693
17694
17695
17697
17698
17700
17701
17702
17703
17706
17707
17708
17709
17712
17715
17716
17717
17718
17719
17720
17721
17722
17725
17726
17728
17729
17730
17733
17734
17736
17737
17741
17743
17745
17746
17748
17749
17750
17751
17753
17756
17758
17759
17760
17762
17766
17767
17771
17772
17773
17774
17776
17781
17783
17788
17790
17791
17792
17793
17795
17797
17798
17799
17800
17802
17803
17806
17810
17814
17815
17816
17818
17820
17822
17823
17824
17827
17828
17830
17831
17832
17833
17835
17836
17837
17839
17840
17841
17842
17843
17846
17851
17852
17853
17856
17857
17858
17860
17861
17863
17867
17869
17870
17871
17873
17874
17875
17878
17879
17880
17881
17884
17885
17886
17887
17888
17890
17891
17895
17897
17899
17900
17901
17906
17907
17908
17909
17910
17912
17914
17917
17920
17922
17924
17925
17926
17928
17929
17932
17934
17935
17937
17939
17940
17942
17945
17946
17947
17948
17950
17952
17953
17954
17955
17958
17960
17961
17963
17965
17967
17968
17970
17971
17973
17978
17979
17983
17984
17985
17987
17988
17989
17990
17995
17996
17997
17999
18000
18004
18006
18007
18008
18009
18012
18015
18017
18018
18020
18023
18026
18027
18028
18029
18030
18032
18033
18035
18037
18038
18039
18040
18042
18046
18047
18049
18050
18052
18054
18056
18057
18058
18059
18060
18061
18062
18066
18068
18069
18072
18074
18075
18077
18078
18079
18080
18081
18083
18084
18088
18090
18091
18094
18095
18096
18097
18099
18101
18102
18103
18104
18105
18106
18107
18108
18110
18111
18112
18113
18115
18120
18121
18122
18123
18124
18126
18128
18131
18136
18138
18139
18140
18142
18147
18148
18150
18151
18154
18156
18157
18159
18160
18163
18164
18165
18166
18168
18169
18170
18171
18172
18173
18174
18178
18179
18181
18182
18183
18186
18188
18189
18193
18196
18197
18199
18202
18203
18204
18205
18206
18208
18210
18212
18213
18215
18216
18217
18219
18220
18222
18223
18226
18227
18229
18230
18231
18232
18234
18235
18237
18238
18239
18240
18242
18243
18245
18246
18247
18249
18250
18251
18252
18253
18255
18256
18258
18259
18260
18263
18264
18265
18266
18269
18270
18273
18274
18275
18278
18279
18280
18282
18284
18285
18286
18287
18288
18289
18292
18293
18296
18300
18301
18303
18304
18305
18306
18307
18308
18309
18311
18312
18314
18318
18319
18320
18321
18323
18324
18326
18328
18330
18331
18332
18334
18338
18341
18343
18345
18350
18351
18354
18356
18357
18358
18359
18362
18363
18364
18365
18366
18368
18370
18371
18372
18373
18377
18378
18384
18386
18387
18388
18389
18390
18391
18392
18393
18394
18395
18400
18401
18402
18403
18404
18406
18407
18409
18410
18412
18413
18414
18416
18417
18419
18420
18421
18424
18425
18427
18430
18432
18436
18437
18438
18440
18444
18445
18450
18452
18454
18456
18457
18466
18467
18468
18469
18470
18471
18472
18473
18474
18477
18478
18480
18482
18484
18485
18489
18490
18491
18493
18496
18498
18499
18500
18502
18504
18505
18506
18507
18509
18510
18511
18515
18516
18518
18519
18520
18521
18522
18523
18524
18525
18527
18528
18529
18530
18536
18537
18538
18539
18540
18543
18544
18546
18550
18551
18552
18553
18554
18556
18557
18558
18560
18564
18565
18566
18567
18568
18570
18571
18573
18575
18576
18577
18578
18579
18580
18582
18584
18587
18589
18590
18591
18593
18595
18597
18599
18604
18607
18609
18610
18612
18614
18617
18621
18623
18624
18625
18626
18628
18629
18631
18632
18633
18635
18637
18641
18644
18646
18647
18648
18649
18652
18653
18654
18655
18656
18658
18659
18660
18662
18663
18664
18665
18666
18667
18668
18671
18674
18676
18682
18683
18685
18686
18687
18690
18691
18692
18694
18696
18697
18698
18700
18702
18704
18707
18708
18710
18711
18712
18713
18714
18716
18717
18718
18719
18720
18722
18726
18727
18728
18729
18730
18733
18734
18735
18737
18738
18739
18740
18742
18743
18746
18748
18749
18752
18754
18757
18760
18761
18763
18764
18768
18770
18772
18773
18776
18777
18778
18780
18781
18783
18786
18787
18788
18789
18792
18794
18795
18796
18797
18799
18802
18804
18806
18811
18812
18813
18814
18816
18820
18823
18824
18825
18829
18830
18831
18832
18835
18836
18838
18839
18841
18843
18846
18850
18852
18853
18854
18856
18857
18861
18862
18864
18865
18868
18869
18870
18871
18874
18876
18877
18879
18881
18882
18885
18886
18887
18889
18890
18891
18892
18893
18896
18898
18900
18903
18904
18906
18908
18910
18911
18912
18918
18919
18920
18922
18926
18927
18929
18930
18931
18935
18936
18939
18944
18946
18947
18951
18952
18953
18954
18956
18959
18960
18962
18963
18964
18967
18969
18973
18974
18975
18976
18978
18979
18980
18981
18984
18986
18987
18991
18992
18996
18997
19001
19005
19010
19011
19012
19013
19014
19015
19016
19017
19020
19022
19023
19027
19028
19029
19033
19035
19036
19038
19039
19040
19041
19045
19047
19050
19052
19055
19056
19057
19061
19062
19067
19068
19071
19072
19073
19075
19078
19079
19080
19081
19082
19083
19085
19089
19090
19092
19093
19094
19095
19096
19097
19099
19103
19104
19106
19111
19112
19113
19114
19115
19117
19118
19121
19122
19124
19127
19128
19130
19131
19133
19134
19137
19139
19140
19142
19144
19145
19147
19149
19150
19151
19154
19159
19162
19164
19165
19167
19169
19170
19171
19172
19173
19174
19175
19176
19179
19180
19181
19187
19189
19190
19191
19193
19196
19198
19199
19200
19202
19205
19206
19207
19210
19212
19214
19215
19218
19220
19221
19223
19225
19226
19227
19228
19229
19232
19234
19236
19239
19240
19241
19244
19245
19246
19248
19251
19252
19253
19254
19258
19259
19260
19265
19267
19268
19272
19273
19275
19276
19278
19279
19280
19282
19284
19287
19289
19291
19292
19293
19294
19295
19297
19299
19301
19305
19310
19315
19316
19318
19320
19321
19322
19324
19325
19326
19327
19328
19329
19330
19334
19335
19337
19338
19339
19341
19342
19343
19344
19345
19346
19348
19351
19353
19354
19356
19361
19364
19369
19376
19377
19380
19381
19384
19385
19387
19388
19390
19391
19393
19394
19395
19396
19397
19398
19399
19400
19404
19406
19408
19409
19412
19413
19414
19415
19417
19419
19430
19431
19433
19434
19436
19437
19438
19439
19440
19441
19442
19445
19447
19448
19451
19453
19454
19455
19457
19459
19460
19461
19462
19466
19467
19468
19469
19472
19473
19474
19475
19479
19483
19486
19487
19488
19489
19491
19492
19494
19496
19497
19498
19502
19503
19504
19505
19506
19508
19509
19511
19512
19513
19514
19517
19518
19520
19521
19522
19523
19524
19525
19526
19527
19529
19530
19531
19533
19534
19535
19537
19539
19541
19543
19546
19547
19549
19551
19555
19556
19557
19561
19562
19563
19564
19568
19569
19570
19571
19572
19573
19575
19576
19577
19578
19579
19580
19581
19582
19583
19585
19586
19588
19589
19590
19591
19592
19595
19596
19601
19602
19603
19609
19611
19612
19614
19617
19620
19621
19622
19624
19634
19639
19642
19643
19645
19649
19652
19654
19655
19656
19657
19658
19659
19661
19662
19663
19664
19666
19667
19669
19671
19672
19675
19676
19677
19679
19680
19681
19682
19683
19687
19688
19689
19691
19694
19695
19698
19701
19702
19703
19705
19706
19708
19709
19711
19712
19713
19715
19716
19717
19718
19720
19721
19722
19723
19724
19725
19727
19729
19730
19731
19732
19733
19736
19737
19739
19741
19744
19745
19746
19749
19750
19752
19755
19756
19758
19761
19762
19763
19764
19765
19766
19767
19768
19769
19770
19772
19774
19778
19779
19780
19782
19785
19786
19790
19792
19793
19795
19797
19798
19799
19800
19801
19802
19803
19804
19807
19809
19810
19811
19812
19814
19817
19818
19819
19820
19821
19822
19823
19826
19827
19829
19830
19832
19833
19834
19835
19836
19837
19838
19840
19841
19842
19844
19849
19850
19851
19852
19853
19854
19855
19856
19857
19858
19860
19861
19863
19864
19867
19869
19872
19873
19874
19875
19877
19879
19880
19884
19885
19889
19890
19894
19895
19898
19899
19903
19904
19905
19907
19910
19911
19912
19914
19915
19916
19917
19920
19921
19922
19923
19924
19925
19928
19931
19932
19934
19941
19942
19945
19946
19948
19949
19951
19954
19956
19958
19959
19960
19962
19963
19964
19967
19968
19969
19971
19972
19974
19977
19979
19980
19982
19986
19989
19990
19991
19994
19997
19998
19999
20002
20004
20006
20007
20008
20009
20011
20013
20014
20015
20016
20017
20018
20019
20024
20026
20027
20028
20029
20030
20031
20032
20033
20034
20035
20038
20039
20041
20044
20045
20046
20052
20053
20054
20055
20056
20059
20061
20068
20069
20070
20071
20072
20073
20074
20076
20077
20078
20079
20080
20081
20083
20084
20085
20087
20088
20089
20090
20094
20095
20097
20098
20099
20100
20102
20104
20105
20111
20113
20114
20115
20116
20118
20120
20121
20123
20124
20125
20126
20127
20128
20129
20130
20133
20135
20136
20138
20139
20141
20145
20147
20148
20149
20150
20153
20154
20157
20158
20159
20161
20164
20165
20166
20167
20168
20170
20171
20174
20176
20177
20178
20182
20185
20186
20187
20188
20189
20191
20193
20195
20196
20197
20198
20199
20200
20203
20204
20205
20207
20208
20209
20210
20211
20212
20214
20215
20216
20220
20221
20224
20225
20226
20227
20228
20229
20232
20233
20236
20238
20240
20241
20242
20245
20246
20247
20248
20249
20251
20252
20254
20256
20257
20258
20260
20263
20264
20266
20268
20269
20270
20272
20274
20275
20276
20278
20279
20281
20282
20283
20284
20285
20287
20291
20293
20296
20299
20301
20303
20306
20311
20312
20319
20320
20322
20324
20325
20326
20329
20333
20335
20337
20340
20343
20344
20345
20349
20350
20351
20353
20354
20356
20358
20359
20360
20362
20363
20365
20367
20368
20369
20371
20372
20373
20374
20375
20376
20377
20378
20379
20380
20384
20386
20387
20388
20389
20390
20391
20394
20395
20396
20397
20399
20400
20401
20402
20403
20405
20409
20413
20414
20417
20419
20421
20422
20423
20425
20427
20428
20429
20431
20432
20436
20438
20439
20442
20443
20446
20448
20453
20454
20455
20456
20459
20460
20462
20463
20465
20469
20470
20474
20475
20477
20478
20479
20480
20481
20484
20485
20487
20489
20490
20491
20493
20496
20498
20499
20500
20502
20503
20504
20505
20507
20508
20509
20510
20514
20516
20517
20519
20520
20521
20526
20528
20529
20532
20533
20534
20535
20536
20538
20539
20544
20545
20547
20548
20549
20550
20553
20554
20556
20557
20558
20560
20562
20563
20564
20565
20567
20570
20571
20574
20575
20577
20579
20580
20581
20582
20587
20589
20591
20593
20594
20596
20597
20599
20600
20601
20602
20604
20605
20606
20608
20609
20610
20611
20612
20614
20615
20616
20618
20619
20620
20621
20625
20626
20630
20632
20634
20635
20636
20637
20638
20639
20640
20641
20642
20643
20644
20647
20648
20649
20650
20651
20652
20653
20654
20657
20659
20660
20661
20664
20666
20667
20669
20671
20675
20677
20678
20680
20684
20686
20687
20688
20690
20691
20692
20693
20694
20697
20698
20699
20700
20702
20703
20705
20708
20709
20713
20714
20715
20716
20718
20719
20720
20721
20722
20724
20725
20726
20727
20733
20735
20736
20737
20742
20743
20744
20747
20748
20750
20753
20756
20757
20758
20760
20761
20762
20763
20765
20766
20771
20773
20774
20775
20776
20779
20780
20781
20784
20785
20787
20788
20790
20791
20792
20795
20796
20797
20798
20799
20800
20802
20804
20805
20806
20807
20808
20810
20811
20812
20815
20818
20820
20825
20826
20827
20828
20829
20830
20831
20834
20836
20837
20840
20841
20843
20844
20845
20847
20848
20849
20851
20852
20853
20854
20855
20858
20859
20860
20861
20862
20863
20864
20866
20867
20868
20869
20870
20871
20876
20878
20881
20882
20884
20885
20894
20895
20902
20905
20907
20908
20909
20910
20913
20914
20916
20919
20920
20921
20922
20923
20925
20929
20930
20933
20934
20936
20937
20938
20939
20941
20947
20951
20952
20954
20955
20956
20958
20960
20961
20962
20963
20965
20967
20968
20970
20972
20975
20979
20981
20982
20983
20984
20986
20987
20989
20991
20992
20993
20994
20995
20998
21000
21002
21003
21004
21006
21010
21012
21013
21014
21015
21017
21020
21021
21024
21025
21028
21029
21034
21035
21037
21040
21041
21043
21044
21045
21046
21047
21048
21053
21058
21059
21061
21064
21065
21068
21069
21070
21071
21072
21073
21075
21076
21077
21082
21084
21085
21086
21087
21088
21089
21092
21095
21097
21098
21099
21100
21101
21104
21105
21107
21109
21111
21114
