0
2
5
16
21
23
26
34
38
43
44
52
55
59
61
64
73
74
76
91
95
96
101
105
107
115
117
120
128
138
140
157
162
165
166
169
170
172
178
181
182
194
202
203
206
208
209
210
211
215
219
222
231
237
241
242
249
253
259
262
266
272
276
287
289
297
311
312
318
319
332
335
340
342
343
347
351
352
358
359
364
374
375
383
389
391
393
396
403
407
414
416
418
419
428
430
434
435
439
447
450
452
454
466
467
476
477
478
486
502
512
515
518
519
525
529
530
533
538
547
550
551
552
555
569
573
577
579
590
594
599
611
619
621
622
626
628
631
634
636
645
646
649
658
662
663
664
665
668
670
677
690
692
698
699
702
705
707
712
719
728
733
736
737
739
744
745
747
751
752
753
777
779
786
790
791
792
808
809
811
815
816
819
820
823
825
826
829
840
844
845
850
853
854
856
857
858
865
866
868
870
874
875
878
884
885
887
888
890
905
912
915
916
917
921
930
935
936
939
948
950
965
966
967
970
973
979
980
983
988
989
990
1000
1001
1005
1006
1007
1009
1010
1011
1014
1018
1024
1028
1030
1034
1035
1040
1042
1045
1050
1051
1053
1055
1063
1065
1067
1069
1072
1079
1083
1086
1088
1089
1093
1097
1098
1107
1109
1113
1120
1127
1129
1137
1140
1142
1143
1144
1146
1149
1151
1153
1154
1155
1158
1166
1173
1175
1183
1187
1188
1190
1196
1199
1207
1209
1213
1214
1224
1229
1233
1237
1246
1252
1255
1256
1259
1261
1265
1266
1273
1274
1275
1277
1289
1290
1297
1298
1300
1309
1313
1315
1316
1323
1325
1329
1337
1341
1348
1352
1353
1355
1363
1369
1372
1376
1379
1383
1386
1393
1396
1397
1399
1401
1404
1408
1409
1410
1412
1416
1420
1424
1427
1431
1435
1440
1441
1442
1444
1446
1452
1461
1469
1475
1478
1499
1500
1501
1504
1507
1509
1524
1525
1526
1531
1532
1533
1542
1546
1547
1549
1551
1562
1574
1585
1587
1588
1595
1596
1601
1604
1613
1627
1631
1636
1646
1648
1649
1660
1663
1667
1676
1677
1681
1683
1685
1687
1691
1694
1701
1705
1712
1714
1722
1725
1730
1741
1743
1748
1752
1753
1763
1771
1774
1784
1786
1788
1795
1801
1802
1803
1807
1811
1819
1821
1822
1826
1830
1834
1837
1838
1859
1860
1861
1868
1871
1879
1880
1883
1885
1888
1890
1891
1893
1894
1896
1901
1904
1905
1907
1911
1913
1921
1924
1930
1934
1935
1940
1943
1944
1947
1951
1952
1953
1954
1955
1956
1957
1958
1964
1966
1968
1969
1972
1975
1976
1978
1981
1985
1991
1996
2002
2010
2017
2021
2030
2031
2032
2040
2042
2044
2050
2053
2058
2060
2061
2062
2065
2067
2074
2082
2083
2084
2090
2095
2101
2102
2103
2104
2110
2111
2116
2119
2122
2127
2129
2133
2137
2142
2143
2144
2149
2153
2157
2159
2163
2167
2169
2170
2171
2172
2173
2179
2189
2190
2192
2193
2197
2207
2210
2211
2223
2229
2231
2232
2239
2240
2245
2253
2257
2260
2261
2266
2267
2276
2284
2286
2288
2295
2297
2298
2301
2308
2313
2316
2319
2323
2325
2337
2345
2346
2347
2359
2368
2369
2374
2380
2383
2388
2391
2392
2394
2399
2401
2403
2405
2409
2411
2417
2420
2423
2425
2426
2429
2433
2434
2440
2444
2446
2447
2450
2459
2470
2473
2475
2479
2484
2487
2488
2489
2490
2498
2502
2507
2508
2516
2518
2519
2522
2526
2529
2530
2531
2532
2534
2537
2539
2542
2544
2545
2552
2556
2558
2560
2561
2565
2571
2572
2573
2577
2578
2584
2586
2595
2596
2598
2600
2605
2608
2609
2613
2619
2625
2626
2640
2641
2643
2645
2648
2667
2668
2670
2675
2681
2685
2686
2688
2695
2698
2708
2709
2715
2716
2723
2725
2727
2729
2735
2738
2740
2747
2748
2752
2753
2755
2759
2762
2765
2767
2772
2784
2793
2795
2801
2807
2809
2813
2817
2820
2821
2822
2823
2833
2837
2842
2848
2849
2856
2858
2860
2863
2865
2866
2869
2871
2873
2875
2878
2879
2896
2900
2908
2911
2913
2914
2917
2921
2935
2941
2943
2949
2955
2958
2961
2964
2977
2979
2988
2989
2999
3003
3004
3005
3014
3017
3018
3020
3024
3027
3029
3034
3035
3037
3039
3041
3047
3050
3053
3057
3060
3071
3075
3077
3081
3082
3087
3088
3089
3090
3102
3103
3106
3108
3109
3121
3122
3124
3129
3132
3134
3137
3139
3154
3159
3165
3170
3178
3179
3190
3194
3195
3196
3197
3198
3203
3212
3213
3218
3220
3221
3222
3224
3231
3233
3242
3246
3250
3270
3271
3272
3275
3276
3280
3291
3302
3303
3305
3308
3309
3310
3311
3322
3324
3335
3339
3340
3341
3346
3348
3363
3364
3365
3366
3370
3375
3379
3381
3384
3392
3396
3401
3403
3411
3415
3421
3424
3426
3428
3436
3438
3440
3443
3446
3456
3461
3468
3471
3475
3483
3484
3485
3491
3500
3504
3506
3513
3515
3524
3525
3531
3534
3540
3551
3560
3563
3569
3571
3573
3586
3588
3591
3592
3597
3600
3601
3603
3605
3607
3617
3632
3640
3645
3648
3659
3660
3667
3669
3670
3674
3677
3678
3682
3686
3688
3690
3691
3694
3696
3698
3702
3706
3711
3712
3713
3716
3719
3725
3726
3727
3729
3731
3732
3733
3735
3738
3746
3754
3755
3765
3768
3771
3783
3785
3786
3790
3791
3795
3798
3801
3804
3805
3810
3814
3817
3820
3821
3829
3833
3840
3843
3848
3850
3853
3857
3861
3863
3868
3870
3871
3874
3876
3877
3878
3883
3887
3889
3895
3897
3898
3899
3900
3904
3907
3910
3915
3918
3919
3929
3933
3935
3943
3950
3966
3970
3971
3972
3978
3985
3995
3997
4005
4008
4010
4019
4022
4032
4035
4036
4039
4040
4041
4047
4049
4051
4055
4062
4063
4065
4078
4084
4086
4088
4091
4094
4104
4110
4111
4113
4120
4134
4141
4147
4150
4153
4156
4164
4165
4174
4175
4178
4188
4196
4199
4209
4210
4214
4216
4218
4224
4225
4228
4231
4233
4235
4237
4241
4242
4243
4249
4253
4254
4262
4265
4267
4273
4283
4287
4289
4296
4297
4310
4312
4320
4326
4327
4330
4337
4345
4347
4351
4354
4355
4360
4365
4368
4375
4383
4384
4389
4391
4395
4397
4398
4400
4403
4414
4415
4419
4420
4422
4424
4436
4440
4441
4443
4446
4447
4454
4461
4466
4469
4481
4486
4487
4490
4492
4498
4499
4504
4506
4509
4517
4521
4522
4523
4533
4536
4537
4539
4540
4541
4545
4550
4552
4555
4559
4560
4565
4569
4571
4574
4575
4577
4584
4589
4591
4597
4602
4607
4609
4610
4611
4616
4617
4630
4634
4643
4644
4647
4649
4650
4656
4660
4667
4668
4673
4677
4683
4689
4692
4696
4698
4700
4701
4702
4706
4707
4719
4721
4726
4729
4732
4733
4742
4747
4751
4755
4758
4762
4764
4773
4782
4783
4784
4789
4790
4791
4792
4793
4798
4803
4815
4822
4824
4830
4836
4838
4839
4851
4855
4863
4868
4873
4878
4879
4881
4885
4886
4887
4897
4906
4908
4909
4912
4913
4915
4917
4918
4921
4924
4927
4928
4936
4938
4942
4943
4950
4965
4966
4970
4971
4988
4990
4996
4999
5002
5003
5005
5007
5011
5013
5017
5018
5020
5021
5024
5027
5030
5033
5034
5036
5037
5044
5046
5052
5054
5056
5057
5058
5067
5071
5077
5078
5079
5089
5092
5101
5102
5105
5115
5118
5122
5123
5130
5131
5138
5139
5143
5144
5148
5151
5156
5163
5164
5166
5169
5170
5173
5176
5179
5181
5196
5197
5200
5207
5208
5216
5221
5224
5229
5233
5234
5239
5240
5243
5244
5248
5251
5258
5265
5269
5271
5272
5275
5280
5282
5289
5296
5298
5300
5307
5308
5310
5311
5316
5319
5324
5331
5343
5353
5355
5357
5358
5364
5366
5371
5375
5380
5384
5387
5390
5396
5400
5403
5407
5409
5411
5413
5415
5425
5428
5430
5436
5438
5439
5444
5445
5446
5449
5453
5455
5458
5459
5460
5470
5471
5473
5475
5479
5481
5490
5503
5505
5509
5515
5520
5527
5529
5531
5534
5545
5546
5547
5548
5550
5558
5567
5568
5581
5582
5584
5586
5587
5591
5600
5601
5603
5614
5619
5621
5624
5627
5646
5649
5650
5652
5656
5662
5664
5666
5669
5674
5677
5681
5685
5694
5697
5698
5704
5711
5719
5724
5739
5740
5741
5748
5754
5757
5767
5769
5771
5773
5776
5782
5787
5791
5794
5799
5805
5821
5822
5824
5827
5832
5833
5837
5838
5839
5846
5854
5858
5859
5864
5878
5880
5882
5884
5888
5889
5890
5891
5897
5904
5910
5913
5915
5920
5921
5930
5940
5944
5945
5955
5960
5966
5969
5972
5975
5979
5989
5991
5996
6001
6003
6004
6008
6013
6020
6026
6031
6035
6038
6048
6052
6055
6058
6059
6062
6063
6064
6068
6071
6072
6076
6077
6078
6079
6080
6083
6091
6094
6099
6101
6110
6111
6113
6123
6128
6131
6133
6134
6138
6141
6145
6148
6150
6151
6156
6158
6167
6171
6173
6174
6190
6192
6196
6200
6202
6205
6207
6212
6218
6220
6228
6232
6241
6252
6253
6254
6262
6263
6276
6277
6278
6284
6294
6297
6299
6300
6304
6307
6312
6316
6318
6320
6322
6323
6329
6341
6343
6346
6348
6350
6357
6358
6368
6376
6379
6380
6386
6390
6393
6397
6404
6422
6423
6429
6434
6441
6443
6448
6451
6455
6457
6461
6462
6463
6464
6465
6466
6470
6477
6479
6483
6488
6490
6497
6498
6503
6504
6510
6512
6514
6517
6518
6524
6527
6531
6535
6538
6548
6550
6557
6563
6565
6566
6567
6568
6569
6573
6578
6580
6581
6584
6587
6603
6605
6607
6608
6613
6617
6630
6637
6638
6646
6650
6653
6655
6657
6661
6666
6668
6670
6676
6677
6679
6680
6682
6690
6697
6698
6700
6706
6707
6714
6715
6717
6720
6725
6728
6729
6731
6733
6734
6741
6750
6752
6754
6758
6760
6765
6768
6771
6777
6778
6784
6788
6789
6793
6795
6798
6803
6807
6812
6813
6815
6816
6822
6823
6829
6830
6831
6833
6841
6842
6844
6845
6847
6851
6853
6856
6857
6858
6860
6861
6862
6865
6868
6874
6877
6887
6893
6894
6903
6908
6915
6917
6922
6929
6931
6952
6957
6959
6960
6963
6964
6971
6972
6985
6988
6989
6992
6994
6999
7006
7007
7011
7022
7027
7029
7036
7037
7040
7062
7069
7070
7082
7086
7091
7093
7095
7104
7111
7112
7117
7118
7120
7132
7135
7140
7144
7148
7150
7151
7160
7161
7162
7175
7176
7177
7180
7182
7185
7186
7188
7192
7194
7199
7202
7206
7218
7220
7226
7231
7233
7238
7239
7244
7245
7247
7256
7257
7260
7264
7265
7269
7278
7279
7284
7288
7289
7294
7297
7298
7300
7301
7306
7309
7312
7322
7331
7332
7338
7341
7342
7349
7356
7360
7367
7369
7375
7377
7380
7381
7382
7388
7397
7401
7402
7407
7410
7413
7414
7415
7417
7431
7434
7438
7439
7441
7461
7463
7469
7470
7482
7490
7495
7497
7499
7505
7506
7522
7523
7526
7529
7530
7531
7532
7534
7539
7543
7548
7563
7568
7569
7580
7587
7591
7597
7608
7609
7631
7635
7638
7641
7642
7644
7645
7647
7653
7656
7657
7663
7665
7675
7676
7680
7684
7687
7688
7693
7698
7700
7712
7724
7736
7738
7739
7742
7744
7747
7750
7751
7753
7754
7755
7756
7761
7773
7774
7782
7789
7799
7800
7801
7807
7819
7824
7825
7826
7831
7832
7835
7836
7839
7841
7853
7855
7856
7858
7861
7864
7865
7871
7875
7878
7881
7892
7901
7912
7914
7918
7920
7925
7926
7928
7931
7934
7937
7940
7945
7954
7959
7961
7963
7967
7968
7973
7977
7982
7985
7991
7996
7998
8002
8005
8006
8008
8010
8011
8017
8021
8025
8030
8031
8034
8044
8047
8054
8055
8059
8063
8064
8066
8074
8075
8077
8078
8079
8080
8082
8083
8084
8086
8090
8091
8094
8105
8108
8112
8118
8134
8139
8151
8154
8159
8163
8168
8169
8171
8172
8173
8180
8185
8190
8195
8197
8201
8206
8209
8214
8220
8224
8229
8235
8245
8246
8250
8252
8256
8265
8266
8271
8277
8280
8285
8290
8299
8304
8307
8317
8319
8329
8332
8333
8345
8346
8347
8350
8354
8355
8357
8358
8364
8365
8371
8375
8380
8391
8393
8399
8400
8402
8406
8409
8411
8418
8426
8428
8429
8431
8436
8443
8450
8453
8454
8460
8465
8467
8468
8470
8471
8474
8475
8477
8479
8480
8487
8489
8499
8500
8507
8508
8513
8515
8520
8526
8529
8532
8553
8556
8559
8561
8576
8580
8587
8590
8594
8596
8599
8602
8606
8608
8612
8613
8621
8630
8636
8637
8638
8640
8642
8643
8650
8652
8654
8666
8672
8674
8675
8677
8681
8683
8687
8688
8689
8693
8698
8699
8702
8706
8709
8711
8716
8718
8720
8724
8727
8729
8730
8733
8734
8744
8745
8747
8749
8751
8754
8757
8758
8759
8761
8765
8767
8786
8794
8796
8802
8803
8809
8812
8816
8819
8820
8830
8831
8833
8834
8844
8849
8850
8851
8852
8856
8863
8864
8868
8871
8876
8878
8888
8898
8900
8907
8908
8911
8914
8918
8920
8923
8926
8928
8934
8937
8938
8946
8949
8952
8954
8960
8961
8962
8964
8971
8973
8976
8984
8986
8992
9000
9003
9004
9006
9018
9023
9025
9026
9027
9028
9029
9030
9031
9032
9038
9042
9044
9046
9050
9052
9057
9058
9064
9069
9070
9081
9090
9092
9093
9097
9109
9114
9116
9127
9131
9132
9136
9144
9145
9147
9149
9150
9152
9157
9166
9167
9170
9171
9172
9178
9182
9190
9191
9192
9193
9194
9196
9198
9204
9207
9212
9213
9217
9220
9224
9226
9227
9233
9237
9238
9240
9241
9255
9256
9257
9258
9264
9268
9269
9274
9286
9287
9307
9311
9323
9325
9326
9327
9335
9336
9339
9341
9343
9345
9354
9359
9365
9372
9374
9378
9380
9392
9393
9398
9400
9403
9404
9405
9407
9408
9414
9415
9417
9421
9422
9425
9429
9431
9432
9433
9435
9436
9441
9444
9445
9446
9449
9453
9460
9462
9466
9469
9474
9478
9479
9489
9498
9500
9501
9511
9514
9530
9531
9535
9541
9543
9555
9557
9559
9570
9574
9575
9583
9584
9587
9590
9595
9598
9599
9604
9607
9611
9615
9618
9621
9630
9639
9640
9644
9646
9651
9664
9665
9666
9667
9678
9681
9684
9687
9692
9700
9701
9704
9705
9706
9708
9710
9712
9721
9724
9729
9733
9743
9745
9747
9752
9755
9766
9767
9777
9780
9786
9791
9797
9803
9805
9810
9812
9816
9822
9832
9837
9839
9842
9843
9844
9849
9855
9856
9859
9860
9864
9869
9870
9871
9875
9876
9880
9884
9885
9898
9904
9905
9907
9917
9919
9920
9924
9925
9932
9935
9937
9938
9946
9948
9956
9957
9958
9964
9967
9975
9981
9983
9987
9989
9990
9991
9995
9996
9998
10008
10011
10016
10023
10025
10029
10030
10034
10037
10041
10047
10051
10058
10059
10068
10071
10073
10077
10078
10079
10083
10085
10087
10095
10096
10097
10105
10109
10114
10115
10125
10127
10128
10130
10131
10135
10140
10144
10150
10151
10155
10158
10166
10167
10172
10173
10174
10175
10180
10187
10188
10189
10190
10191
10193
10197
10199
10208
10210
10212
10213
10224
10230
10233
10235
10237
10243
10245
10253
10254
10255
10256
10258
10259
10268
10270
10271
10277
10278
10281
10282
10285
10290
10304
10311
10313
10314
10324
10326
10332
10334
10341
10343
10345
10353
10354
10355
10359
10362
10367
10370
10374
10379
10382
10383
10389
10392
10398
10399
10401
10402
10406
10407
10408
10411
10412
10413
10426
10427
10431
10435
10436
10442
10445
10447
10453
10460
10461
10462
10468
10469
10473
10475
10479
10480
10481
10482
10484
10485
10487
10489
10492
10499
10504
10508
10509
10513
10515
10518
10521
10524
10525
10530
10534
10537
10538
10540
10541
10549
10552
10553
10559
10565
10568
10569
10570
10574
10583
10599
10604
10609
10612
10614
10628
10631
10636
10640
10648
10650
10652
10657
10668
10669
10679
10681
10695
10701
10702
10704
10710
10713
10716
10722
10724
10727
10728
10733
10734
10735
10736
10741
10743
10744
10749
10753
10762
10763
10764
10766
10769
10773
10775
10776
10777
10781
10782
10783
10795
10804
10811
10813
10818
10819
10821
10822
10823
10824
10830
10831
10836
10838
10842
10843
10851
10852
10853
10856
10864
10872
10874
10876
10879
10882
10885
10893
10896
10898
10900
10904
10906
10909
10912
10919
10921
10925
10929
10931
10933
10945
10946
10949
10952
10955
10956
10957
10961
10962
10968
10973
10977
10981
10983
10984
10990
10996
10997
10998
11011
11018
11032
11036
11037
11042
11044
11050
11058
11059
11061
11066
11073
11088
11099
11107
11109
11111
11113
11118
11121
11123
11126
11130
11138
11144
11145
11149
11151
11155
11156
11163
11164
11168
11169
11175
11176
11178
11179
11184
11190
11194
11195
11196
11198
11199
11202
11205
11206
11210
11218
11222
11227
11228
11232
11247
11250
11252
11255
11256
11261
11263
11269
11273
11281
11294
11295
11299
11306
11310
11312
11314
11319
11321
11322
11323
11325
11327
11328
11330
11337
11340
11341
11343
11349
11351
11353
11355
11365
11367
11368
11378
11379
11384
11387
11389
11394
11395
11397
11400
11401
11408
11411
11412
11428
11429
11430
11434
11439
11440
11442
11443
11446
11451
11454
11458
11461
11463
11466
11470
11471
11474
11480
11482
11483
11489
11496
11498
11500
11502
11505
11506
11512
11513
11519
11520
11532
11535
11541
11543
11548
11551
11552
11554
11562
11564
11566
11573
11581
11585
11586
11587
11596
11604
11609
11611
11614
11619
11620
11622
11624
11626
11633
11636
11638
11640
11644
11646
11647
11648
11652
11653
11654
11659
11660
11661
11663
11667
11668
11673
11677
11682
11683
11689
11693
11699
11705
11711
11716
11725
11735
11741
11752
11756
11774
11775
11780
11782
11785
11786
11788
11793
11795
11796
11800
11806
11807
11808
11811
11813
11819
11823
11825
11829
11832
11836
11839
11842
11843
11846
11848
11849
11852
11854
11856
11858
11859
11869
11873
11874
11876
11880
11881
11884
11885
11892
11897
11903
11905
11907
11910
11911
11914
11915
11922
11925
11934
11938
11940
11944
11945
11946
11953
11968
11969
11976
11981
11984
11986
11991
11992
11993
11996
12000
12004
12007
12009
12012
12020
12024
12030
12031
12034
12044
12046
12047
12050
12052
12058
12062
12063
12066
12072
12074
12077
12091
12092
12094
12095
12101
12102
12104
12105
12109
12112
12124
12126
12131
12135
12139
12144
12145
12147
12152
12154
12159
12161
12164
12166
12167
12181
12186
12188
12193
12207
12210
12215
12216
12219
12228
12229
12231
12237
12241
12256
12258
12259
12266
12271
12275
12281
12284
12287
12288
12289
12295
12307
12308
12311
12313
12321
12326
12338
12340
12345
12350
12361
12366
12373
12374
12382
12386
12387
12401
12403
12409
12412
12414
12418
12419
12423
12424
12430
12438
12444
12446
12449
12452
12455
12459
12460
12463
12464
12469
12473
12475
12477
12481
12488
12492
12497
12499
12504
12505
12506
12508
12528
12536
12538
12541
12542
12544
12546
12547
12549
12553
12554
12555
12559
12560
12565
12569
12577
12589
12599
12603
12608
12609
12627
12633
12634
12639
12645
12646
12647
12650
12652
12658
12668
12670
12674
12684
12687
12689
12691
12695
12698
12700
12706
12707
12708
12709
12710
12716
12720
12728
12729
12730
12731
12737
12740
12745
12746
12747
12749
12752
12763
12764
12767
12769
12771
12776
12782
12783
12786
12809
12813
12814
12815
12819
12824
12826
12828
12831
12832
12833
12834
12835
12839
12840
12841
12850
12852
12853
12854
12856
12859
12861
12865
12866
12868
12871
12872
12879
12880
12897
12900
12903
12905
12915
12917
12918
12919
12920
12923
12924
12929
12933
12951
12956
12957
12963
12969
12971
12981
12983
12986
12992
13005
13006
13007
13008
13014
13016
13018
13023
13025
13029
13030
13032
13034
13039
13043
13044
13045
13046
13047
13051
13063
13067
13068
13072
13074
13077
13080
13082
13088
13089
13090
13092
13093
13095
13097
13098
13108
13113
13116
13117
13124
13128
13129
13130
13135
13146
13150
13152
13160
13163
13165
13171
13175
13184
13186
13188
13189
13190
13191
13194
13198
13200
13204
13205
13207
13215
13225
13227
13229
13237
13241
13244
13245
13250
13251
13252
13256
13259
13260
13262
13268
13270
13272
13274
13288
13289
13291
13293
13294
13298
13299
13300
13302
13305
13306
13313
13316
13325
13328
13332
13337
13342
13350
13351
13355
13362
13363
13365
13368
13370
13377
13379
13383
13388
13398
13404
13408
13413
13417
13423
13426
13427
13428
13430
13433
13436
13438
13441
13444
13449
13451
13459
13471
13474
13475
13476
13477
13479
13483
13486
13487
13494
13496
13497
13501
13507
13513
13519
13526
13537
13540
13546
13547
13548
13549
13553
13555
13556
13560
13567
13574
13581
13589
13593
13594
13599
13600
13604
13607
13613
13616
13617
13620
13621
13623
13624
13627
13632
13636
13638
13640
13646
13650
13652
13653
13654
13657
13664
13666
13668
13670
13675
13677
13679
13683
13686
13692
13693
13694
13695
13702
13707
13710
13714
13715
13716
13719
13720
13722
13725
13726
13729
13733
13735
13741
13752
13759
13765
13769
13783
13785
13789
13791
13793
13796
13798
13799
13807
13813
13816
13817
13825
13826
13827
13830
13835
13838
13840
13841
13855
13859
13860
13867
13886
13888
13894
13895
13896
13900
13911
13912
13922
13926
13927
13939
13947
13948
13950
13954
13967
13969
13974
13989
13990
14004
14005
14006
14009
14010
14011
14015
14018
14020
14021
14025
14036
14037
14039
14045
14047
14048
14049
14055
14057
14059
14060
14068
14070
14075
14078
14080
14090
14098
14100
14102
14104
14111
14112
14117
14119
14132
14133
14134
14136
14144
14147
14149
14161
14163
14165
14172
14175
14180
14184
14188
14190
14199
14202
14213
14214
14222
14223
14224
14226
14228
14230
14233
14235
14236
14238
14240
14242
14253
14256
14259
14262
14265
14268
14277
14294
14297
14298
14300
14301
14304
14310
14317
14322
14324
14326
14331
14333
14339
14348
14350
14351
14367
14371
14380
14384
14386
14387
14391
14393
14395
14396
14398
14402
14404
14409
14410
14414
14415
14420
14425
14426
14428
14430
14432
14436
14437
14440
14443
14450
14456
14458
14465
14468
14477
14481
14482
14483
14485
14492
14493
14497
14499
14501
14505
14506
14511
14516
14528
14531
14533
14535
14536
14543
14546
14550
14551
14553
14559
14561
14565
14573
14576
14581
14591
14592
14597
14600
14603
14604
14607
14611
14613
14617
14619
14626
14627
14639
14642
14643
14663
14666
14669
14670
14671
14673
14675
14676
14683
14693
14698
14699
14701
14703
14706
14713
14727
14730
14732
14733
14734
14736
14742
14744
14755
14760
14764
14765
14766
14767
14768
14772
14783
14785
14799
14812
14813
14822
14831
14833
14834
14837
14839
14840
14843
14844
14846
14848
14852
14856
14860
14862
14877
14880
14885
14896
14902
14906
14907
14909
14913
14914
14922
14926
14930
14934
14947
14954
14956
14960
14969
14973
14976
14978
14981
14984
14986
14992
14998
15001
15008
15014
15017
15018
15019
15029
15030
15033
15034
15035
15036
15037
15041
15045
15046
15047
15048
15051
15054
15055
15056
15061
15062
15063
15074
15088
15094
15097
15100
15101
15102
15103
15123
15125
15138
15139
15143
15156
15158
15159
15165
15166
15168
15184
15185
15186
15192
15198
15200
15203
15206
15208
15213
15216
15218
15225
15226
15227
15231
15232
15235
15241
15242
15248
15252
15263
15264
15273
15279
15282
15287
15293
15295
15298
15302
15303
15315
15330
15333
15336
15338
15350
15354
15368
15369
15372
15380
15381
15386
15387
15392
15403
15405
15410
15411
15421
15425
15431
15441
15444
15448
15449
15451
15457
15464
15467
15469
15495
15496
15503
15507
15510
15513
15514
15515
15519
15520
15527
15532
15536
15542
15544
15546
15549
15552
15553
15555
15556
15558
15564
15565
15575
15582
15585
15587
15588
15589
15594
15595
15596
15600
15604
15605
15607
15608
15609
15612
15614
15621
15623
15633
15634
15635
15636
15647
15649
15656
15660
15661
15662
15663
15666
15667
15675
15678
15683
15687
15689
15690
15694
15695
15702
15703
15717
15723
15724
15731
15736
15738
15739
15744
15745
15747
15748
15751
15753
15754
15759
15762
15763
15768
15770
15779
15781
15799
15827
15828
15831
15833
15837
15841
15842
15844
15846
15849
15850
15854
15856
15860
15862
15864
15876
15877
15880
15881
15883
15885
15894
15899
15900
15904
15909
15910
15911
15919
15922
15925
15927
15934
15942
15955
15957
15965
15975
15976
15978
15979
15981
15982
15987
16008
16009
16012
16016
16017
16020
16024
16026
16027
16029
16037
16039
16043
16045
16046
16048
16049
16054
16058
16060
16061
16073
16076
16077
16079
16082
16085
16096
16098
16100
16104
16105
16106
16108
16113
16118
16120
16127
16130
16135
16144
16147
16152
16155
16156
16157
16159
16162
16167
16169
16170
16171
16172
16186
16190
16191
16195
16201
16202
16203
16205
16212
16217
16223
16224
16227
16231
16232
16233
16235
16245
16246
16254
16262
16263
16265
16266
16267
16272
16281
16286
16296
16298
16305
16308
16312
16313
16314
16315
16319
16321
16326
16329
16331
16332
16345
16346
16351
16353
16358
16360
16364
16365
16366
16375
16381
16384
16385
16390
16391
16402
16403
16405
16411
16412
16419
16422
16425
16427
16432
16433
16439
16448
16451
16452
16457
16459
16460
16463
16465
16466
16468
16472
16474
16477
16478
16479
16480
16481
16482
16483
16492
16501
16505
16509
16511
16514
16516
16518
16522
16524
16525
16529
16534
16535
16536
16542
16543
16546
16552
16555
16565
16568
16580
16584
16585
16587
16592
16594
16599
16600
16602
16607
16613
16615
16619
16620
16621
16622
16627
16630
16631
16633
16640
16646
16647
16648
16650
16652
16656
16667
16669
16672
16674
16677
16679
16680
16686
16696
16698
16707
16708
16716
16720
16729
16742
16746
16755
16771
16775
16781
16782
16784
16787
16793
16801
16804
16806
16811
16817
16818
16820
16824
16827
16829
16832
16833
16834
16838
16842
16843
16844
16845
16852
16854
16857
16859
16864
16867
16868
16878
16880
16881
16886
16888
16894
16899
16900
16901
16906
16919
16923
16924
16929
16933
16939
16946
16953
16956
16961
16974
16977
16983
16988
16994
17000
17009
17012
17018
17019
17022
17025
17030
17035
17041
17048
17059
17060
17063
17065
17068
17069
17071
17074
17078
17081
17083
17085
17089
17091
17095
17096
17098
17109
17116
17117
17126
17128
17130
17137
17144
17146
17149
17155
17163
17166
17168
17175
17179
17181
17188
17191
17193
17200
17204
17205
17208
17214
17215
17216
17223
17230
17233
17237
17238
17244
17249
17259
17260
17274
17276
17283
17284
17289
17290
17291
17301
17302
17305
17311
17314
17320
17322
17323
17343
17344
17350
17359
17361
17363
17365
17368
17369
17370
17371
17375
17377
17380
17383
17400
17401
17405
17408
17413
17414
17416
17422
17428
17433
17436
17437
17438
17441
17443
17454
17455
17461
17467
17469
17474
17483
17485
17491
17493
17497
17502
17505
17506
17508
17514
17525
17527
17536
17541
17544
17553
17565
17568
17574
17580
17593
17601
17613
17614
17625
17627
17638
17640
17647
17656
17658
17669
17672
17673
17675
17686
17688
17690
17693
17698
17702
17708
17716
17717
17722
17726
17729
17731
17733
17736
17737
17748
17749
17755
17756
17758
17767
17773
17780
17783
17790
17793
17802
17803
17806
17814
17818
17820
17823
17824
17827
17828
17830
17835
17837
17840
17841
17842
17850
17869
17877
17879
17881
17883
17891
17894
17895
17897
17899
17906
17910
17915
17926
17946
17950
17952
17955
17958
17961
17965
17967
17971
17984
17990
17991
17995
17999
18006
18015
18019
18020
18027
18028
18029
18033
18037
18038
18040
18047
18049
18056
18058
18059
18072
18074
18075
18079
18081
18084
18087
18090
18091
18101
18103
18104
18107
18117
18119
18129
18133
18136
18138
18142
18160
18163
18165
18171
18179
18183
18185
18186
18189
18202
18212
18218
18231
18234
18235
18238
18247
18251
18252
18258
18259
18260
18262
18265
18270
18278
18279
18282
18284
18285
18287
18289
18301
18304
18305
18309
18334
18341
18343
18350
18356
18359
18363
18365
18372
18373
18384
18386
18387
18388
18392
18402
18406
18413
18416
18425
18426
18427
18430
18432
18436
18438
18444
18471
18473
18477
18478
18493
18499
18506
18509
18521
18529
18536
18540
18551
18556
18560
18561
18566
18568
18571
18580
18584
18587
18593
18595
18607
18609
18610
18611
18612
18617
18629
18631
18632
18636
18641
18646
18649
18652
18654
18662
18666
18676
18677
18682
18686
18687
18691
18695
18696
18698
18706
18707
18708
18710
18713
18714
18717
18719
18726
18730
18733
18735
18739
18740
18746
18751
18752
18758
18761
18770
18772
18773
18776
18777
18780
18804
18811
18813
18820
18823
18825
18826
18830
18831
18832
18835
18836
18861
18863
18873
18876
18879
18882
18890
18892
18896
18898
18905
18908
18911
18912
18921
18926
18927
18929
18931
18934
18939
18948
18952
18954
18955
18962
18963
18964
18967
18969
18974
18975
18978
18997
19005
19011
19012
19013
19017
19020
19023
19037
19038
19039
19040
19045
19047
19052
19055
19062
19075
19079
19083
19085
19092
19099
19103
19104
19107
19112
19113
19114
19134
19137
19139
19140
19144
19147
19149
19150
19151
19158
19159
19162
19164
19170
19171
19172
19181
19190
19193
19198
19210
19215
19220
19226
19232
19234
19240
19241
19246
19247
19253
19257
19259
19261
19265
19267
19268
19272
19273
19275
19282
19293
19294
19297
19299
19301
19303
19316
19320
19325
19334
19337
19338
19345
19353
19358
19362
19364
19377
19385
19400
19412
19413
19414
19417
19423
19434
19437
19438
19439
19441
19442
19447
19453
19459
19460
19468
19469
19472
19479
19487
19489
19503
19504
19505
19506
19507
19512
19513
19519
19521
19522
19523
19524
19525
19527
19528
19529
19535
19537
19539
19545
19546
19551
19556
19558
19559
19568
19570
19571
19575
19577
19578
19585
19586
19589
19591
19595
19598
19601
19609
19612
19613
19614
19615
19617
19619
19620
19622
19640
19645
19649
19654
19659
19664
19675
19680
19681
19683
19688
19689
19694
19695
19701
19702
19705
19706
19708
19714
19715
19717
19720
19726
19730
19733
19738
19744
19749
19753
19756
19758
19761
19764
19765
19766
19767
19768
19774
19782
19783
19792
19795
19804
19806
19827
19830
19832
19835
19837
19841
19849
19854
19855
19857
19863
19864
19869
19876
19878
19879
19885
19899
19905
19907
19911
19912
19914
19916
19920
19921
19923
19924
19928
19929
19932
19945
19949
19953
19958
19964
19971
19974
19987
19989
20009
20014
20019
20026
20027
20033
20034
20035
20039
20045
20046
20052
20059
20060
20068
20072
20077
20079
20081
20086
20095
20097
20109
20115
20121
20125
20126
20130
20138
20145
20147
20153
20157
20166
20167
20170
20178
20185
20186
20187
20188
20189
20191
20193
20196
20198
20199
20205
20213
20215
20220
20224
20225
20228
20229
20236
20240
20244
20251
20254
20256
20261
20263
20266
20269
20270
20275
20276
20278
20281
20284
20287
20291
20299
20306
20317
20325
20327
20329
20345
20367
20371
20373
20380
20384
20388
20389
20396
20398
20399
20402
20403
20414
20415
20421
20423
20427
20428
20436
20438
20441
20446
20459
20462
20463
20465
20470
20471
20475
20477
20479
20481
20485
20488
20489
20490
20493
20498
20503
20504
20505
20514
20517
20519
20526
20534
20536
20539
20554
20560
20563
20570
20571
20582
20591
20604
20605
20609
20610
20613
20620
20621
20625
20632
20640
20643
20649
20657
20659
20661
20666
20669
20670
20672
20675
20680
20686
20687
20688
20697
20700
20702
20703
20708
20711
20713
20714
20718
20721
20726
20727
20733
20735
20736
20758
20762
20763
20765
20766
20770
20771
20773
20776
20780
20791
20800
20802
20804
20807
20811
20812
20826
20828
20836
20841
20843
20844
20845
20851
20852
20855
20858
20859
20861
20862
20868
20869
20870
20871
20883
20885
20892
20901
20902
20905
20912
20914
20919
20920
20921
20930
20932
20934
20936
20939
20941
20948
20956
20958
20967
20972
20979
20983
20984
20986
20992
20998
21006
21008
21009
21014
21017
21021
21024
21034
21041
21044
21048
21052
21053
21056
21060
21063
21064
21065
21070
21071
21072
21076
21077
21081
21082
21092
21099
21101
21107
21110
