0
1
2
3
5
6
7
8
9
10
11
12
15
16
18
19
22
23
24
26
28
29
30
33
34
35
36
38
39
42
43
48
49
51
52
53
54
55
59
61
63
64
65
67
70
71
73
74
75
76
81
82
83
84
85
86
89
91
92
93
94
95
96
98
99
101
102
103
104
105
106
107
108
109
110
111
114
116
117
119
120
121
123
124
129
131
135
136
140
141
142
143
145
147
149
150
154
157
160
161
162
163
164
165
166
167
170
172
176
178
181
182
184
188
189
190
191
192
195
196
201
203
205
206
207
208
209
210
211
212
213
214
215
219
220
222
225
226
227
228
230
231
234
235
237
240
241
242
243
244
245
246
249
250
251
255
258
259
261
262
264
266
267
268
269
270
271
272
279
280
282
283
285
286
287
289
290
293
294
295
297
298
299
303
306
307
309
310
311
312
313
315
317
318
319
323
324
331
332
333
334
335
338
342
343
344
345
347
348
350
351
353
355
357
358
359
362
368
369
373
374
376
378
379
381
383
384
385
389
391
394
395
396
398
399
400
402
403
404
407
409
410
411
416
418
419
420
422
424
425
426
428
430
431
432
434
436
439
441
445
449
450
454
458
459
460
461
462
464
466
469
470
471
473
474
476
477
478
480
481
482
483
486
487
491
494
496
498
499
500
501
502
503
504
505
506
507
510
512
513
514
515
516
517
518
519
520
521
522
524
525
527
530
531
532
533
534
536
537
538
542
543
545
547
549
551
553
555
556
557
558
559
560
562
563
564
565
566
567
570
571
572
573
574
577
578
579
580
581
583
585
587
588
590
592
593
594
595
596
597
598
599
603
604
606
607
611
612
613
614
615
616
618
619
620
621
623
626
627
628
630
631
632
633
634
635
636
640
641
642
643
644
645
646
649
650
653
654
655
657
658
659
661
662
663
664
667
668
669
670
671
673
676
677
678
679
680
684
688
689
690
692
693
696
698
699
701
703
704
705
706
707
708
709
711
712
713
714
716
717
719
720
722
723
725
728
730
735
736
737
739
741
742
743
744
745
746
747
749
751
753
755
756
757
760
765
766
767
770
773
774
776
777
779
781
782
783
784
785
786
787
789
790
791
792
794
795
800
802
803
805
807
808
809
811
814
815
816
818
819
820
821
823
824
825
826
827
828
829
830
832
833
838
839
840
841
843
844
845
848
850
851
853
855
857
858
859
860
862
864
865
866
867
868
869
870
871
872
873
874
875
878
883
884
885
888
889
890
891
892
894
895
896
899
900
901
904
905
906
908
909
911
912
914
915
917
920
921
927
929
930
931
932
934
935
936
937
938
939
940
941
943
946
947
948
950
951
954
956
957
958
963
964
965
966
967
969
970
972
974
975
977
979
980
981
982
983
985
986
987
988
989
990
991
993
994
998
1000
1001
1005
1006
1007
1009
1010
1011
1013
1014
1015
1016
1017
1018
1019
1020
1021
1024
1027
1028
1030
1033
1034
1036
1037
1038
1039
1040
1041
1042
1043
1046
1049
1050
1051
1052
1053
1054
1055
1058
1059
1061
1062
1063
1064
1065
1066
1067
1068
1069
1070
1071
1072
1073
1074
1079
1084
1086
1087
1088
1089
1090
1091
1093
1095
1097
1098
1104
1108
1109
1113
1114
1116
1120
1122
1124
1127
1130
1131
1133
1135
1136
1137
1138
1139
1140
1143
1144
1146
1147
1148
1149
1150
1151
1153
1154
1155
1157
1158
1159
1161
1164
1165
1167
1168
1169
1170
1171
1173
1175
1176
1177
1178
1179
1182
1183
1186
1187
1188
1190
1192
1193
1194
1196
1198
1199
1200
1201
1202
1203
1204
1206
1207
1209
1211
1213
1214
1215
1216
1218
1219
1220
1221
1224
1229
1230
1232
1233
1234
1235
1236
1237
1246
1249
1250
1251
1252
1253
1254
1255
1256
1257
1259
1262
1265
1266
1267
1268
1271
1273
1274
1275
1277
1278
1279
1281
1283
1285
1286
1287
1288
1290
1293
1294
1296
1297
1298
1299
1300
1302
1304
1306
1307
1313
1315
1316
1320
1321
1322
1323
1324
1325
1326
1327
1328
1329
1330
1331
1332
1335
1336
1337
1338
1341
1343
1344
1348
1350
1352
1353
1355
1357
1359
1361
1363
1365
1366
1369
1371
1372
1373
1374
1375
1376
1378
1379
1382
1383
1385
1386
1387
1390
1391
1393
1394
1396
1397
1399
1401
1404
1407
1408
1409
1410
1412
1413
1417
1419
1422
1424
1426
1427
1428
1429
1431
1432
1433
1435
1437
1438
1440
1441
1444
1445
1446
1447
1448
1451
1453
1456
1458
1459
1461
1462
1463
1464
1468
1469
1474
1478
1483
1486
1487
1488
1491
1492
1493
1496
1498
1499
1500
1501
1502
1503
1504
1505
1507
1508
1509
1511
1515
1517
1518
1519
1520
1521
1525
1526
1529
1531
1532
1533
1536
1538
1539
1542
1545
1547
1549
1551
1552
1553
1554
1559
1560
1562
1563
1564
1567
1568
1569
1574
1575
1576
1577
1580
1582
1584
1585
1588
1590
1592
1594
1595
1598
1601
1602
1603
1609
1610
1612
1614
1620
1621
1624
1625
1626
1627
1630
1631
1632
1634
1636
1637
1638
1639
1641
1642
1646
1648
1649
1650
1651
1654
1655
1659
1660
1661
1662
1663
1664
1666
1667
1668
1670
1671
1675
1676
1678
1679
1680
1681
1683
1684
1686
1688
1691
1692
1695
1697
1701
1702
1703
1704
1705
1707
1709
1712
1713
1714
1717
1719
1721
1722
1724
1725
1729
1730
1731
1733
1734
1736
1737
1738
1741
1742
1743
1744
1746
1747
1748
1750
1751
1752
1753
1754
1757
1759
1760
1761
1763
1766
1771
1773
1774
1775
1776
1777
1779
1780
1782
1784
1786
1787
1788
1792
1795
1797
1798
1799
1801
1802
1803
1805
1807
1808
1811
1815
1816
1817
1819
1821
1822
1823
1825
1828
1830
1832
1834
1835
1836
1837
1838
1839
1841
1842
1845
1846
1850
1853
1854
1856
1858
1859
1860
1861
1863
1866
1868
1869
1871
1875
1877
1879
1880
1881
1882
1883
1885
1886
1887
1888
1889
1890
1891
1892
1893
1894
1895
1896
1897
1900
1901
1902
1904
1905
1907
1908
1909
1910
1913
1917
1918
1919
1920
1921
1922
1924
1925
1926
1927
1928
1929
1930
1931
1933
1934
1935
1936
1937
1939
1940
1942
1943
1944
1946
1947
1948
1951
1952
1953
1954
1955
1956
1957
1958
1960
1961
1964
1965
1966
1967
1969
1970
1973
1975
1976
1978
1979
1981
1983
1984
1985
1987
1991
1993
1994
1996
1997
1998
2002
2003
2004
2005
2006
2007
2008
2010
2011
2014
2015
2017
2020
2021
2022
2023
2027
2028
2029
2030
2031
2033
2034
2037
2038
2040
2041
2042
2044
2045
2048
2051
2052
2053
2054
2056
2057
2058
2059
2060
2061
2062
2063
2064
2068
2069
2070
2071
2072
2074
2076
2077
2080
2082
2083
2084
2085
2086
2087
2088
2089
2090
2091
2092
2093
2095
2098
2101
2102
2103
2104
2105
2107
2108
2110
2112
2115
2116
2119
2120
2122
2124
2125
2126
2127
2129
2132
2133
2134
2136
2137
2140
2141
2143
2146
2147
2148
2149
2150
2151
2153
2154
2157
2158
2159
2160
2161
2167
2168
2169
2170
2171
2172
2173
2175
2176
2177
2179
2182
2183
2184
2186
2187
2189
2191
2195
2196
2197
2200
2201
2202
2204
2206
2207
2209
2210
2211
2212
2214
2215
2218
2219
2222
2223
2225
2226
2227
2228
2229
2232
2234
2235
2240
2242
2244
2245
2246
2248
2253
2254
2257
2260
2261
2263
2264
2265
2266
2267
2270
2271
2272
2273
2274
2276
2277
2278
2280
2281
2283
2284
2286
2288
2289
2290
2292
2293
2295
2296
2298
2300
2301
2302
2304
2305
2306
2309
2310
2311
2313
2314
2315
2316
2317
2318
2319
2321
2323
2325
2326
2327
2330
2331
2337
2338
2346
2347
2349
2350
2351
2354
2357
2358
2359
2360
2362
2363
2365
2367
2368
2369
2370
2373
2374
2375
2377
2379
2380
2383
2385
2386
2388
2390
2391
2392
2393
2394
2395
2398
2399
2400
2401
2403
2404
2405
2407
2408
2409
2410
2411
2417
2418
2419
2420
2422
2423
2425
2426
2427
2430
2432
2433
2434
2436
2437
2440
2443
2444
2445
2446
2447
2450
2451
2456
2459
2461
2462
2464
2466
2468
2469
2470
2472
2473
2474
2475
2478
2479
2480
2481
2483
2487
2488
2489
2490
2494
2497
2498
2499
2500
2506
2507
2508
2509
2510
2511
2512
2515
2516
2517
2518
2519
2521
2522
2525
2526
2528
2529
2530
2531
2532
2534
2537
2539
2540
2541
2543
2544
2545
2546
2550
2552
2553
2556
2557
2558
2560
2564
2565
2567
2568
2569
2571
2572
2573
2575
2576
2577
2582
2584
2586
2589
2592
2593
2594
2595
2596
2598
2604
2605
2607
2608
2609
2610
2613
2615
2616
2617
2619
2620
2622
2624
2625
2626
2628
2631
2633
2637
2639
2640
2641
2643
2645
2646
2648
2649
2651
2652
2654
2655
2658
2659
2660
2669
2675
2678
2679
2681
2685
2686
2688
2690
2691
2693
2694
2695
2703
2704
2705
2709
2711
2712
2713
2714
2715
2716
2717
2718
2719
2720
2721
2722
2724
2727
2734
2735
2736
2738
2739
2740
2741
2742
2743
2745
2747
2749
2751
2753
2755
2756
2757
2758
2759
2761
2762
2763
2764
2766
2767
2768
2770
2772
2773
2774
2775
2777
2778
2781
2784
2785
2786
2788
2789
2791
2792
2793
2795
2796
2799
2801
2802
2804
2805
2806
2807
2808
2809
2813
2816
2817
2821
2822
2824
2825
2827
2828
2830
2831
2832
2833
2835
2836
2837
2839
2842
2843
2844
2845
2848
2849
2851
2852
2854
2855
2858
2859
2861
2863
2864
2865
2867
2869
2870
2871
2872
2873
2874
2875
2877
2878
2879
2880
2881
2885
2890
2891
2894
2896
2898
2899
2900
2904
2906
2908
2911
2912
2914
2918
2920
2921
2923
2924
2928
2929
2930
2933
2934
2935
2936
2937
2939
2940
2941
2942
2948
2949
2950
2951
2953
2957
2958
2961
2963
2964
2965
2970
2973
2974
2976
2977
2978
2979
2981
2982
2984
2988
2989
2993
2995
2997
2998
2999
3000
3003
3005
3008
3009
3010
3012
3014
3017
3018
3019
3020
3022
3023
3025
3027
3029
3030
3031
3032
3034
3035
3036
3037
3038
3039
3040
3043
3045
3047
3050
3051
3053
3054
3056
3057
3058
3059
3060
3064
3065
3068
3070
3071
3072
3075
3077
3079
3080
3081
3082
3083
3084
3085
3087
3089
3090
3091
3092
3093
3094
3096
3098
3102
3104
3109
3111
3112
3113
3114
3115
3116
3119
3120
3121
3122
3123
3124
3125
3126
3129
3131
3132
3133
3134
3137
3139
3140
3143
3145
3149
3150
3151
3152
3153
3157
3158
3159
3161
3165
3166
3167
3170
3174
3175
3178
3182
3183
3184
3185
3187
3192
3193
3194
3195
3196
3197
3198
3199
3203
3204
3207
3209
3210
3211
3212
3213
3215
3216
3217
3218
3220
3221
3222
3224
3225
3228
3229
3230
3231
3232
3233
3234
3236
3242
3243
3245
3246
3251
3253
3255
3256
3259
3260
3264
3267
3268
3269
3270
3271
3272
3273
3275
3276
3277
3278
3280
3281
3282
3283
3287
3288
3289
3294
3297
3298
3300
3301
3302
3303
3304
3305
3308
3311
3315
3316
3317
3318
3322
3323
3324
3326
3333
3335
3339
3340
3343
3346
3347
3348
3349
3350
3353
3355
3358
3360
3361
3362
3364
3365
3366
3368
3369
3370
3371
3373
3374
3375
3378
3379
3380
3381
3382
3384
3385
3386
3387
3389
3391
3392
3393
3394
3396
3397
3398
3400
3401
3403
3404
3406
3407
3409
3411
3412
3413
3415
3416
3417
3419
3422
3423
3424
3425
3426
3427
3428
3431
3432
3435
3436
3438
3440
3442
3443
3446
3447
3448
3449
3450
3453
3457
3458
3462
3463
3465
3466
3467
3470
3471
3472
3473
3474
3476
3477
3478
3481
3484
3485
3486
3487
3489
3493
3494
3495
3497
3498
3499
3500
3502
3506
3507
3509
3512
3513
3514
3515
3518
3519
3521
3522
3523
3524
3525
3527
3529
3531
3533
3534
3538
3539
3544
3545
3548
3550
3551
3553
3555
3558
3559
3562
3563
3564
3567
3569
3570
3571
3573
3574
3575
3576
3577
3579
3581
3582
3584
3586
3587
3588
3590
3591
3592
3596
3597
3599
3600
3605
3606
3607
3608
3609
3610
3612
3614
3615
3616
3617
3619
3620
3621
3622
3623
3626
3629
3630
3631
3632
3634
3637
3640
3641
3642
3643
3644
3645
3648
3650
3653
3656
3659
3660
3661
3662
3663
3666
3667
3668
3669
3670
3671
3672
3674
3675
3677
3678
3679
3682
3683
3684
3685
3686
3687
3688
3690
3692
3693
3694
3696
3698
3700
3702
3703
3705
3708
3709
3710
3711
3713
3716
3717
3718
3719
3726
3728
3729
3731
3732
3734
3735
3736
3737
3738
3741
3742
3744
3746
3748
3749
3750
3752
3753
3754
3755
3758
3760
3761
3765
3767
3768
3769
3770
3773
3775
3777
3778
3780
3783
3790
3791
3792
3793
3794
3795
3797
3798
3799
3801
3802
3803
3804
3805
3806
3807
3808
3809
3811
3812
3814
3816
3817
3818
3820
3821
3823
3825
3826
3827
3828
3829
3831
3832
3833
3834
3835
3836
3838
3840
3841
3843
3844
3845
3846
3850
3852
3853
3856
3859
3861
3862
3864
3866
3868
3870
3871
3872
3873
3874
3875
3877
3878
3879
3880
3881
3882
3883
3885
3887
3889
3893
3894
3895
3896
3898
3899
3900
3902
3903
3904
3905
3906
3907
3910
3911
3916
3918
3919
3920
3922
3924
3926
3927
3929
3932
3933
3935
3942
3943
3947
3948
3949
3950
3956
3957
3960
3961
3965
3966
3971
3972
3973
3974
3975
3978
3979
3982
3984
3985
3986
3987
3988
3989
3990
3991
3992
3995
3996
3997
3999
4000
4003
4005
4007
4008
4010
4012
4013
4015
4017
4018
4019
4021
4022
4023
4027
4028
4031
4032
4035
4036
4038
4039
4040
4041
4045
4047
4050
4051
4053
4055
4057
4058
4062
4063
4065
4067
4070
4071
4072
4076
4079
4081
4082
4083
4084
4085
4088
4090
4091
4094
4097
4100
4104
4105
4106
4107
4109
4110
4112
4113
4114
4115
4117
4118
4120
4121
4122
4123
4126
4127
4128
4129
4131
4132
4133
4134
4135
4136
4137
4138
4142
4144
4146
4147
4150
4152
4153
4154
4156
4157
4160
4162
4163
4164
4165
4166
4168
4170
4172
4174
4176
4177
4178
4180
4181
4184
4187
4189
4191
4192
4193
4194
4195
4196
4197
4198
4199
4200
4202
4204
4206
4207
4208
4209
4210
4211
4212
4216
4217
4218
4220
4221
4222
4224
4225
4226
4227
4228
4231
4233
4236
4237
4238
4241
4243
4244
4245
4253
4254
4258
4260
4261
4265
4268
4269
4271
4273
4275
4278
4279
4281
4283
4287
4288
4289
4293
4294
4295
4296
4298
4300
4301
4303
4305
4306
4308
4309
4310
4311
4312
4317
4319
4320
4321
4322
4323
4326
4327
4330
4332
4333
4334
4335
4336
4338
4339
4340
4343
4344
4345
4347
4348
4351
4352
4354
4355
4359
4360
4364
4365
4366
4367
4368
4369
4372
4373
4374
4375
4376
4379
4380
4381
4383
4384
4385
4386
4387
4388
4391
4392
4394
4395
4396
4398
4400
4403
4407
4413
4416
4419
4420
4421
4422
4423
4428
4429
4431
4433
4437
4440
4441
4443
4444
4445
4447
4449
4451
4453
4454
4456
4460
4463
4466
4467
4468
4469
4473
4474
4476
4477
4478
4480
4482
4484
4485
4487
4489
4490
4491
4495
4497
4498
4499
4500
4502
4503
4504
4505
4506
4508
4509
4510
4512
4513
4514
4515
4516
4517
4519
4520
4521
4522
4525
4526
4528
4532
4533
4536
4538
4540
4541
4542
4543
4544
4546
4549
4550
4552
4559
4560
4561
4562
4565
4566
4567
4568
4569
4571
4573
4574
4575
4577
4578
4580
4581
4582
4584
4585
4588
4589
4591
4593
4594
4597
4598
4601
4602
4603
4604
4607
4609
4610
4611
4615
4616
4617
4620
4622
4623
4624
4627
4628
4631
4633
4636
4637
4638
4640
4641
4642
4643
4644
4645
4646
4647
4648
4649
4650
4654
4655
4656
4657
4660
4661
4662
4668
4672
4674
4675
4676
4681
4682
4683
4686
4689
4690
4691
4692
4693
4694
4695
4696
4697
4698
4702
4705
4707
4709
4711
4713
4714
4716
4718
4719
4721
4723
4724
4726
4728
4729
4733
4734
4737
4739
4740
4742
4743
4746
4747
4754
4755
4756
4758
4759
4762
4764
4766
4767
4773
4775
4776
4777
4778
4781
4783
4784
4786
4787
4788
4789
4790
4791
4792
4793
4794
4796
4798
4801
4803
4805
4808
4810
4813
4814
4815
4816
4817
4819
4821
4822
4824
4825
4827
4828
4829
4830
4831
4832
4834
4835
4838
4839
4840
4841
4842
4843
4850
4851
4852
4853
4855
4856
4860
4863
4865
4867
4868
4870
4873
4874
4875
4876
4878
4879
4880
4881
4882
4885
4886
4888
4889
4890
4891
4894
4895
4897
4899
4901
4902
4903
4905
4906
4908
4909
4912
4913
4916
4917
4918
4920
4921
4924
4925
4927
4928
4929
4933
4934
4935
4936
4938
4939
4943
4944
4945
4948
4950
4951
4952
4954
4957
4958
4960
4964
4965
4966
4967
4970
4971
4972
4973
4974
4975
4978
4979
4981
4983
4984
4985
4986
4987
4988
4989
4991
4993
4994
4996
4997
4999
5000
5001
5002
5003
5005
5007
5008
5009
5011
5012
5013
5015
5017
5018
5020
5022
5023
5024
5025
5026
5027
5028
5029
5030
5031
5032
5033
5034
5035
5039
5040
5043
5044
5046
5049
5050
5052
5053
5054
5055
5056
5057
5058
5059
5060
5063
5065
5066
5067
5068
5071
5072
5077
5078
5079
5080
5081
5083
5085
5088
5089
5090
5091
5092
5093
5094
5095
5097
5098
5101
5102
5103
5105
5106
5107
5108
5112
5113
5115
5118
5120
5121
5122
5123
5124
5125
5128
5130
5131
5132
5134
5135
5137
5138
5139
5142
5143
5144
5148
5149
5150
5151
5152
5153
5154
5156
5159
5161
5162
5163
5164
5166
5169
5170
5171
5172
5176
5178
5179
5180
5181
5182
5184
5186
5188
5189
5190
5191
5192
5194
5195
5196
5197
5198
5199
5200
5202
5203
5204
5205
5206
5208
5209
5210
5214
5215
5216
5217
5219
5220
5221
5224
5226
5230
5231
5232
5237
5240
5241
5242
5243
5244
5245
5247
5248
5251
5252
5253
5255
5256
5259
5262
5264
5265
5266
5267
5269
5271
5272
5274
5275
5276
5282
5283
5284
5285
5289
5290
5291
5292
5293
5295
5296
5297
5299
5300
5301
5302
5305
5306
5307
5308
5311
5313
5314
5317
5319
5321
5324
5327
5328
5330
5331
5333
5334
5335
5337
5338
5342
5343
5346
5347
5350
5351
5355
5356
5358
5360
5361
5362
5364
5368
5370
5371
5372
5375
5381
5383
5384
5386
5387
5388
5390
5391
5392
5394
5395
5396
5398
5400
5401
5403
5404
5407
5408
5409
5411
5412
5413
5415
5417
5420
5421
5422
5423
5424
5425
5427
5428
5429
5430
5433
5434
5435
5436
5437
5438
5439
5441
5442
5445
5446
5449
5454
5455
5456
5457
5458
5460
5463
5464
5465
5469
5471
5473
5475
5477
5478
5479
5481
5486
5487
5488
5489
5490
5492
5498
5499
5500
5502
5504
5505
5507
5508
5509
5510
5511
5512
5514
5515
5516
5517
5518
5519
5520
5527
5528
5529
5530
5531
5532
5533
5534
5537
5538
5540
5542
5543
5545
5546
5547
5548
5550
5552
5554
5555
5556
5557
5558
5559
5560
5562
5566
5567
5570
5571
5573
5575
5576
5578
5580
5581
5582
5584
5586
5587
5589
5590
5591
5594
5598
5599
5600
5601
5602
5603
5605
5607
5609
5614
5616
5619
5620
5622
5623
5624
5625
5627
5628
5633
5636
5637
5638
5641
5642
5644
5646
5650
5652
5653
5654
5656
5657
5658
5662
5663
5665
5667
5669
5670
5672
5674
5676
5677
5678
5681
5683
5684
5685
5688
5689
5691
5692
5694
5695
5697
5698
5699
5701
5702
5703
5704
5705
5706
5711
5712
5713
5715
5716
5718
5719
5722
5723
5724
5725
5726
5727
5730
5734
5736
5737
5738
5739
5740
5743
5747
5749
5751
5754
5755
5757
5759
5761
5762
5763
5764
5766
5767
5769
5771
5772
5773
5774
5775
5776
5778
5781
5782
5783
5784
5786
5788
5789
5791
5793
5794
5795
5798
5799
5800
5803
5805
5806
5809
5815
5816
5817
5818
5821
5822
5824
5827
5828
5830
5832
5833
5834
5835
5836
5837
5838
5839
5841
5842
5844
5845
5846
5848
5849
5851
5852
5853
5854
5859
5864
5870
5871
5872
5874
5876
5877
5878
5880
5881
5884
5888
5889
5890
5891
5892
5893
5895
5897
5901
5902
5903
5905
5908
5909
5910
5912
5913
5914
5915
5917
5918
5920
5923
5924
5928
5932
5934
5936
5937
5938
5941
5945
5946
5950
5952
5954
5955
5956
5957
5960
5961
5965
5966
5967
5968
5969
5970
5971
5972
5973
5974
5975
5977
5978
5979
5980
5981
5989
5991
5996
5997
5998
6001
6002
6003
6004
6005
6006
6008
6011
6013
6015
6016
6018
6021
6023
6024
6025
6026
6027
6028
6030
6033
6034
6036
6037
6038
6039
6043
6044
6045
6046
6048
6050
6052
6053
6055
6057
6058
6059
6060
6061
6062
6064
6065
6069
6070
6072
6073
6074
6075
6076
6077
6078
6079
6080
6083
6084
6085
6086
6088
6089
6091
6093
6095
6098
6099
6100
6101
6102
6105
6109
6110
6111
6112
6113
6114
6115
6116
6117
6118
6119
6120
6122
6123
6126
6128
6129
6131
6132
6133
6134
6135
6136
6137
6138
6139
6140
6141
6144
6145
6146
6147
6148
6149
6150
6152
6154
6156
6157
6158
6159
6164
6167
6169
6170
6171
6173
6174
6175
6179
6181
6183
6184
6185
6187
6188
6189
6190
6192
6194
6196
6197
6200
6203
6205
6206
6207
6211
6213
6214
6218
6220
6228
6229
6232
6235
6236
6237
6238
6239
6240
6241
6242
6243
6244
6245
6247
6248
6249
6251
6253
6262
6263
6268
6269
6272
6273
6275
6276
6277
6278
6279
6281
6283
6284
6285
6287
6290
6291
6292
6293
6294
6295
6297
6299
6300
6303
6304
6306
6307
6308
6310
6311
6312
6313
6315
6316
6317
6318
6319
6320
6322
6323
6324
6326
6328
6329
6330
6331
6336
6341
6342
6343
6344
6348
6349
6350
6353
6354
6355
6358
6361
6363
6367
6368
6369
6371
6372
6373
6374
6376
6379
6380
6382
6383
6385
6387
6388
6390
6391
6393
6397
6399
6400
6404
6405
6406
6408
6411
6413
6414
6419
6421
6423
6425
6427
6429
6431
6433
6434
6435
6438
6439
6440
6442
6443
6444
6445
6447
6448
6449
6450
6451
6452
6455
6456
6457
6461
6462
6463
6465
6466
6467
6470
6472
6474
6475
6477
6480
6481
6487
6488
6489
6490
6491
6493
6494
6496
6497
6498
6499
6501
6503
6504
6508
6510
6511
6512
6514
6516
6517
6518
6520
6523
6526
6527
6528
6529
6531
6532
6534
6535
6537
6538
6539
6540
6541
6542
6544
6546
6548
6550
6552
6553
6556
6557
6558
6559
6564
6566
6567
6568
6569
6570
6573
6578
6579
6580
6581
6582
6583
6586
6587
6590
6593
6595
6596
6597
6600
6601
6603
6605
6606
6607
6608
6609
6610
6612
6613
6615
6616
6617
6619
6621
6622
6625
6626
6627
6630
6634
6637
6638
6640
6641
6642
6646
6647
6649
6650
6651
6652
6653
6655
6656
6657
6659
6660
6661
6666
6668
6670
6671
6673
6674
6676
6677
6679
6681
6682
6684
6686
6687
6688
6689
6690
6691
6692
6694
6697
6698
6699
6700
6701
6702
6703
6704
6705
6706
6707
6708
6711
6712
6714
6715
6717
6720
6721
6723
6724
6725
6726
6728
6729
6731
6733
6734
6736
6737
6738
6739
6740
6741
6743
6744
6745
6748
6752
6753
6754
6755
6756
6758
6759
6760
6762
6763
6764
6765
6768
6771
6774
6776
6777
6778
6779
6780
6781
6783
6786
6788
6789
6790
6791
6792
6794
6795
6798
6799
6800
6801
6802
6803
6807
6808
6811
6812
6813
6815
6816
6817
6821
6822
6824
6826
6827
6829
6830
6831
6832
6833
6837
6841
6842
6844
6845
6846
6847
6848
6849
6850
6851
6853
6854
6855
6856
6857
6858
6860
6861
6862
6865
6867
6868
6870
6871
6874
6876
6880
6884
6887
6889
6890
6891
6893
6894
6897
6899
6900
6901
6902
6903
6904
6905
6906
6907
6910
6911
6915
6916
6917
6922
6924
6925
6926
6927
6928
6929
6932
6936
6937
6939
6941
6942
6950
6951
6952
6953
6954
6956
6957
6958
6959
6960
6961
6962
6963
6964
6965
6966
6971
6973
6975
6978
6979
6980
6982
6983
6984
6985
6986
6987
6988
6992
6996
6997
6999
7000
7003
7004
7005
7006
7007
7009
7010
7013
7014
7015
7019
7022
7026
7028
7029
7030
7032
7033
7035
7036
7037
7038
7040
7043
7045
7047
7049
7054
7055
7056
7058
7059
7060
7061
7064
7067
7068
7070
7071
7072
7073
7074
7077
7078
7082
7086
7087
7088
7089
7090
7093
7094
7095
7097
7098
7099
7100
7101
7102
7103
7104
7106
7107
7108
7110
7112
7116
7118
7122
7123
7124
7126
7128
7131
7132
7135
7137
7139
7141
7142
7144
7145
7148
7149
7150
7151
7154
7155
7157
7158
7160
7161
7162
7166
7174
7175
7176
7177
7180
7181
7182
7184
7185
7187
7188
7189
7191
7192
7193
7194
7196
7197
7198
7199
7200
7201
7204
7205
7206
7208
7210
7211
7212
7214
7217
7218
7219
7220
7221
7222
7226
7227
7230
7231
7232
7233
7234
7236
7239
7242
7244
7245
7247
7248
7254
7257
7260
7262
7264
7265
7267
7268
7271
7275
7276
7278
7279
7280
7284
7285
7286
7287
7288
7289
7291
7294
7296
7297
7298
7299
7300
7301
7304
7305
7306
7307
7309
7310
7311
7312
7316
7317
7318
7319
7320
7321
7322
7324
7325
7326
7330
7332
7333
7334
7336
7337
7339
7341
7342
7343
7347
7348
7349
7351
7352
7356
7358
7360
7362
7363
7365
7366
7367
7373
7376
7377
7378
7379
7382
7384
7387
7388
7392
7394
7395
7400
7401
7402
7403
7404
7406
7407
7409
7410
7411
7412
7413
7414
7415
7416
7417
7418
7420
7421
7423
7424
7426
7430
7432
7433
7434
7436
7437
7438
7439
7440
7441
7442
7447
7449
7451
7454
7456
7460
7461
7463
7464
7467
7470
7471
7472
7473
7476
7477
7478
7481
7482
7483
7488
7489
7492
7493
7497
7498
7500
7505
7510
7512
7514
7516
7520
7522
7523
7524
7526
7529
7530
7531
7532
7534
7535
7538
7539
7540
7542
7543
7544
7545
7550
7551
7554
7555
7556
7558
7559
7560
7562
7563
7564
7568
7569
7570
7573
7574
7575
7576
7578
7579
7580
7581
7584
7585
7586
7587
7588
7590
7591
7594
7596
7597
7598
7601
7602
7605
7607
7608
7609
7611
7612
7613
7623
7626
7628
7629
7631
7636
7638
7640
7641
7642
7645
7646
7647
7649
7651
7652
7653
7654
7656
7657
7661
7663
7664
7666
7668
7671
7673
7675
7676
7677
7678
7680
7681
7683
7684
7685
7686
7687
7688
7689
7690
7692
7693
7699
7700
7701
7705
7706
7708
7709
7710
7713
7714
7717
7719
7720
7721
7722
7724
7726
7727
7728
7729
7730
7734
7735
7736
7738
7739
7740
7742
7746
7747
7748
7749
7750
7751
7752
7753
7754
7755
7759
7761
7762
7763
7767
7768
7771
7772
7773
7774
7775
7781
7782
7783
7787
7788
7789
7793
7798
7799
7800
7801
7802
7803
7804
7805
7806
7807
7808
7809
7810
7811
7812
7815
7817
7818
7819
7824
7825
7826
7827
7829
7831
7832
7834
7835
7837
7838
7839
7840
7841
7842
7844
7847
7848
7849
7853
7854
7855
7857
7858
7859
7861
7862
7864
7865
7866
7871
7874
7875
7877
7878
7879
7881
7882
7883
7885
7886
7887
7888
7889
7890
7892
7894
7895
7896
7897
7904
7905
7906
7907
7910
7912
7913
7914
7917
7918
7920
7921
7922
7923
7924
7925
7926
7927
7928
7929
7930
7931
7932
7933
7934
7935
7936
7937
7940
7942
7945
7948
7949
7952
7954
7956
7958
7960
7961
7962
7963
7964
7967
7968
7971
7972
7973
7974
7975
7976
7977
7978
7980
7981
7982
7984
7985
7990
7991
7992
7996
7998
7999
8002
8004
8005
8006
8008
8010
8011
8013
8017
8018
8020
8021
8023
8025
8026
8030
8031
8032
8034
8036
8037
8038
8039
8040
8044
8049
8050
8054
8055
8056
8057
8059
8060
8063
8064
8066
8067
8071
8072
8073
8074
8076
8077
8078
8079
8080
8082
8083
8085
8086
8087
8088
8090
8095
8096
8097
8100
8101
8103
8105
8108
8112
8113
8114
8115
8116
8117
8118
8120
8121
8122
8123
8125
8126
8128
8129
8132
8134
8135
8136
8138
8139
8140
8141
8144
8145
8146
8147
8150
8151
8152
8154
8155
8157
8158
8159
8160
8162
8164
8166
8168
8170
8171
8172
8173
8179
8180
8181
8183
8184
8185
8187
8190
8194
8195
8197
8199
8201
8202
8203
8204
8206
8207
8208
8209
8211
8214
8216
8217
8218
8220
8223
8224
8227
8229
8231
8232
8233
8234
8235
8236
8237
8239
8240
8241
8243
8244
8245
8246
8249
8251
8252
8253
8255
8256
8257
8258
8259
8260
8263
8264
8265
8266
8267
8270
8272
8275
8280
8281
8282
8283
8284
8285
8287
8289
8291
8293
8297
8298
8301
8306
8308
8311
8314
8315
8316
8319
8320
8321
8322
8326
8329
8330
8332
8333
8334
8335
8336
8337
8338
8339
8340
8341
8342
8344
8345
8346
8348
8350
8351
8352
8354
8355
8357
8358
8360
8362
8364
8365
8367
8369
8370
8371
8372
8375
8377
8378
8379
8380
8386
8387
8388
8390
8391
8392
8393
8394
8395
8399
8400
8402
8403
8404
8405
8406
8409
8412
8413
8417
8418
8420
8421
8422
8423
8424
8425
8426
8428
8429
8431
8432
8434
8435
8436
8437
8438
8441
8442
8443
8444
8445
8446
8448
8449
8450
8451
8452
8453
8454
8456
8459
8462
8463
8465
8466
8467
8468
8470
8471
8472
8473
8474
8475
8476
8477
8480
8482
8483
8486
8487
8488
8489
8494
8496
8497
8498
8499
8500
8504
8505
8506
8508
8513
8515
8517
8518
8520
8521
8522
8523
8525
8526
8528
8529
8531
8532
8535
8536
8537
8538
8539
8540
8542
8544
8548
8549
8550
8551
8552
8553
8554
8556
8558
8559
8561
8562
8563
8564
8565
8566
8567
8569
8570
8571
8573
8574
8575
8576
8579
8582
8583
8585
8587
8588
8590
8591
8593
8594
8599
8602
8603
8604
8606
8608
8610
8611
8612
8613
8614
8615
8616
8617
8618
8620
8621
8623
8625
8628
8629
8630
8631
8632
8636
8637
8638
8640
8641
8642
8643
8645
8647
8648
8650
8651
8652
8654
8658
8661
8664
8665
8666
8667
8668
8671
8672
8673
8675
8677
8679
8680
8681
8683
8684
8685
8686
8687
8688
8690
8691
8692
8693
8695
8697
8698
8701
8702
8704
8705
8706
8707
8709
8710
8711
8716
8718
8719
8720
8722
8723
8724
8726
8727
8728
8729
8730
8732
8733
8734
8736
8737
8741
8742
8743
8745
8746
8747
8749
8751
8754
8755
8757
8758
8759
8760
8761
8765
8766
8767
8768
8769
8771
8772
8775
8777
8779
8781
8782
8784
8785
8786
8788
8789
8790
8791
8794
8796
8797
8798
8799
8800
8801
8802
8803
8806
8807
8809
8811
8812
8815
8816
8817
8819
8820
8821
8822
8823
8829
8830
8831
8834
8835
8836
8840
8843
8846
8847
8848
8849
8850
8851
8852
8853
8854
8855
8856
8857
8861
8862
8863
8864
8865
8866
8867
8868
8870
8871
8872
8873
8875
8876
8878
8880
8883
8884
8886
8888
8889
8890
8893
8894
8896
8897
8899
8900
8901
8902
8905
8907
8908
8909
8911
8912
8913
8914
8916
8917
8918
8919
8920
8922
8923
8924
8925
8926
8928
8933
8934
8936
8937
8938
8943
8946
8947
8949
8952
8954
8956
8958
8960
8961
8962
8965
8968
8969
8970
8971
8972
8973
8974
8975
8977
8983
8984
8986
8987
8988
8989
8990
8992
8993
8994
8995
8997
8999
9000
9001
9003
9004
9005
9006
9008
9010
9011
9012
9015
9017
9018
9019
9021
9022
9023
9025
9026
9028
9029
9030
9031
9032
9035
9038
9039
9044
9045
9046
9048
9049
9050
9054
9056
9059
9063
9064
9065
9067
9068
9069
9070
9071
9072
9074
9077
9078
9081
9082
9085
9086
9090
9092
9093
9095
9096
9097
9102
9105
9109
9110
9111
9112
9114
9116
9119
9121
9124
9125
9127
9131
9132
9133
9136
9138
9140
9144
9145
9147
9149
9150
9151
9152
9153
9154
9157
9160
9163
9166
9167
9168
9169
9170
9171
9172
9173
9177
9178
9179
9181
9182
9186
9190
9191
9192
9193
9195
9196
9198
9199
9201
9202
9203
9204
9205
9206
9207
9209
9210
9213
9214
9216
9217
9218
9219
9220
9221
9222
9224
9225
9228
9229
9232
9233
9234
9235
9237
9238
9239
9240
9241
9242
9243
9251
9252
9253
9254
9255
9256
9257
9261
9264
9266
9267
9268
9269
9271
9276
9278
9279
9282
9283
9284
9286
9287
9289
9290
9291
9292
9293
9295
9296
9297
9298
9300
9302
9303
9304
9307
9308
9309
9311
9315
9320
9321
9323
9324
9325
9327
9330
9331
9332
9333
9334
9335
9337
9338
9341
9344
9345
9346
9347
9350
9351
9353
9354
9361
9363
9367
9369
9370
9372
9374
9375
9378
9380
9382
9383
9384
9386
9390
9392
9393
9396
9398
9399
9400
9401
9403
9404
9405
9408
9410
9411
9414
9415
9416
9417
9420
9421
9422
9423
9424
9425
9426
9427
9428
9429
9430
9431
9432
9433
9437
9438
9439
9444
9446
9447
9448
9449
9450
9452
9453
9454
9456
9458
9460
9461
9462
9463
9464
9465
9467
9469
9472
9473
9474
9478
9479
9481
9483
9485
9486
9488
9489
9491
9492
9494
9496
9499
9500
9501
9502
9506
9508
9509
9510
9513
9514
9515
9518
9521
9523
9524
9525
9526
9530
9531
9533
9534
9535
9536
9537
9539
9540
9541
9542
9543
9544
9545
9547
9548
9549
9550
9553
9554
9555
9557
9560
9562
9566
9570
9571
9577
9578
9581
9582
9584
9588
9589
9590
9592
9593
9594
9595
9597
9598
9599
9601
9602
9603
9604
9606
9607
9608
9610
9611
9612
9615
9617
9618
9619
9620
9621
9623
9627
9629
9631
9633
9639
9640
9641
9644
9646
9648
9649
9650
9651
9658
9662
9664
9665
9666
9667
9668
9669
9670
9671
9676
9677
9680
9681
9683
9684
9685
9687
9688
9690
9692
9695
9698
9699
9703
9705
9708
9709
9710
9711
9712
9717
9719
9721
9723
9727
9731
9732
9734
9735
9737
9738
9739
9741
9742
9743
9747
9748
9750
9752
9753
9754
9756
9757
9759
9762
9766
9767
9771
9773
9774
9777
9778
9781
9782
9783
9786
9788
9790
9791
9792
9793
9800
9801
9802
9803
9808
9809
9810
9812
9816
9818
9820
9821
9822
9823
9825
9827
9830
9832
9839
9841
9842
9843
9846
9847
9849
9850
9852
9855
9856
9859
9860
9862
9863
9864
9865
9867
9868
9869
9871
9875
9876
9878
9880
9881
9882
9884
9885
9888
9889
9891
9892
9894
9895
9896
9897
9898
9899
9900
9901
9902
9904
9907
9909
9910
9911
9912
9913
9914
9915
9917
9919
9920
9921
9922
9925
9926
9932
9933
9935
9936
9937
9938
9939
9942
9946
9948
9949
9950
9951
9954
9956
9957
9958
9959
9962
9964
9965
9966
9968
9969
9972
9973
9974
9975
9979
9980
9981
9982
9983
9985
9986
9988
9989
9990
9991
9992
9993
9995
9996
9997
9998
9999
10000
10002
10003
10004
10005
10006
10007
10008
10009
10011
10012
10014
10015
10019
10020
10023
10025
10026
10027
10028
10029
10032
10037
10039
10040
10041
10042
10046
10047
10051
10052
10053
10054
10055
10056
10057
10059
10060
10061
10064
10065
10068
10069
10070
10071
10074
10076
10077
10078
10079
10080
10083
10085
10087
10088
10089
10094
10095
10096
10097
10099
10101
10103
10104
10105
10109
10112
10113
10114
10115
10116
10117
10118
10119
10120
10121
10122
10125
10127
10128
10129
10130
10131
10133
10135
10139
10140
10141
10143
10144
10147
10150
10151
10152
10153
10154
10155
10156
10158
10159
10160
10161
10166
10167
10169
10170
10171
10172
10174
10175
10176
10178
10182
10184
10185
10186
10187
10188
10189
10190
10191
10192
10193
10194
10195
10197
10201
10202
10203
10206
10207
10208
10209
10210
10211
10212
10213
10216
10217
10218
10219
10220
10223
10224
10226
10227
10230
10231
10233
10234
10235
10239
10240
10244
10246
10250
10251
10253
10254
10255
10256
10258
10259
10260
10264
10268
10272
10273
10274
10277
10278
10280
10282
10290
10291
10293
10294
10296
10297
10298
10302
10303
10304
10307
10309
10311
10313
10314
10317
10319
10320
10321
10322
10323
10324
10326
10327
10329
10330
10332
10333
10334
10336
10338
10339
10340
10341
10342
10343
10344
10345
10346
10352
10353
10354
10355
10358
10359
10362
10363
10365
10366
10367
10368
10369
10370
10371
10372
10374
10375
10376
10377
10378
10379
10380
10382
10383
10384
10388
10389
10391
10392
10394
10396
10397
10398
10401
10402
10407
10408
10410
10411
10412
10414
10418
10423
10424
10426
10428
10429
10431
10433
10434
10435
10436
10437
10438
10441
10442
10443
10444
10446
10447
10448
10451
10453
10454
10457
10459
10460
10461
10462
10463
10468
10469
10470
10472
10474
10475
10476
10477
10479
10480
10482
10484
10485
10486
10487
10489
10493
10498
10499
10500
10502
10503
10504
10507
10508
10509
10510
10513
10514
10515
10516
10517
10518
10520
10521
10523
10524
10525
10527
10529
10533
10536
10537
10538
10540
10541
10542
10543
10545
10546
10547
10548
10549
10550
10552
10553
10555
10556
10557
10560
10561
10562
10563
10564
10565
10567
10569
10570
10571
10574
10575
10577
10578
10580
10584
10589
10590
10593
10594
10595
10598
10599
10600
10601
10602
10603
10606
10607
10610
10611
10612
10613
10614
10616
10618
10619
10621
10622
10626
10627
10630
10631
10632
10634
10635
10636
10637
10638
10640
10641
10642
10645
10648
10650
10651
10652
10653
10655
10658
10661
10663
10664
10666
10667
10668
10669
10672
10673
10675
10677
10678
10679
10681
10682
10683
10684
10686
10687
10688
10689
10690
10692
10694
10695
10696
10697
10702
10703
10704
10707
10710
10713
10715
10716
10718
10719
10720
10721
10722
10723
10724
10726
10727
10728
10734
10735
10737
10738
10740
10741
10743
10744
10745
10746
10747
10749
10751
10753
10754
10757
10759
10762
10763
10765
10769
10770
10773
10774
10775
10776
10777
10778
10779
10781
10783
10786
10787
10789
10790
10795
10796
10797
10798
10801
10804
10806
10808
10811
10813
10815
10817
10818
10819
10820
10821
10822
10823
10824
10827
10829
10830
10831
10832
10833
10834
10835
10836
10837
10839
10843
10844
10846
10847
10848
10849
10851
10856
10857
10859
10860
10863
10864
10865
10866
10870
10872
10873
10879
10880
10881
10882
10883
10884
10885
10886
10887
10889
10890
10891
10892
10893
10894
10895
10896
10897
10899
10900
10903
10904
10906
10907
10908
10909
10911
10912
10913
10917
10918
10919
10920
10921
10923
10924
10925
10927
10928
10929
10930
10931
10932
10935
10937
10938
10939
10941
10942
10945
10946
10948
10949
10951
10952
10955
10956
10957
10958
10960
10961
10962
10964
10966
10967
10968
10970
10971
10973
10974
10977
10979
10982
10983
10986
10987
10988
10989
10990
10991
10992
10996
10997
10998
11000
11001
11003
11007
11008
11009
11010
11011
11013
11015
11020
11024
11028
11029
11031
11032
11033
11034
11035
11036
11037
11040
11042
11043
11044
11045
11046
11047
11050
11051
11052
11055
11056
11057
11058
11059
11061
11062
11067
11068
11069
11072
11073
11074
11076
11078
11083
11084
11086
11087
11090
11093
11095
11096
11097
11098
11099
11100
11101
11104
11106
11107
11109
11111
11113
11115
11116
11117
11118
11119
11120
11121
11123
11127
11128
11132
11133
11136
11137
11139
11140
11143
11144
11145
11147
11148
11149
11151
11154
11155
11156
11158
11159
11163
11164
11165
11168
11169
11170
11172
11173
11175
11176
11178
11179
11181
11182
11184
11187
11190
11192
11193
11194
11195
11196
11198
11200
11203
11206
11207
11209
11211
11212
11214
11217
11218
11219
11220
11222
11224
11225
11226
11227
11228
11230
11231
11232
11233
11236
11238
11240
11241
11242
11243
11245
11247
11249
11250
11251
11252
11254
11255
11257
11258
11259
11261
11262
11264
11265
11266
11267
11269
11270
11272
11273
11274
11277
11281
11283
11284
11285
11287
11288
11290
11294
11295
11297
11298
11299
11300
11301
11303
11304
11306
11307
11309
11310
11312
11313
11315
11317
11319
11320
11322
11323
11324
11325
11326
11328
11329
11330
11331
11332
11337
11338
11339
11340
11341
11343
11344
11345
11346
11349
11351
11353
11355
11359
11361
11366
11367
11368
11369
11372
11374
11378
11380
11381
11382
11384
11385
11387
11388
11390
11391
11392
11393
11394
11395
11397
11400
11401
11402
11403
11405
11408
11409
11411
11412
11416
11418
11420
11423
11424
11428
11429
11432
11433
11434
11437
11439
11440
11443
11445
11447
11448
11450
11451
11453
11455
11456
11457
11458
11459
11460
11461
11463
11465
11468
11470
11473
11474
11475
11477
11478
11479
11480
11483
11485
11486
11488
11489
11490
11492
11496
11501
11502
11503
11504
11505
11506
11507
11510
11512
11513
11517
11518
11519
11522
11523
11525
11528
11530
11532
11533
11534
11535
11536
11537
11539
11540
11541
11542
11547
11549
11550
11552
11554
11557
11559
11560
11561
11564
11567
11568
11569
11573
11574
11577
11580
11581
11585
11586
11587
11589
11591
11592
11593
11600
11601
11604
11605
11606
11607
11608
11609
11610
11611
11612
11613
11615
11617
11618
11619
11620
11621
11623
11624
11626
11627
11629
11632
11633
11635
11636
11637
11638
11641
11646
11647
11651
11652
11653
11654
11655
11656
11658
11660
11661
11664
11666
11667
11668
11670
11672
11676
11680
11682
11683
11684
11687
11688
11689
11690
11691
11693
11695
11697
11698
11699
11701
11704
11705
11706
11708
11709
11710
11711
11712
11714
11716
11717
11719
11720
11727
11732
11735
11736
11737
11739
11741
11742
11746
11748
11749
11750
11752
11756
11757
11759
11760
11761
11762
11766
11767
11768
11769
11770
11772
11774
11775
11776
11777
11780
11781
11782
11783
11784
11785
11786
11787
11788
11790
11791
11792
11793
11795
11796
11797
11798
11800
11801
11802
11804
11805
11806
11807
11808
11811
11812
11813
11815
11816
11817
11819
11820
11822
11823
11824
11825
11827
11828
11829
11831
11832
11833
11834
11836
11837
11838
11839
11841
11842
11843
11845
11846
11847
11848
11849
11850
11852
11853
11854
11856
11857
11858
11859
11860
11863
11864
11866
11867
11869
11870
11871
11873
11874
11875
11877
11879
11880
11883
11884
11885
11886
11887
11888
11889
11891
11892
11894
11895
11896
11897
11899
11902
11903
11906
11907
11908
11910
11911
11913
11914
11915
11917
11918
11919
11920
11922
11923
11924
11926
11928
11929
11930
11933
11936
11937
11938
11939
11940
11941
11944
11945
11946
11948
11950
11953
11954
11955
11956
11957
11960
11962
11964
11967
11968
11969
11971
11972
11973
11976
11979
11980
11981
11984
11986
11987
11988
11989
11990
11991
11992
11993
11994
11996
11997
11998
11999
12001
12003
12004
12005
12007
12008
12009
12010
12011
12012
12014
12015
12017
12019
12020
12023
12024
12025
12026
12027
12030
12031
12034
12038
12039
12040
12046
12047
12048
12049
12051
12052
12056
12057
12058
12060
12062
12063
12066
12069
12070
12071
12072
12074
12077
12079
12080
12083
12084
12085
12088
12091
12092
12093
12094
12095
12097
12101
12102
12104
12105
12106
12108
12109
12111
12112
12113
12116
12119
12120
12125
12127
12129
12131
12132
12133
12136
12137
12138
12140
12142
12144
12146
12147
12148
12150
12151
12153
12154
12155
12159
12161
12164
12167
12169
12174
12176
12177
12178
12179
12181
12183
12185
12186
12188
12189
12190
12192
12193
12198
12202
12203
12204
12205
12206
12207
12208
12210
12212
12213
12214
12215
12216
12217
12219
12220
12221
12225
12226
12227
12228
12229
12230
12231
12234
12237
12238
12240
12241
12243
12249
12251
12253
12254
12255
12256
12257
12258
12259
12261
12263
12265
12266
12269
12270
12271
12272
12273
12275
12276
12277
12280
12281
12283
12284
12286
12287
12288
12289
12290
12292
12293
12296
12299
12302
12305
12307
12308
12309
12311
12313
12315
12316
12320
12321
12325
12326
12328
12329
12332
12335
12337
12338
12339
12342
12343
12345
12346
12347
12349
12350
12352
12353
12358
12359
12360
12361
12362
12366
12367
12368
12370
12371
12373
12374
12376
12378
12379
12380
12381
12382
12383
12384
12387
12389
12393
12394
12395
12401
12403
12404
12406
12407
12409
12410
12411
12412
12414
12416
12418
12419
12420
12421
12422
12423
12424
12427
12430
12432
12433
12434
12436
12437
12438
12439
12440
12442
12444
12445
12446
12448
12449
12451
12452
12454
12455
12456
12457
12458
12460
12461
12463
12464
12465
12466
12467
12469
12471
12473
12477
12478
12479
12481
12485
12486
12490
12491
12492
12493
12494
12495
12497
12498
12499
12504
12505
12506
12508
12511
12512
12513
12514
12516
12517
12520
12521
12522
12523
12527
12528
12532
12533
12534
12536
12538
12540
12542
12543
12544
12546
12547
12548
12549
12550
12551
12552
12553
12554
12555
12556
12557
12559
12560
12562
12565
12566
12567
12569
12574
12577
12579
12584
12585
12586
12587
12589
12590
12592
12594
12595
12596
12598
12599
12601
12602
12603
12604
12608
12609
12612
12616
12620
12621
12622
12623
12627
12633
12634
12638
12639
12642
12644
12646
12647
12648
12650
12652
12657
12658
12659
12660
12661
12662
12665
12666
12667
12668
12669
12670
12674
12677
12678
12679
12680
12682
12683
12685
12686
12687
12688
12691
12693
12694
12695
12696
12697
12698
12701
12704
12705
12706
12707
12708
12710
12716
12718
12720
12721
12722
12723
12725
12726
12728
12729
12730
12732
12733
12734
12736
12737
12739
12740
12742
12743
12744
12745
12746
12748
12749
12750
12752
12753
12754
12755
12756
12758
12761
12763
12764
12765
12766
12767
12769
12771
12775
12776
12782
12783
12786
12787
12789
12790
12792
12793
12797
12799
12800
12802
12803
12805
12807
12809
12810
12811
12812
12813
12814
12815
12816
12819
12820
12823
12824
12825
12826
12827
12828
12829
12831
12832
12833
12834
12835
12837
12838
12839
12842
12844
12849
12850
12852
12853
12854
12856
12857
12859
12860
12861
12862
12864
12865
12866
12868
12869
12871
12872
12873
12874
12875
12877
12879
12880
12881
12882
12883
12885
12887
12888
12889
12890
12891
12893
12894
12896
12897
12898
12900
12902
12903
12904
12905
12908
12909
12911
12914
12916
12917
12918
12920
12922
12923
12924
12925
12927
12929
12932
12933
12936
12939
12943
12946
12948
12949
12951
12956
12957
12960
12962
12963
12965
12966
12967
12969
12970
12971
12972
12975
12977
12978
12979
12980
12984
12986
12989
12992
12995
12996
12999
13001
13002
13004
13005
13006
13007
13008
13009
13010
13011
13014
13015
13017
13019
13022
13023
13024
13025
13027
13028
13029
13030
13031
13032
13033
13034
13035
13036
13040
13042
13043
13044
13045
13046
13047
13048
13049
13050
13051
13052
13054
13056
13057
13061
13062
13063
13065
13066
13067
13068
13069
13070
13071
13072
13073
13074
13077
13078
13079
13080
13081
13082
13085
13086
13087
13088
13090
13092
13094
13095
13097
13100
13103
13104
13105
13107
13108
13109
13112
13113
13117
13119
13120
13121
13122
13123
13124
13125
13128
13129
13130
13135
13136
13137
13138
13139
13140
13141
13142
13143
13144
13146
13147
13153
13154
13155
13158
13160
13161
13162
13163
13165
13167
13168
13170
13171
13174
13175
13176
13177
13178
13179
13180
13184
13185
13186
13187
13188
13189
13192
13194
13196
13198
13199
13200
13202
13204
13205
13209
13211
13212
13214
13215
13216
13217
13219
13220
13221
13223
13224
13225
13226
13227
13229
13230
13232
13234
13236
13237
13239
13240
13241
13242
13244
13245
13246
13247
13248
13250
13251
13252
13253
13254
13255
13256
13257
13258
13260
13261
13262
13263
13268
13269
13272
13273
13274
13278
13280
13281
13283
13284
13285
13287
13288
13289
13290
13291
13293
13294
13296
13297
13299
13300
13301
13305
13306
13308
13310
13314
13315
13316
13317
13319
13320
13321
13322
13324
13325
13327
13328
13331
13332
13334
13337
13338
13339
13342
13344
13345
13350
13351
13353
13355
13356
13359
13362
13363
13366
13368
13369
13370
13371
13372
13377
13378
13379
13380
13382
13383
13384
13385
13386
13387
13388
13389
13392
13394
13395
13396
13397
13398
13399
13400
13403
13404
13405
13406
13408
13411
13417
13421
13422
13423
13424
13425
13427
13428
13429
13430
13433
13434
13436
13437
13438
13439
13440
13441
13446
13447
13448
13449
13450
13451
13453
13454
13455
13456
13457
13459
13460
13464
13465
13467
13469
13470
13472
13474
13475
13476
13477
13479
13480
13482
13483
13484
13487
13488
13491
13492
13494
13496
13497
13498
13501
13504
13506
13507
13509
13510
13511
13513
13517
13519
13520
13522
13523
13525
13526
13528
13530
13534
13535
13536
13537
13538
13540
13541
13545
13546
13548
13549
13550
13553
13555
13556
13559
13560
13565
13567
13568
13569
13570
13571
13572
13574
13578
13581
13585
13587
13588
13589
13590
13591
13593
13594
13596
13597
13599
13600
13601
13602
13604
13605
13607
13610
13612
13613
13614
13616
13617
13620
13621
13622
13623
13625
13626
13627
13631
13632
13636
13638
13639
13642
13645
13646
13648
13649
13650
13653
13654
13656
13657
13659
13660
13662
13663
13664
13665
13666
13667
13669
13670
13671
13675
13677
13680
13681
13683
13684
13687
13690
13691
13692
13694
13697
13700
13701
13702
13703
13704
13705
13706
13707
13708
13710
13712
13714
13715
13716
13718
13720
13722
13724
13725
13726
13727
13729
13732
13733
13738
13742
13747
13748
13749
13752
13754
13756
13757
13758
13759
13761
13763
13764
13765
13767
13769
13770
13771
13772
13773
13777
13779
13781
13783
13785
13789
13791
13792
13793
13795
13796
13797
13798
13800
13802
13803
13805
13807
13808
13809
13811
13812
13814
13815
13816
13817
13818
13819
13821
13824
13826
13827
13830
13831
13832
13835
13836
13838
13839
13840
13844
13845
13847
13849
13851
13853
13854
13855
13857
13859
13860
13862
13863
13866
13867
13869
13871
13875
13876
13878
13880
13881
13885
13886
13887
13888
13889
13890
13891
13892
13894
13895
13896
13897
13898
13900
13901
13902
13903
13904
13907
13910
13911
13913
13915
13916
13920
13921
13922
13924
13925
13926
13927
13929
13930
13931
13932
13935
13936
13938
13939
13941
13942
13943
13944
13946
13952
13953
13954
13956
13960
13961
13962
13963
13964
13967
13972
13973
13978
13981
13982
13984
13985
13986
13987
13989
13990
13991
13993
13994
13995
13999
14000
14004
14005
14006
14007
14010
14011
14012
14013
14014
14016
14017
14018
14019
14020
14021
14023
14024
14025
14030
14032
14035
14039
14042
14045
14047
14049
14053
14054
14055
14057
14058
14059
14060
14061
14063
14064
14066
14068
14070
14073
14074
14075
14078
14079
14081
14082
14083
14084
14086
14087
14088
14090
14092
14094
14098
14099
14100
14101
14106
14107
14108
14111
14112
14113
14114
14116
14117
14119
14121
14122
14124
14127
14128
14130
14131
14132
14133
14134
14136
14137
14138
14140
14142
14143
14144
14145
14146
14149
14151
14152
14155
14156
14158
14161
14164
14166
14169
14170
14171
14172
14173
14175
14178
14179
14180
14184
14185
14187
14188
14190
14194
14195
14196
14199
14200
14201
14202
14203
14204
14206
14207
14213
14214
14216
14218
14219
14222
14223
14225
14226
14228
14230
14231
14235
14238
14240
14242
14243
14244
14246
14247
14255
14256
14257
14258
14261
14262
14264
14269
14270
14271
14272
14276
14277
14280
14282
14285
14286
14287
14288
14289
14292
14294
14296
14297
14298
14299
14300
14301
14304
14305
14307
14308
14309
14310
14314
14315
14317
14322
14323
14324
14325
14326
14327
14328
14329
14331
14333
14335
14338
14339
14341
14343
14345
14346
14348
14349
14350
14351
14354
14356
14359
14363
14364
14365
14367
14368
14371
14373
14375
14377
14378
14379
14380
14382
14386
14387
14388
14389
14390
14391
14396
14397
14398
14399
14400
14402
14403
14406
14407
14409
14410
14412
14414
14415
14417
14418
14419
14421
14422
14423
14424
14425
14426
14427
14430
14432
14433
14435
14436
14437
14440
14441
14443
14445
14448
14449
14450
14451
14452
14454
14456
14458
14466
14467
14468
14469
14470
14473
14474
14477
14479
14480
14482
14483
14484
14486
14492
14497
14499
14500
14501
14502
14504
14505
14506
14511
14513
14516
14517
14520
14522
14524
14525
14526
14527
14528
14529
14530
14531
14533
14536
14542
14543
14544
14545
14550
14551
14552
14553
14554
14559
14560
14561
14562
14564
14565
14570
14571
14572
14573
14574
14576
14577
14578
14583
14584
14587
14590
14595
14597
14598
14600
14601
14603
14604
14607
14608
14609
14611
14612
14613
14615
14617
14619
14620
14622
14625
14626
14627
14628
14630
14631
14632
14633
14634
14636
14638
14640
14641
14642
14643
14646
14647
14648
14649
14650
14652
14653
14654
14662
14663
14665
14666
14667
14668
14669
14670
14671
14672
14676
14677
14678
14679
14682
14687
14688
14692
14693
14696
14697
14699
14700
14701
14702
14703
14704
14705
14707
14708
14709
14712
14715
14716
14718
14719
14720
14722
14723
14725
14730
14731
14733
14734
14735
14736
14741
14742
14744
14746
14751
14754
14755
14757
14758
14760
14761
14763
14764
14765
14766
14767
14768
14771
14772
14774
14775
14776
14777
14783
14785
14787
14789
14791
14796
14799
14800
14801
14802
14804
14805
14806
14808
14812
14813
14814
14815
14818
14819
14822
14825
14828
14830
14831
14833
14834
14836
14837
14838
14840
14842
14844
14846
14848
14850
14851
14852
14853
14854
14855
14856
14857
14859
14860
14861
14862
14863
14872
14873
14876
14877
14878
14880
14881
14885
14886
14887
14889
14890
14891
14893
14895
14896
14899
14902
14905
14906
14907
14908
14909
14911
14912
14913
14914
14915
14916
14917
14922
14923
14924
14926
14928
14930
14933
14934
14938
14939
14944
14945
14947
14951
14954
14955
14956
14957
14958
14959
14960
14962
14963
14964
14966
14968
14969
14970
14972
14973
14980
14981
14984
14985
14986
14988
14990
14991
14992
14994
14995
14999
15000
15001
15002
15004
15005
15006
15008
15010
15014
15015
15017
15018
15019
15022
15026
15027
15029
15030
15032
15033
15034
15035
15036
15037
15038
15039
15041
15043
15044
15045
15047
15048
15049
15051
15052
15053
15054
15055
15056
15057
15058
15059
15060
15061
15062
15063
15065
15066
15068
15070
15071
15072
15073
15076
15078
15080
15083
15085
15086
15087
15088
15089
15091
15093
15094
15098
15100
15101
15102
15103
15104
15105
15106
15110
15112
15114
15116
15118
15119
15121
15123
15124
15125
15129
15130
15131
15134
15135
15137
15139
15140
15142
15143
15145
15146
15149
15150
15154
15156
15158
15159
15162
15163
15164
15165
15166
15167
15168
15169
15170
15171
15172
15173
15174
15175
15177
15178
15180
15181
15183
15184
15185
15186
15187
15189
15190
15192
15195
15196
15198
15199
15200
15201
15203
15204
15206
15207
15208
15209
15210
15213
15214
15216
15218
15220
15221
15222
15225
15226
15227
15229
15230
15231
15232
15233
15235
15237
15238
15240
15241
15242
15244
15245
15248
15249
15250
15252
15256
15259
15262
15263
15264
15265
15266
15267
15270
15271
15272
15273
15275
15277
15278
15279
15281
15282
15283
15284
15286
15287
15289
15292
15293
15294
15295
15298
15299
15300
15302
15303
15304
15305
15307
15310
15313
15314
15315
15316
15318
15320
15323
15324
15329
15330
15332
15333
15335
15336
15338
15339
15340
15341
15342
15343
15344
15347
15348
15349
15350
15351
15352
15353
15354
15355
15361
15362
15365
15367
15369
15370
15371
15372
15373
15375
15377
15378
15380
15381
15382
15384
15385
15391
15393
15395
15398
15400
15401
15402
15403
15405
15406
15407
15408
15409
15410
15411
15414
15415
15416
15419
15420
15421
15423
15426
15427
15431
15432
15433
15434
15436
15437
15440
15441
15442
15444
15445
15448
15449
15450
15451
15452
15453
15456
15457
15458
15459
15463
15464
15465
15467
15471
15473
15478
15479
15481
15485
15488
15489
15490
15493
15495
15496
15498
15501
15503
15504
15505
15506
15510
15512
15514
15515
15516
15519
15520
15523
15529
15530
15532
15533
15534
15535
15536
15537
15538
15540
15541
15542
15543
15546
15547
15548
15551
15553
15555
15556
15557
15558
15559
15560
15561
15562
15564
15566
15569
15570
15572
15574
15575
15578
15579
15582
15583
15586
15587
15588
15589
15590
15591
15594
15595
15596
15597
15599
15600
15602
15603
15604
15607
15608
15609
15614
15616
15620
15621
15622
15623
15627
15630
15633
15634
15635
15636
15640
15641
15642
15643
15647
15648
15649
15650
15653
15654
15656
15657
15659
15660
15661
15662
15663
15664
15666
15667
15668
15673
15674
15675
15677
15678
15680
15681
15683
15684
15686
15687
15690
15692
15694
15695
15696
15698
15699
15700
15702
15704
15705
15707
15708
15712
15713
15715
15718
15721
15723
15724
15725
15726
15727
15729
15732
15734
15736
15738
15739
15740
15742
15743
15744
15745
15746
15747
15748
15754
15755
15756
15757
15759
15761
15762
15764
15765
15766
15767
15768
15769
15770
15771
15772
15773
15775
15776
15777
15779
15780
15781
15782
15783
15784
15786
15788
15790
15792
15795
15796
15797
15799
15805
15808
15809
15810
15811
15812
15817
15818
15819
15820
15821
15823
15826
15828
15829
15831
15832
15837
15839
15840
15842
15844
15845
15846
15847
15849
15852
15854
15855
15856
15859
15860
15862
15863
15864
15867
15868
15870
15871
15873
15876
15877
15878
15880
15881
15882
15883
15884
15885
15886
15887
15890
15893
15895
15897
15899
15900
15901
15903
15904
15905
15908
15910
15911
15912
15915
15917
15919
15920
15922
15923
15925
15926
15927
15930
15932
15933
15934
15936
15939
15941
15945
15947
15948
15951
15952
15953
15954
15955
15956
15957
15958
15960
15963
15964
15965
15966
15972
15974
15976
15977
15978
15980
15981
15982
15986
15987
15988
15989
15990
15991
15992
15994
15996
15997
16000
16001
16004
16006
16008
16009
16011
16012
16013
16015
16016
16018
16019
16020
16021
16023
16024
16025
16027
16028
16029
16030
16031
16033
16034
16035
16036
16037
16039
16041
16042
16043
16045
16048
16050
16051
16052
16054
16056
16058
16059
16061
16063
16064
16065
16067
16069
16072
16073
16074
16075
16077
16080
16082
16083
16085
16087
16089
16091
16096
16097
16098
16099
16100
16102
16103
16104
16106
16109
16110
16111
16112
16113
16116
16117
16118
16120
16121
16124
16125
16126
16127
16129
16130
16131
16134
16135
16139
16140
16141
16143
16144
16147
16148
16149
16150
16152
16154
16155
16158
16159
16161
16162
16164
16166
16168
16169
16170
16171
16173
16174
16176
16183
16186
16187
16190
16192
16195
16196
16200
16201
16202
16203
16205
16207
16210
16212
16213
16214
16215
16216
16221
16223
16224
16225
16227
16228
16229
16231
16232
16233
16234
16235
16236
16237
16238
16239
16241
16242
16246
16247
16248
16251
16253
16254
16259
16260
16261
16262
16263
16265
16266
16267
16269
16270
16271
16272
16273
16274
16278
16281
16284
16285
16286
16287
16288
16290
16291
16292
16295
16297
16298
16299
16300
16303
16304
16305
16306
16307
16308
16312
16313
16314
16315
16316
16318
16319
16321
16326
16328
16329
16330
16331
16332
16336
16339
16340
16341
16343
16345
16347
16349
16350
16351
16353
16357
16358
16360
16361
16362
16364
16365
16366
16369
16370
16372
16373
16374
16375
16376
16377
16380
16381
16383
16384
16385
16386
16387
16390
16391
16393
16395
16400
16401
16403
16404
16405
16406
16407
16409
16410
16411
16412
16414
16418
16419
16422
16423
16424
16425
16426
16427
16430
16432
16433
16435
16436
16437
16438
16439
16441
16442
16443
16444
16445
16446
16447
16448
16451
16452
16453
16457
16458
16459
16461
16464
16465
16466
16472
16473
16474
16477
16479
16480
16481
16482
16483
16487
16489
16492
16494
16496
16498
16500
16501
16502
16505
16507
16508
16509
16511
16512
16515
16516
16517
16518
16519
16521
16524
16529
16530
16532
16533
16534
16535
16536
16538
16540
16542
16543
16544
16546
16547
16548
16549
16550
16551
16552
16560
16563
16565
16567
16568
16569
16570
16571
16573
16576
16578
16580
16582
16584
16585
16587
16588
16589
16591
16592
16598
16599
16600
16601
16605
16606
16607
16609
16610
16613
16614
16615
16619
16620
16621
16622
16623
16624
16625
16626
16627
16628
16630
16631
16632
16633
16634
16635
16637
16638
16639
16640
16641
16642
16643
16644
16646
16647
16648
16649
16652
16653
16655
16656
16658
16659
16663
16664
16665
16666
16667
16668
16669
16670
16674
16676
16677
16679
16680
16681
16682
16684
16686
16687
16688
16691
16693
16694
16695
16696
16698
16699
16702
16703
16704
16707
16714
16716
16719
16720
16723
16725
16727
16728
16729
16730
16732
16735
16736
16737
16739
16741
16742
16743
16744
16746
16747
16748
16749
16751
16752
16755
16756
16759
16761
16762
16763
16766
16767
16769
16771
16773
16775
16777
16780
16781
16783
16784
16785
16787
16790
16791
16793
16794
16797
16801
16802
16804
16805
16806
16807
16810
16811
16812
16813
16817
16818
16819
16820
16822
16824
16825
16826
16827
16829
16832
16833
16834
16835
16836
16838
16839
16840
16841
16842
16844
16847
16851
16852
16853
16854
16856
16857
16858
16859
16860
16863
16864
16866
16867
16873
16875
16876
16878
16882
16883
16886
16887
16888
16892
16894
16896
16897
16901
16902
16906
16907
16908
16909
16910
16911
16914
16915
16916
16917
16918
16919
16923
16924
16925
16928
16929
16932
16933
16935
16937
16939
16942
16944
16946
16948
16951
16953
16956
16959
16960
16962
16963
16965
16966
16969
16970
16971
16973
16974
16976
16977
16979
16981
16982
16983
16984
16987
16990
16991
16993
16994
16995
16997
17000
17004
17005
17007
17008
17009
17010
17011
17012
17013
17014
17015
17016
17017
17018
17019
17020
17022
17023
17024
17025
17026
17028
17029
17030
17031
17032
17033
17034
17035
17037
17038
17041
17042
17043
17044
17045
17046
17047
17048
17049
17051
17052
17053
17055
17056
17058
17059
17060
17063
17064
17065
17069
17071
17072
17077
17078
17080
17081
17083
17084
17085
17086
17087
17088
17089
17090
17093
17095
17096
17098
17099
17100
17104
17107
17109
17110
17114
17116
17117
17120
17121
17124
17125
17126
17131
17132
17133
17134
17135
17136
17137
17138
17139
17141
17142
17148
17149
17151
17154
17155
17159
17163
17164
17165
17166
17168
17169
17170
17172
17173
17174
17175
17179
17183
17185
17187
17188
17189
17191
17193
17194
17195
17199
17200
17201
17202
17203
17204
17205
17206
17208
17209
17210
17211
17213
17214
17215
17216
17218
17220
17223
17226
17227
17228
17229
17230
17232
17235
17236
17237
17238
17239
17242
17244
17245
17247
17248
17249
17252
17254
17255
17257
17258
17260
17262
17263
17264
17265
17266
17268
17269
17270
17272
17274
17276
17278
17279
17282
17283
17284
17285
17287
17290
17292
17296
17299
17301
17302
17303
17306
17307
17309
17310
17311
17312
17313
17314
17315
17320
17322
17323
17324
17326
17328
17331
17335
17336
17338
17341
17343
17344
17345
17349
17350
17351
17352
17355
17356
17357
17359
17360
17361
17363
17365
17366
17367
17368
17369
17370
17371
17377
17379
17380
17381
17382
17383
17384
17387
17389
17392
17393
17395
17397
17398
17399
17400
17401
17403
17405
17406
17407
17408
17409
17410
17412
17414
17415
17420
17421
17422
17424
17426
17427
17428
17430
17432
17433
17434
17435
17436
17437
17438
17440
17441
17442
17443
17444
17446
17447
17450
17452
17453
17454
17455
17461
17462
17463
17465
17466
17467
17468
17469
17470
17474
17477
17478
17480
17483
17485
17486
17487
17490
17491
17495
17497
17499
17500
17501
17502
17503
17505
17506
17508
17509
17511
17512
17513
17514
17515
17520
17521
17523
17524
17527
17528
17530
17533
17534
17535
17536
17537
17538
17539
17541
17542
17543
17544
17546
17548
17549
17550
17551
17552
17555
17558
17563
17565
17567
17571
17573
17574
17576
17578
17582
17584
17585
17587
17588
17589
17591
17593
17596
17597
17598
17601
17603
17605
17606
17607
17609
17610
17612
17613
17614
17616
17621
17622
17624
17625
17626
17627
17629
17630
17633
17635
17636
17639
17640
17641
17642
17643
17647
17648
17649
17650
17652
17654
17656
17657
17658
17662
17663
17667
17669
17671
17672
17675
17676
17678
17680
17682
17683
17685
17687
17688
17689
17690
17692
17693
17694
17695
17697
17700
17701
17702
17704
17705
17706
17708
17709
17712
17715
17716
17717
17718
17719
17720
17721
17722
17725
17726
17727
17729
17730
17733
17734
17736
17737
17738
17739
17740
17743
17746
17748
17749
17751
17755
17756
17758
17759
17761
17762
17764
17765
17766
17767
17773
17774
17776
17777
17779
17781
17783
17784
17785
17788
17790
17791
17792
17793
17794
17797
17798
17799
17802
17803
17805
17806
17814
17816
17817
17818
17820
17823
17824
17825
17826
17827
17828
17830
17832
17834
17835
17836
17837
17838
17839
17840
17841
17842
17843
17848
17851
17852
17853
17856
17857
17860
17861
17863
17869
17870
17871
17873
17874
17875
17878
17879
17880
17881
17886
17887
17888
17889
17890
17891
17897
17898
17899
17900
17904
17906
17907
17908
17910
17913
17917
17920
17921
17924
17925
17928
17929
17933
17934
17935
17937
17938
17939
17940
17945
17947
17948
17950
17952
17953
17955
17960
17961
17962
17963
17967
17968
17970
17971
17973
17975
17976
17977
17978
17979
17980
17981
17983
17984
17985
17986
17987
17988
17990
17991
17995
17996
17997
17998
17999
18000
18004
18005
18006
18007
18009
18010
18014
18015
18017
18018
18020
18022
18023
18024
18025
18027
18028
18029
18030
18031
18032
18033
18035
18037
18038
18039
18040
18042
18044
18046
18047
18049
18052
18054
18056
18057
18059
18060
18061
18063
18064
18066
18069
18070
18072
18074
18075
18077
18078
18079
18081
18082
18084
18085
18087
18088
18089
18090
18091
18092
18093
18094
18095
18096
18097
18100
18101
18103
18104
18105
18106
18107
18108
18110
18112
18113
18114
18115
18118
18119
18120
18121
18122
18123
18127
18128
18129
18133
18135
18138
18139
18140
18142
18144
18146
18148
18151
18154
18157
18159
18160
18163
18164
18166
18167
18169
18171
18172
18173
18174
18175
18178
18179
18181
18183
18185
18186
18189
18192
18193
18194
18197
18199
18202
18203
18204
18205
18207
18210
18212
18215
18217
18218
18219
18220
18222
18223
18224
18225
18226
18227
18230
18231
18234
18235
18238
18239
18242
18243
18245
18246
18247
18249
18250
18251
18252
18253
18255
18258
18259
18260
18261
18264
18265
18266
18268
18271
18273
18274
18275
18278
18279
18280
18281
18282
18283
18284
18286
18287
18288
18289
18292
18294
18295
18296
18298
18299
18301
18303
18304
18305
18306
18307
18308
18309
18310
18311
18312
18318
18319
18320
18321
18323
18324
18325
18326
18328
18330
18331
18332
18334
18336
18337
18339
18341
18342
18343
18347
18348
18350
18351
18356
18358
18359
18361
18362
18363
18364
18365
18367
18368
18370
18371
18372
18373
18380
18383
18384
18386
18387
18388
18392
18393
18394
18395
18397
18399
18400
18402
18403
18404
18406
18407
18409
18410
18412
18413
18416
18417
18418
18419
18421
18422
18423
18424
18425
18426
18427
18430
18431
18432
18436
18438
18441
18443
18444
18445
18446
18448
18449
18450
18452
18453
18454
18455
18465
18466
18469
18471
18472
18474
18477
18478
18480
18482
18485
18490
18492
18493
18497
18498
18499
18500
18504
18506
18509
18510
18511
18512
18515
18516
18519
18521
18522
18523
18524
18525
18527
18529
18531
18536
18537
18538
18539
18540
18544
18546
18549
18550
18551
18553
18554
18555
18556
18557
18558
18560
18561
18564
18566
18567
18568
18570
18571
18577
18578
18579
18580
18581
18582
18584
18585
18586
18590
18591
18592
18593
18595
18597
18599
18600
18601
18603
18609
18610
18612
18613
18614
18617
18619
18620
18621
18626
18629
18630
18631
18632
18633
18634
18637
18638
18640
18641
18643
18644
18645
18646
18647
18649
18653
18654
18655
18659
18660
18662
18663
18664
18665
18666
18667
18668
18669
18670
18671
18672
18673
18675
18676
18678
18681
18682
18683
18686
18687
18688
18690
18691
18693
18694
18695
18696
18699
18700
18707
18708
18710
18712
18713
18714
18717
18718
18719
18722
18725
18726
18729
18730
18733
18734
18735
18739
18740
18743
18744
18745
18746
18747
18749
18751
18752
18753
18754
18757
18759
18766
18770
18772
18773
18775
18776
18777
18778
18780
18781
18782
18783
18786
18787
18788
18789
18792
18795
18797
18802
18803
18804
18806
18809
18810
18811
18813
18814
18816
18819
18820
18823
18824
18825
18830
18831
18832
18834
18837
18838
18839
18841
18842
18844
18847
18849
18850
18851
18852
18853
18856
18861
18863
18864
18865
18868
18869
18870
18871
18873
18874
18875
18876
18878
18879
18880
18881
18882
18885
18886
18887
18889
18890
18891
18892
18893
18894
18896
18897
18898
18900
18901
18902
18903
18905
18908
18910
18912
18913
18914
18917
18918
18919
18920
18926
18927
18929
18931
18932
18935
18936
18939
18942
18945
18946
18947
18951
18952
18953
18954
18955
18959
18963
18964
18967
18969
18971
18974
18976
18977
18978
18979
18980
18983
18985
18986
18987
18991
18996
18997
19001
19002
19005
19010
19011
19012
19013
19014
19015
19016
19017
19018
19019
19020
19021
19022
19023
19024
19027
19028
19029
19035
19038
19039
19040
19041
19045
19047
19048
19051
19052
19055
19056
19061
19062
19065
19067
19071
19072
19075
19076
19077
19079
19081
19082
19083
19084
19085
19086
19089
19090
19091
19092
19093
19094
19096
19097
19099
19100
19103
19104
19105
19106
19107
19110
19112
19113
19114
19115
19116
19118
19120
19121
19122
19123
19126
19128
19129
19130
19133
19134
19135
19137
19138
19139
19140
19142
19144
19145
19147
19148
19149
19150
19151
19153
19158
19159
19160
19161
19162
19164
19165
19166
19168
19169
19170
19171
19172
19173
19174
19175
19177
19180
19181
19183
19184
19186
19188
19189
19192
19193
19194
19195
19198
19199
19200
19202
19205
19206
19210
19212
19214
19218
19220
19222
19224
19225
19226
19227
19228
19229
19232
19233
19235
19236
19239
19240
19241
19245
19246
19250
19253
19254
19255
19257
19259
19260
19261
19265
19267
19268
19272
19273
19275
19277
19278
19279
19280
19282
19284
19285
19287
19288
19289
19291
19292
19293
19294
19295
19296
19297
19299
19300
19304
19308
19310
19317
19318
19320
19321
19322
19324
19325
19326
19327
19329
19332
19333
19334
19337
19338
19339
19340
19341
19342
19343
19345
19346
19347
19349
19351
19353
19360
19361
19363
19367
19369
19377
19379
19380
19381
19383
19384
19385
19387
19388
19390
19391
19395
19397
19399
19400
19404
19406
19408
19412
19413
19414
19417
19419
19423
19430
19433
19434
19435
19436
19437
19438
19439
19440
19441
19442
19445
19447
19448
19453
19455
19458
19459
19460
19461
19462
19463
19464
19465
19467
19468
19469
19471
19472
19473
19474
19475
19479
19483
19486
19487
19488
19489
19492
19494
19495
19496
19497
19499
19501
19502
19503
19504
19506
19508
19509
19511
19512
19516
19517
19518
19519
19521
19522
19523
19524
19525
19527
19529
19530
19531
19533
19534
19535
19536
19539
19546
19547
19549
19551
19552
19553
19554
19556
19558
19560
19561
19562
19564
19566
19567
19568
19569
19570
19571
19572
19575
19577
19578
19579
19580
19583
19584
19585
19586
19589
19591
19592
19595
19597
19599
19601
19603
19605
19607
19609
19611
19612
19613
19614
19616
19617
19618
19620
19621
19622
19624
19632
19634
19639
19641
19643
19645
19648
19649
19650
19652
19654
19655
19656
19657
19659
19660
19661
19662
19663
19664
19665
19667
19670
19671
19672
19675
19678
19679
19680
19681
19683
19684
19686
19689
19691
19694
19695
19698
19701
19702
19703
19705
19706
19708
19711
19715
19717
19720
19724
19725
19726
19727
19731
19732
19734
19735
19736
19737
19738
19739
19740
19741
19742
19744
19746
19749
19750
19751
19752
19753
19755
19756
19757
19758
19761
19763
19765
19766
19767
19768
19769
19770
19773
19774
19779
19780
19782
19783
19791
19792
19793
19794
19795
19797
19798
19800
19801
19802
19803
19804
19805
19806
19807
19808
19809
19811
19812
19815
19817
19818
19820
19821
19822
19823
19827
19828
19829
19830
19831
19832
19833
19835
19836
19837
19838
19841
19842
19843
19844
19846
19847
19848
19849
19851
19853
19854
19855
19856
19857
19858
19860
19861
19863
19866
19867
19869
19870
19872
19873
19874
19875
19877
19879
19880
19883
19885
19889
19892
19893
19894
19895
19896
19898
19899
19903
19904
19905
19907
19909
19910
19911
19912
19914
19915
19916
19917
19920
19921
19923
19924
19928
19929
19931
19932
19938
19941
19942
19945
19946
19947
19948
19949
19953
19955
19956
19957
19958
19959
19962
19963
19964
19967
19968
19969
19971
19973
19974
19976
19978
19979
19982
19983
19984
19985
19986
19987
19989
19991
19993
19994
19998
19999
20000
20001
20002
20004
20005
20007
20008
20009
20012
20014
20016
20017
20019
20021
20022
20024
20026
20027
20028
20029
20031
20032
20033
20035
20036
20037
20039
20041
20043
20044
20045
20046
20047
20049
20051
20052
20054
20055
20057
20059
20060
20062
20063
20065
20066
20067
20068
20071
20072
20073
20077
20078
20079
20080
20084
20085
20088
20089
20090
20091
20093
20094
20095
20097
20101
20102
20104
20111
20114
20115
20116
20119
20120
20121
20122
20123
20125
20126
20127
20128
20130
20131
20132
20133
20135
20136
20138
20145
20153
20154
20155
20157
20162
20164
20166
20167
20170
20171
20176
20177
20178
20183
20185
20186
20187
20188
20189
20191
20195
20196
20197
20198
20199
20200
20201
20202
20204
20205
20208
20209
20210
20211
20212
20215
20218
20220
20223
20224
20225
20226
20227
20228
20229
20231
20233
20236
20238
20239
20240
20241
20242
20244
20247
20248
20249
20250
20251
20252
20254
20255
20256
20257
20260
20261
20263
20264
20266
20268
20269
20270
20271
20272
20273
20275
20276
20277
20278
20281
20283
20284
20287
20291
20292
20293
20298
20299
20301
20302
20303
20306
20307
20308
20310
20313
20318
20319
20320
20325
20327
20328
20329
20331
20334
20336
20339
20340
20342
20344
20345
20346
20348
20349
20351
20352
20354
20355
20356
20358
20360
20361
20363
20364
20367
20368
20369
20371
20372
20373
20374
20375
20377
20379
20384
20386
20388
20389
20391
20394
20395
20396
20397
20399
20400
20402
20403
20405
20406
20409
20411
20413
20414
20415
20417
20420
20421
20422
20423
20427
20428
20429
20432
20436
20438
20440
20443
20444
20449
20451
20454
20455
20456
20459
20461
20462
20463
20464
20465
20469
20470
20471
20474
20475
20476
20477
20478
20479
20480
20481
20483
20484
20485
20486
20488
20489
20490
20491
20493
20498
20500
20501
20503
20504
20505
20507
20508
20509
20513
20514
20517
20519
20520
20521
20526
20527
20528
20529
20530
20532
20533
20534
20536
20538
20539
20541
20542
20543
20545
20548
20549
20550
20551
20553
20554
20555
20556
20557
20559
20560
20561
20562
20565
20568
20569
20570
20571
20572
20573
20574
20575
20576
20577
20579
20582
20587
20588
20591
20596
20597
20599
20601
20602
20603
20604
20605
20606
20608
20609
20610
20612
20614
20615
20616
20618
20619
20620
20621
20625
20626
20631
20632
20633
20634
20635
20636
20637
20638
20640
20641
20643
20644
20647
20649
20650
20651
20652
20653
20654
20656
20657
20658
20659
20661
20664
20665
20666
20669
20670
20671
20675
20677
20679
20680
20684
20685
20686
20687
20688
20690
20691
20693
20695
20699
20700
20702
20703
20705
20707
20708
20709
20711
20713
20714
20715
20717
20718
20720
20721
20722
20723
20724
20725
20726
20727
20728
20732
20733
20734
20735
20736
20738
20741
20742
20743
20744
20745
20747
20748
20749
20753
20754
20755
20757
20758
20760
20761
20763
20765
20766
20771
20773
20774
20775
20776
20777
20779
20780
20787
20791
20792
20793
20794
20797
20798
20799
20800
20801
20802
20803
20805
20806
20807
20808
20810
20811
20812
20816
20818
20820
20821
20825
20827
20829
20830
20835
20836
20837
20839
20840
20841
20843
20844
20847
20848
20850
20852
20853
20854
20855
20856
20858
20859
20860
20861
20862
20866
20868
20870
20871
20872
20873
20874
20875
20876
20881
20883
20885
20886
20887
20889
20890
20893
20894
20902
20905
20907
20909
20910
20912
20913
20914
20918
20919
20921
20923
20926
20927
20928
20930
20933
20934
20936
20938
20939
20941
20942
20947
20948
20949
20951
20954
20955
20956
20957
20958
20960
20961
20962
20963
20965
20967
20968
20970
20972
20973
20974
20975
20976
20978
20981
20982
20983
20984
20986
20989
20991
20992
20994
20995
20998
20999
21000
21002
21003
21004
21005
21006
21008
21010
21011
21012
21013
21014
21015
21016
21017
21019
21020
21021
21023
21024
21025
21027
21028
21029
21032
21034
21035
21036
21039
21041
21043
21044
21045
21047
21054
21057
21058
21060
21061
21062
21063
21064
21065
21070
21071
21072
21075
21076
21077
21078
21081
21082
21083
21084
21085
21086
21087
21088
21089
21090
21092
21094
21097
21098
21099
21100
21101
21104
21105
21107
21108
21109
21110
21111
21114
