0
1
2
3
5
6
9
10
11
12
13
14
16
19
20
21
22
23
24
26
27
28
29
31
33
34
35
37
38
40
41
42
43
44
46
50
51
52
53
54
55
57
59
60
61
62
63
64
65
67
68
69
71
72
73
74
75
76
77
78
80
81
82
83
84
85
86
87
88
89
91
92
93
94
95
96
97
99
101
102
103
105
106
107
108
110
111
113
114
115
116
117
118
119
123
124
126
129
132
135
136
139
140
141
142
143
144
147
149
153
154
156
157
158
159
160
163
165
166
169
170
171
172
173
175
176
177
178
180
181
184
186
188
190
192
193
195
198
200
201
202
203
204
205
206
207
208
209
210
211
212
213
215
217
220
222
223
225
228
230
231
232
236
237
240
241
243
245
251
253
254
255
256
258
259
260
262
265
266
267
268
269
270
271
273
276
277
278
279
282
283
284
285
286
287
288
289
292
295
296
297
298
299
300
305
307
309
311
313
316
317
318
320
321
323
324
325
326
327
328
329
330
331
333
335
337
338
339
340
343
344
345
347
351
352
354
355
357
358
359
361
363
364
365
366
367
369
373
374
375
376
377
378
379
380
381
382
383
384
385
387
389
390
391
392
393
398
399
400
401
403
405
408
409
410
411
413
415
416
417
418
420
421
423
424
427
428
429
430
431
432
434
436
439
443
445
447
450
451
453
454
455
456
457
458
459
460
461
462
464
465
466
467
471
472
473
474
476
477
478
479
480
481
482
483
484
486
487
488
490
491
493
494
496
498
499
500
502
503
504
506
507
508
509
510
511
512
513
514
517
518
519
520
521
523
525
526
527
529
532
533
535
536
537
538
540
541
545
549
550
551
554
555
559
561
562
563
565
566
568
569
570
572
576
577
579
580
581
583
584
585
588
589
590
592
593
594
595
596
597
598
600
601
603
606
607
608
609
611
612
614
615
617
618
619
622
623
624
627
628
629
630
631
633
634
635
636
637
638
640
641
642
643
644
646
649
650
651
653
654
655
656
657
658
662
663
664
666
668
669
670
673
674
675
676
677
678
680
681
682
683
684
686
690
696
697
698
699
700
701
703
705
706
707
708
709
711
712
713
714
715
716
717
719
720
721
722
723
725
728
730
734
737
738
739
740
741
742
743
745
747
748
749
751
752
753
754
755
756
757
758
759
761
764
765
768
769
771
773
774
775
776
777
778
779
780
781
782
783
784
785
786
787
788
790
791
792
793
794
795
800
801
803
804
805
806
807
808
809
810
811
812
814
815
816
817
818
820
822
823
824
825
826
829
830
833
834
836
837
838
839
840
841
842
843
846
847
848
850
851
853
855
857
858
859
860
861
862
865
866
867
868
870
873
874
875
876
878
879
883
885
886
887
888
890
891
892
894
895
897
898
899
900
903
904
907
908
909
912
914
915
916
917
918
921
922
925
928
929
930
932
933
934
935
936
937
938
941
943
946
947
948
949
950
951
954
960
961
963
965
966
967
969
970
972
973
974
975
976
977
978
979
980
984
985
987
988
989
990
991
992
993
994
996
998
1002
1003
1004
1005
1006
1008
1010
1011
1014
1015
1016
1019
1020
1021
1022
1023
1024
1026
1028
1029
1030
1031
1034
1035
1036
1037
1040
1042
1043
1046
1047
1049
1050
1051
1053
1054
1057
1058
1059
1060
1062
1063
1064
1065
1066
1067
1068
1069
1070
1072
1073
1075
1076
1078
1079
1081
1082
1085
1087
1088
1089
1090
1091
1093
1094
1096
1098
1099
1100
1104
1105
1107
1108
1109
1113
1114
1116
1117
1119
1122
1123
1124
1126
1127
1128
1129
1130
1131
1132
1133
1136
1137
1138
1139
1140
1142
1143
1144
1146
1147
1148
1149
1150
1151
1153
1154
1155
1156
1157
1158
1159
1161
1163
1164
1165
1166
1167
1168
1169
1170
1171
1173
1174
1176
1177
1179
1181
1182
1183
1184
1186
1187
1189
1190
1191
1193
1194
1195
1196
1197
1198
1199
1200
1201
1203
1204
1205
1206
1207
1211
1212
1213
1214
1215
1217
1218
1220
1221
1222
1224
1225
1227
1228
1229
1231
1233
1234
1235
1236
1237
1243
1247
1248
1250
1251
1252
1254
1255
1256
1259
1261
1262
1263
1264
1265
1266
1268
1269
1271
1272
1273
1275
1277
1278
1279
1280
1281
1283
1284
1286
1287
1288
1289
1291
1292
1294
1296
1297
1299
1300
1301
1304
1305
1306
1308
1309
1310
1312
1313
1314
1315
1316
1320
1321
1323
1324
1325
1326
1328
1331
1332
1333
1335
1337
1338
1339
1340
1341
1344
1345
1346
1347
1348
1350
1351
1352
1353
1354
1355
1356
1358
1359
1360
1361
1363
1365
1368
1370
1371
1372
1379
1380
1381
1382
1385
1386
1390
1391
1392
1393
1394
1396
1397
1399
1401
1403
1405
1406
1407
1408
1409
1410
1412
1416
1419
1421
1422
1424
1426
1427
1428
1429
1430
1431
1432
1434
1435
1436
1437
1439
1444
1445
1447
1448
1449
1451
1452
1454
1455
1456
1458
1459
1461
1463
1464
1465
1466
1467
1468
1470
1471
1473
1474
1475
1476
1477
1478
1480
1482
1483
1484
1487
1488
1490
1491
1492
1493
1495
1496
1497
1498
1499
1500
1501
1502
1503
1504
1505
1506
1507
1508
1509
1510
1511
1514
1515
1516
1517
1519
1520
1521
1522
1524
1525
1527
1531
1532
1533
1535
1537
1539
1540
1541
1542
1543
1545
1546
1547
1550
1551
1552
1553
1554
1556
1561
1562
1563
1564
1566
1567
1568
1569
1570
1571
1572
1574
1578
1579
1580
1582
1583
1584
1585
1586
1588
1590
1591
1592
1593
1594
1596
1597
1598
1600
1601
1602
1604
1605
1607
1608
1610
1611
1612
1614
1615
1617
1618
1619
1621
1622
1623
1624
1627
1628
1629
1630
1631
1632
1633
1636
1638
1641
1642
1645
1646
1648
1649
1650
1654
1655
1657
1658
1659
1660
1662
1664
1665
1666
1667
1668
1669
1670
1671
1672
1673
1674
1676
1680
1683
1684
1685
1686
1687
1688
1689
1690
1691
1692
1693
1696
1697
1698
1701
1702
1704
1705
1706
1709
1710
1711
1712
1713
1716
1717
1718
1719
1720
1721
1722
1724
1725
1726
1731
1735
1736
1737
1740
1741
1742
1743
1744
1745
1747
1748
1749
1750
1751
1753
1754
1757
1758
1760
1761
1763
1764
1767
1771
1773
1774
1775
1776
1778
1779
1780
1783
1786
1787
1788
1795
1797
1798
1799
1801
1803
1805
1809
1810
1811
1813
1815
1816
1817
1818
1819
1820
1821
1823
1825
1826
1827
1828
1829
1830
1831
1832
1834
1836
1837
1838
1839
1842
1843
1845
1846
1847
1848
1849
1850
1851
1853
1854
1855
1857
1858
1859
1860
1861
1862
1863
1865
1866
1867
1868
1869
1870
1873
1877
1878
1879
1880
1881
1882
1883
1885
1886
1889
1890
1892
1893
1894
1896
1897
1898
1900
1901
1902
1903
1904
1905
1906
1907
1908
1909
1910
1911
1912
1913
1914
1917
1918
1920
1921
1922
1924
1925
1926
1928
1929
1930
1931
1933
1934
1935
1936
1938
1939
1940
1941
1942
1943
1944
1945
1947
1948
1949
1951
1952
1953
1954
1955
1956
1957
1958
1959
1960
1961
1962
1964
1965
1967
1968
1969
1971
1972
1973
1974
1975
1976
1977
1978
1980
1981
1983
1984
1985
1986
1988
1991
1994
1995
1996
1997
1998
1999
2002
2003
2006
2007
2008
2009
2010
2011
2015
2016
2017
2018
2021
2022
2023
2024
2025
2026
2027
2029
2030
2031
2032
2036
2037
2038
2039
2040
2041
2042
2043
2044
2046
2048
2049
2051
2052
2054
2055
2058
2059
2060
2061
2065
2069
2070
2071
2072
2073
2074
2075
2077
2078
2080
2081
2083
2084
2085
2086
2087
2088
2091
2092
2093
2095
2098
2099
2101
2102
2104
2105
2106
2107
2110
2111
2112
2113
2115
2116
2117
2119
2121
2122
2123
2125
2126
2127
2128
2129
2131
2135
2137
2138
2140
2142
2144
2146
2147
2149
2150
2152
2153
2154
2155
2158
2159
2160
2161
2163
2164
2165
2167
2168
2169
2170
2172
2173
2176
2178
2179
2181
2182
2184
2187
2188
2189
2190
2191
2193
2194
2196
2197
2198
2199
2201
2203
2204
2205
2207
2208
2209
2211
2212
2214
2215
2216
2217
2218
2220
2222
2224
2225
2226
2227
2228
2229
2230
2232
2234
2235
2236
2237
2238
2239
2240
2242
2243
2244
2245
2246
2248
2250
2251
2252
2253
2255
2257
2259
2260
2261
2265
2266
2267
2268
2269
2273
2276
2277
2280
2282
2283
2284
2286
2289
2291
2292
2293
2294
2295
2296
2298
2299
2300
2301
2302
2303
2305
2306
2308
2311
2314
2315
2316
2317
2318
2319
2321
2323
2325
2326
2327
2329
2330
2331
2332
2334
2335
2336
2337
2338
2341
2345
2346
2347
2348
2349
2350
2352
2354
2355
2356
2358
2359
2360
2364
2365
2366
2368
2369
2370
2372
2373
2376
2377
2378
2379
2380
2381
2382
2383
2385
2386
2388
2389
2390
2391
2392
2393
2394
2397
2398
2400
2401
2403
2405
2407
2408
2409
2411
2412
2413
2414
2417
2418
2419
2420
2422
2423
2424
2425
2427
2428
2429
2430
2431
2432
2433
2434
2435
2436
2437
2438
2439
2440
2445
2446
2448
2449
2451
2453
2454
2456
2458
2459
2461
2465
2469
2470
2471
2473
2475
2476
2477
2479
2481
2483
2486
2487
2488
2489
2491
2493
2494
2496
2497
2498
2500
2501
2502
2503
2504
2506
2507
2508
2509
2510
2511
2512
2513
2514
2515
2516
2517
2518
2519
2522
2524
2525
2526
2527
2528
2529
2530
2531
2532
2533
2534
2535
2536
2537
2538
2540
2541
2542
2543
2544
2546
2547
2549
2550
2551
2552
2555
2556
2558
2559
2560
2561
2563
2564
2567
2568
2569
2571
2572
2574
2575
2577
2578
2581
2584
2585
2586
2588
2589
2590
2591
2592
2593
2594
2595
2597
2598
2599
2600
2601
2602
2603
2604
2606
2607
2608
2609
2615
2616
2617
2619
2621
2622
2623
2624
2625
2628
2630
2631
2632
2633
2636
2639
2640
2641
2642
2643
2644
2645
2646
2647
2648
2649
2650
2651
2654
2655
2656
2657
2659
2663
2664
2665
2666
2669
2670
2671
2673
2674
2676
2678
2679
2680
2682
2686
2688
2689
2690
2691
2692
2693
2694
2695
2697
2698
2699
2700
2703
2705
2707
2709
2710
2713
2714
2715
2716
2717
2718
2719
2720
2722
2724
2726
2727
2728
2729
2733
2734
2735
2736
2739
2742
2745
2748
2752
2753
2755
2756
2757
2758
2762
2763
2764
2765
2766
2767
2768
2769
2770
2771
2772
2773
2774
2775
2778
2781
2784
2785
2786
2787
2788
2789
2791
2792
2793
2794
2795
2796
2798
2801
2804
2806
2807
2808
2809
2810
2813
2815
2817
2818
2821
2822
2823
2825
2826
2829
2830
2832
2833
2835
2836
2837
2839
2840
2841
2843
2844
2845
2849
2850
2851
2853
2854
2855
2856
2857
2858
2859
2860
2861
2862
2863
2864
2865
2866
2867
2868
2870
2873
2874
2875
2876
2880
2881
2884
2885
2887
2889
2890
2895
2896
2898
2899
2903
2906
2907
2908
2910
2911
2912
2914
2916
2918
2920
2921
2923
2924
2925
2928
2929
2930
2932
2933
2934
2935
2936
2937
2938
2940
2941
2943
2944
2947
2948
2949
2950
2951
2952
2954
2955
2956
2957
2958
2959
2960
2961
2963
2964
2967
2968
2969
2971
2972
2974
2975
2976
2977
2978
2979
2980
2981
2982
2983
2984
2985
2986
2989
2990
2991
2992
2994
2997
2998
2999
3000
3001
3004
3005
3006
3007
3008
3009
3010
3012
3014
3017
3018
3020
3021
3022
3024
3026
3027
3029
3030
3031
3032
3034
3035
3037
3038
3039
3041
3043
3044
3046
3047
3048
3049
3050
3051
3052
3053
3056
3057
3058
3059
3060
3063
3065
3067
3069
3071
3072
3073
3077
3078
3079
3080
3081
3082
3083
3084
3087
3088
3089
3090
3091
3092
3093
3094
3095
3096
3097
3098
3100
3102
3103
3108
3109
3111
3112
3114
3115
3116
3117
3119
3120
3121
3122
3124
3125
3126
3127
3128
3129
3130
3132
3133
3134
3135
3136
3139
3141
3143
3144
3146
3148
3149
3150
3151
3152
3153
3155
3156
3157
3158
3159
3160
3161
3162
3164
3166
3167
3169
3170
3172
3173
3174
3176
3177
3178
3180
3182
3183
3184
3185
3186
3187
3188
3189
3190
3191
3192
3193
3194
3195
3197
3198
3199
3201
3203
3205
3207
3209
3210
3211
3213
3214
3215
3217
3218
3220
3221
3222
3223
3225
3226
3227
3228
3231
3232
3233
3234
3235
3236
3239
3242
3244
3246
3247
3248
3250
3252
3254
3257
3259
3261
3262
3263
3264
3265
3267
3268
3269
3270
3271
3272
3273
3274
3275
3276
3278
3279
3280
3281
3282
3283
3284
3286
3288
3292
3294
3295
3297
3298
3299
3300
3301
3302
3303
3304
3305
3308
3309
3311
3312
3313
3315
3316
3318
3319
3321
3323
3324
3329
3333
3334
3335
3336
3337
3338
3339
3340
3341
3342
3343
3344
3346
3348
3349
3350
3351
3352
3353
3355
3357
3359
3360
3361
3362
3363
3364
3365
3366
3368
3370
3371
3373
3375
3376
3379
3380
3382
3385
3386
3388
3389
3390
3391
3392
3394
3395
3396
3397
3398
3400
3401
3402
3403
3405
3406
3407
3409
3410
3414
3417
3418
3419
3420
3421
3424
3425
3426
3427
3428
3429
3431
3433
3434
3435
3436
3438
3440
3441
3442
3443
3444
3445
3446
3447
3448
3449
3450
3453
3455
3458
3461
3462
3463
3464
3465
3466
3467
3470
3471
3472
3473
3474
3475
3476
3477
3478
3479
3483
3485
3486
3487
3490
3491
3492
3493
3494
3496
3498
3500
3501
3502
3503
3505
3507
3508
3513
3514
3515
3516
3518
3519
3522
3523
3524
3525
3526
3531
3532
3533
3536
3537
3538
3539
3541
3544
3545
3546
3548
3550
3551
3554
3555
3558
3562
3563
3564
3565
3566
3568
3569
3570
3571
3573
3576
3577
3578
3579
3580
3581
3584
3585
3587
3588
3589
3590
3591
3592
3594
3596
3597
3599
3600
3602
3603
3604
3607
3608
3610
3612
3613
3615
3616
3620
3621
3622
3623
3624
3626
3627
3630
3631
3634
3637
3638
3641
3643
3645
3646
3648
3649
3651
3652
3653
3654
3655
3656
3657
3658
3659
3660
3661
3662
3663
3664
3665
3667
3669
3670
3671
3672
3675
3676
3677
3679
3680
3682
3683
3684
3685
3686
3687
3688
3689
3690
3693
3694
3695
3697
3698
3699
3700
3701
3702
3703
3705
3706
3708
3709
3710
3711
3712
3713
3714
3716
3717
3718
3719
3722
3726
3727
3729
3731
3734
3735
3736
3737
3738
3739
3740
3741
3742
3743
3744
3746
3748
3750
3753
3754
3755
3756
3758
3760
3762
3764
3765
3766
3767
3768
3769
3770
3773
3774
3777
3778
3779
3780
3781
3782
3784
3785
3786
3787
3788
3790
3791
3792
3793
3794
3795
3796
3798
3802
3803
3804
3805
3806
3807
3812
3814
3815
3816
3820
3821
3822
3826
3828
3829
3830
3833
3834
3835
3837
3839
3840
3841
3843
3844
3845
3847
3848
3849
3850
3851
3853
3856
3858
3859
3861
3862
3863
3864
3865
3866
3867
3868
3869
3870
3871
3872
3874
3876
3878
3881
3882
3883
3884
3885
3886
3888
3889
3890
3892
3895
3896
3897
3898
3900
3901
3902
3903
3904
3907
3908
3910
3911
3913
3914
3915
3916
3917
3918
3919
3920
3921
3922
3923
3924
3926
3929
3931
3932
3933
3934
3936
3937
3938
3939
3940
3941
3942
3943
3944
3945
3946
3947
3948
3949
3951
3952
3954
3957
3958
3961
3964
3965
3966
3967
3969
3971
3972
3973
3974
3975
3976
3977
3978
3979
3980
3981
3982
3984
3985
3986
3988
3989
3991
3992
3994
3995
3997
3998
3999
4000
4003
4004
4005
4006
4007
4010
4011
4012
4013
4015
4016
4017
4018
4019
4020
4021
4023
4025
4027
4028
4029
4031
4032
4035
4036
4037
4039
4041
4043
4044
4045
4046
4048
4050
4051
4052
4054
4055
4056
4057
4062
4063
4064
4065
4068
4069
4073
4074
4075
4078
4079
4081
4082
4084
4085
4087
4088
4089
4090
4091
4094
4098
4099
4100
4101
4102
4104
4106
4108
4109
4110
4112
4113
4115
4117
4118
4119
4121
4124
4125
4126
4127
4128
4129
4132
4133
4134
4136
4137
4138
4139
4141
4142
4143
4144
4145
4146
4147
4150
4151
4152
4153
4154
4155
4156
4158
4160
4161
4162
4163
4165
4166
4167
4168
4172
4174
4175
4176
4178
4179
4180
4181
4187
4189
4190
4191
4192
4193
4194
4196
4197
4198
4199
4200
4202
4203
4204
4206
4209
4210
4211
4214
4215
4216
4218
4219
4220
4221
4222
4223
4226
4230
4231
4233
4235
4236
4237
4240
4241
4242
4243
4244
4245
4246
4251
4253
4254
4255
4256
4257
4258
4260
4261
4264
4266
4267
4268
4269
4271
4272
4273
4274
4275
4276
4277
4279
4281
4283
4286
4287
4288
4289
4290
4294
4296
4298
4299
4300
4302
4303
4304
4305
4306
4308
4309
4310
4311
4312
4313
4314
4315
4316
4318
4319
4320
4321
4322
4323
4324
4325
4326
4327
4329
4330
4331
4332
4333
4335
4336
4337
4338
4339
4340
4341
4342
4344
4345
4346
4347
4350
4351
4352
4353
4354
4355
4358
4359
4360
4361
4362
4363
4364
4365
4366
4368
4369
4370
4371
4372
4373
4374
4375
4376
4379
4380
4381
4382
4383
4384
4387
4388
4390
4391
4393
4394
4395
4396
4398
4399
4400
4402
4403
4405
4407
4408
4409
4411
4413
4416
4417
4419
4420
4421
4422
4426
4427
4428
4430
4431
4432
4433
4435
4436
4438
4440
4441
4442
4443
4446
4447
4450
4452
4453
4454
4455
4456
4460
4461
4462
4463
4465
4466
4468
4470
4473
4475
4477
4478
4479
4480
4481
4483
4484
4486
4488
4489
4490
4491
4492
4494
4495
4496
4497
4498
4499
4500
4501
4504
4505
4506
4509
4510
4511
4512
4513
4516
4521
4522
4523
4524
4525
4528
4529
4530
4531
4532
4533
4535
4536
4537
4538
4539
4540
4542
4543
4544
4546
4548
4549
4550
4551
4552
4553
4554
4556
4557
4558
4559
4560
4561
4562
4563
4565
4567
4568
4569
4570
4571
4572
4573
4574
4575
4577
4578
4579
4580
4581
4583
4584
4585
4586
4588
4589
4590
4591
4593
4595
4596
4597
4598
4600
4601
4602
4603
4604
4605
4606
4609
4611
4612
4613
4615
4616
4617
4618
4620
4621
4623
4624
4627
4628
4629
4630
4631
4634
4635
4636
4637
4638
4639
4640
4641
4643
4644
4647
4649
4650
4651
4652
4653
4656
4657
4659
4660
4662
4669
4670
4671
4672
4673
4674
4675
4677
4678
4679
4680
4683
4684
4685
4686
4689
4692
4693
4694
4696
4697
4698
4700
4701
4702
4703
4704
4705
4706
4707
4708
4709
4710
4712
4713
4714
4718
4719
4721
4722
4726
4727
4728
4729
4730
4732
4733
4734
4735
4736
4737
4738
4739
4740
4742
4744
4746
4747
4749
4750
4751
4752
4753
4755
4760
4761
4762
4763
4764
4766
4768
4769
4773
4774
4777
4778
4780
4781
4783
4784
4785
4788
4789
4790
4792
4793
4794
4795
4796
4797
4799
4801
4802
4803
4805
4806
4807
4814
4815
4817
4818
4819
4821
4822
4824
4825
4826
4828
4829
4830
4832
4833
4834
4836
4837
4838
4840
4842
4844
4845
4846
4847
4848
4849
4851
4852
4853
4855
4856
4857
4858
4859
4860
4861
4862
4863
4864
4865
4866
4868
4869
4873
4875
4876
4878
4879
4880
4881
4885
4886
4888
4889
4890
4891
4892
4893
4896
4897
4899
4901
4904
4905
4906
4907
4908
4909
4910
4912
4913
4914
4915
4916
4917
4919
4922
4923
4924
4927
4928
4929
4934
4936
4937
4938
4939
4940
4942
4943
4944
4945
4946
4947
4951
4954
4956
4959
4960
4961
4963
4965
4966
4967
4970
4971
4974
4976
4977
4980
4981
4983
4984
4985
4986
4987
4988
4989
4991
4992
4993
4994
4995
4996
4997
4998
5000
5001
5002
5003
5005
5006
5007
5008
5010
5012
5013
5014
5018
5019
5020
5021
5022
5025
5026
5027
5028
5029
5030
5031
5032
5033
5034
5036
5038
5039
5040
5041
5044
5046
5048
5050
5051
5052
5053
5054
5056
5057
5059
5063
5064
5066
5067
5069
5070
5071
5072
5073
5074
5075
5077
5078
5079
5080
5081
5083
5086
5088
5089
5091
5092
5093
5095
5097
5098
5099
5100
5101
5102
5103
5105
5106
5108
5110
5111
5112
5113
5114
5115
5117
5121
5122
5123
5125
5126
5128
5130
5131
5132
5133
5136
5137
5139
5141
5142
5143
5144
5146
5147
5148
5149
5151
5152
5153
5154
5155
5156
5157
5158
5163
5164
5165
5166
5168
5169
5170
5172
5173
5176
5177
5179
5180
5181
5183
5184
5185
5186
5187
5188
5189
5190
5191
5192
5193
5194
5195
5196
5197
5199
5200
5201
5208
5209
5210
5211
5213
5214
5215
5216
5217
5218
5219
5221
5222
5224
5225
5226
5227
5228
5230
5231
5232
5234
5235
5236
5238
5240
5242
5243
5245
5247
5248
5249
5250
5251
5252
5253
5256
5257
5258
5259
5260
5261
5262
5263
5264
5266
5267
5271
5272
5274
5275
5278
5279
5280
5281
5282
5284
5285
5287
5290
5291
5292
5293
5294
5295
5296
5297
5298
5300
5301
5302
5304
5306
5307
5308
5310
5311
5313
5315
5316
5317
5318
5319
5321
5322
5323
5324
5325
5326
5327
5328
5329
5330
5331
5332
5335
5336
5337
5339
5341
5342
5343
5344
5345
5346
5347
5349
5350
5352
5353
5356
5359
5360
5361
5362
5363
5364
5365
5366
5368
5370
5371
5373
5374
5375
5377
5378
5379
5381
5382
5383
5384
5386
5387
5388
5389
5392
5393
5394
5395
5396
5397
5399
5400
5401
5402
5403
5404
5406
5407
5409
5410
5411
5412
5413
5415
5416
5418
5420
5423
5425
5426
5427
5429
5430
5431
5432
5433
5434
5435
5437
5439
5441
5443
5444
5446
5448
5449
5450
5454
5455
5456
5458
5459
5460
5461
5463
5464
5465
5469
5470
5471
5472
5473
5474
5475
5476
5477
5479
5480
5481
5482
5483
5485
5486
5487
5488
5489
5490
5493
5495
5496
5497
5498
5499
5500
5504
5507
5508
5509
5511
5512
5513
5514
5515
5520
5522
5524
5526
5528
5529
5533
5534
5536
5537
5538
5539
5540
5542
5543
5545
5547
5548
5549
5550
5551
5552
5553
5554
5555
5556
5557
5558
5559
5560
5561
5563
5565
5566
5567
5568
5569
5570
5572
5575
5576
5577
5578
5579
5580
5581
5583
5584
5586
5587
5588
5589
5591
5592
5594
5596
5598
5599
5601
5602
5603
5604
5605
5607
5608
5609
5610
5614
5616
5617
5619
5620
5622
5623
5626
5627
5629
5631
5636
5638
5641
5643
5646
5649
5652
5653
5656
5657
5658
5660
5661
5662
5663
5664
5665
5667
5671
5673
5674
5678
5680
5681
5683
5685
5687
5688
5690
5691
5693
5694
5695
5696
5697
5698
5701
5702
5703
5704
5705
5706
5708
5709
5711
5712
5713
5718
5719
5720
5721
5722
5724
5725
5726
5727
5728
5731
5733
5734
5735
5736
5737
5738
5739
5740
5741
5742
5743
5744
5746
5747
5749
5750
5751
5753
5754
5755
5756
5757
5759
5761
5762
5766
5767
5768
5769
5771
5772
5773
5774
5775
5778
5779
5780
5781
5782
5783
5784
5786
5787
5788
5789
5790
5791
5793
5794
5795
5796
5798
5799
5801
5802
5803
5804
5805
5806
5808
5809
5812
5813
5814
5817
5818
5820
5821
5822
5824
5825
5827
5829
5830
5832
5833
5834
5837
5838
5839
5840
5841
5842
5844
5845
5847
5848
5849
5852
5853
5854
5858
5859
5860
5862
5863
5867
5868
5870
5871
5872
5873
5874
5875
5876
5877
5879
5880
5881
5882
5883
5884
5886
5889
5890
5891
5892
5893
5895
5897
5899
5901
5902
5904
5905
5906
5907
5908
5910
5912
5913
5914
5915
5917
5918
5919
5921
5922
5923
5926
5927
5929
5930
5931
5932
5934
5935
5936
5938
5939
5941
5943
5945
5947
5951
5952
5954
5955
5956
5959
5961
5962
5966
5967
5968
5969
5970
5971
5972
5973
5974
5975
5976
5977
5978
5979
5980
5981
5982
5985
5987
5989
5990
5991
5994
5995
5996
5997
5998
5999
6001
6003
6004
6006
6007
6008
6010
6011
6012
6013
6016
6020
6021
6023
6025
6026
6028
6029
6030
6031
6032
6034
6035
6036
6037
6038
6039
6041
6044
6045
6046
6047
6048
6049
6050
6051
6052
6053
6056
6057
6058
6059
6060
6062
6064
6065
6068
6069
6071
6072
6073
6074
6076
6077
6078
6079
6080
6081
6083
6084
6086
6087
6089
6090
6091
6093
6095
6097
6100
6101
6104
6105
6107
6110
6111
6112
6113
6114
6115
6116
6117
6118
6119
6120
6121
6123
6125
6126
6128
6129
6130
6131
6132
6133
6134
6140
6141
6142
6143
6144
6145
6147
6148
6149
6150
6151
6152
6153
6154
6156
6157
6158
6160
6161
6162
6163
6164
6165
6166
6171
6173
6175
6178
6179
6181
6183
6185
6187
6188
6190
6191
6192
6193
6194
6196
6197
6198
6199
6200
6201
6202
6203
6204
6205
6206
6207
6208
6209
6210
6212
6215
6216
6217
6218
6219
6220
6221
6222
6223
6225
6227
6228
6229
6230
6232
6233
6234
6235
6236
6238
6239
6240
6242
6243
6244
6245
6247
6248
6249
6250
6252
6253
6254
6256
6257
6259
6261
6262
6263
6264
6266
6267
6268
6269
6271
6272
6273
6275
6277
6278
6279
6280
6281
6282
6283
6284
6287
6290
6291
6292
6293
6294
6295
6296
6297
6298
6299
6300
6301
6303
6304
6306
6307
6308
6310
6311
6312
6313
6314
6315
6316
6317
6318
6319
6320
6321
6322
6323
6324
6325
6327
6328
6329
6330
6331
6332
6334
6335
6336
6337
6339
6340
6341
6342
6343
6344
6345
6347
6349
6352
6353
6354
6355
6356
6357
6358
6359
6360
6362
6363
6364
6366
6368
6370
6371
6372
6373
6374
6375
6376
6377
6378
6379
6380
6381
6382
6383
6385
6386
6387
6388
6389
6391
6393
6394
6395
6396
6397
6398
6399
6400
6401
6402
6404
6405
6407
6408
6409
6410
6411
6415
6417
6418
6419
6420
6421
6423
6424
6425
6426
6429
6431
6432
6433
6434
6437
6438
6439
6440
6441
6444
6445
6447
6448
6450
6451
6454
6455
6458
6459
6461
6462
6463
6464
6465
6466
6467
6468
6470
6471
6472
6473
6474
6475
6477
6479
6480
6481
6482
6483
6484
6485
6486
6487
6488
6489
6490
6493
6494
6495
6497
6498
6501
6502
6503
6504
6506
6508
6509
6510
6511
6512
6514
6516
6517
6518
6519
6522
6523
6524
6525
6527
6528
6529
6532
6533
6535
6536
6538
6539
6540
6541
6542
6543
6544
6546
6547
6548
6549
6550
6554
6555
6556
6557
6558
6559
6560
6562
6564
6565
6566
6568
6569
6571
6572
6573
6577
6578
6579
6580
6581
6582
6583
6584
6585
6586
6587
6590
6593
6595
6596
6597
6598
6600
6601
6603
6605
6606
6607
6608
6611
6612
6613
6614
6615
6616
6617
6618
6621
6622
6625
6628
6630
6632
6633
6634
6635
6636
6638
6639
6640
6641
6642
6643
6644
6645
6646
6649
6650
6651
6652
6653
6654
6656
6657
6658
6659
6661
6662
6663
6664
6665
6667
6668
6669
6670
6671
6673
6675
6677
6678
6679
6680
6682
6684
6687
6688
6689
6690
6691
6692
6693
6697
6698
6699
6701
6702
6703
6704
6705
6706
6707
6708
6709
6710
6711
6715
6716
6717
6720
6722
6724
6725
6726
6728
6729
6730
6731
6732
6733
6734
6736
6737
6738
6739
6741
6742
6744
6748
6749
6750
6751
6753
6754
6755
6757
6758
6759
6760
6762
6765
6766
6767
6768
6770
6771
6772
6774
6775
6776
6777
6778
6779
6780
6781
6782
6785
6786
6787
6788
6791
6792
6793
6794
6795
6798
6799
6800
6801
6802
6803
6804
6805
6806
6807
6808
6810
6811
6812
6814
6815
6816
6817
6818
6819
6822
6823
6824
6826
6827
6828
6829
6830
6831
6833
6834
6836
6837
6838
6839
6841
6843
6845
6846
6847
6848
6849
6850
6851
6853
6854
6856
6857
6858
6860
6861
6862
6863
6864
6865
6866
6868
6869
6871
6872
6877
6878
6879
6881
6884
6885
6886
6887
6891
6892
6893
6894
6895
6896
6897
6899
6900
6901
6902
6903
6904
6908
6909
6910
6912
6915
6917
6918
6919
6921
6922
6923
6924
6925
6926
6929
6930
6931
6932
6933
6934
6936
6939
6940
6941
6942
6944
6945
6949
6950
6951
6952
6953
6954
6955
6956
6957
6958
6959
6961
6963
6964
6965
6966
6968
6970
6971
6972
6973
6974
6975
6977
6978
6979
6980
6981
6982
6983
6985
6986
6987
6988
6989
6992
6993
6995
6997
6998
6999
7001
7003
7005
7006
7007
7009
7014
7016
7019
7020
7021
7023
7024
7026
7027
7028
7029
7031
7032
7033
7034
7035
7036
7037
7038
7040
7041
7043
7044
7046
7048
7049
7050
7051
7054
7055
7056
7057
7059
7060
7061
7062
7064
7067
7068
7071
7072
7073
7074
7075
7077
7078
7079
7081
7083
7084
7085
7086
7087
7088
7089
7090
7091
7093
7094
7095
7098
7099
7100
7101
7102
7104
7105
7106
7107
7108
7109
7110
7111
7112
7113
7114
7115
7117
7118
7119
7120
7122
7123
7124
7126
7127
7128
7131
7133
7134
7136
7137
7140
7142
7143
7144
7147
7148
7149
7150
7151
7154
7156
7158
7160
7162
7166
7168
7169
7170
7172
7173
7175
7177
7178
7179
7180
7181
7182
7183
7184
7185
7186
7187
7190
7192
7194
7197
7198
7199
7200
7201
7203
7204
7205
7209
7210
7211
7212
7214
7216
7218
7220
7221
7222
7223
7224
7226
7229
7230
7231
7232
7234
7235
7236
7237
7239
7241
7242
7243
7244
7247
7249
7250
7252
7253
7254
7256
7257
7259
7260
7261
7262
7264
7265
7267
7269
7271
7274
7276
7277
7278
7279
7281
7282
7283
7284
7286
7287
7288
7289
7290
7292
7294
7296
7298
7300
7301
7302
7303
7304
7305
7306
7307
7309
7310
7311
7312
7313
7315
7316
7317
7318
7319
7321
7322
7323
7324
7325
7326
7331
7332
7333
7334
7335
7336
7337
7338
7340
7341
7343
7344
7346
7347
7349
7350
7351
7352
7355
7356
7358
7359
7360
7361
7362
7363
7365
7367
7368
7371
7373
7376
7377
7378
7380
7381
7382
7384
7385
7387
7388
7389
7390
7391
7392
7395
7396
7398
7399
7400
7401
7402
7403
7404
7406
7407
7408
7409
7410
7412
7413
7414
7416
7417
7421
7423
7426
7427
7429
7431
7434
7436
7437
7438
7439
7441
7442
7443
7444
7445
7448
7449
7450
7451
7453
7455
7456
7457
7460
7461
7462
7463
7469
7470
7471
7472
7475
7477
7478
7479
7481
7482
7484
7485
7486
7488
7490
7492
7494
7495
7496
7497
7498
7500
7501
7502
7503
7505
7507
7508
7510
7511
7512
7513
7514
7515
7516
7518
7520
7521
7522
7523
7524
7525
7527
7528
7529
7530
7531
7532
7533
7535
7536
7537
7538
7539
7542
7543
7544
7546
7547
7548
7550
7551
7552
7558
7559
7560
7561
7562
7563
7564
7565
7566
7567
7568
7569
7570
7573
7574
7575
7576
7579
7580
7582
7583
7585
7586
7587
7589
7590
7591
7592
7594
7596
7597
7598
7600
7601
7602
7603
7605
7606
7607
7608
7611
7613
7614
7615
7617
7619
7623
7625
7626
7627
7628
7630
7631
7634
7636
7637
7638
7639
7640
7641
7642
7644
7645
7646
7647
7650
7652
7653
7654
7655
7656
7657
7660
7661
7662
7664
7667
7668
7670
7671
7672
7673
7674
7675
7679
7680
7681
7682
7683
7684
7685
7686
7689
7691
7695
7697
7698
7699
7700
7701
7702
7704
7705
7706
7708
7711
7712
7713
7714
7715
7716
7717
7718
7720
7722
7723
7724
7725
7726
7727
7728
7729
7730
7732
7733
7736
7738
7739
7742
7746
7747
7748
7749
7750
7751
7752
7753
7754
7756
7757
7758
7760
7762
7763
7768
7770
7771
7772
7773
7774
7776
7777
7778
7780
7781
7784
7785
7787
7788
7789
7796
7798
7799
7800
7801
7804
7805
7807
7808
7809
7810
7811
7812
7814
7817
7818
7819
7821
7822
7824
7825
7826
7827
7829
7830
7831
7832
7834
7835
7837
7838
7839
7840
7841
7842
7844
7845
7846
7848
7849
7855
7857
7859
7860
7861
7862
7863
7864
7865
7867
7868
7869
7870
7871
7872
7873
7874
7875
7876
7877
7878
7879
7880
7881
7882
7883
7885
7886
7887
7889
7890
7891
7893
7894
7895
7896
7897
7898
7902
7904
7905
7907
7908
7909
7912
7913
7914
7915
7918
7919
7920
7921
7922
7924
7925
7926
7927
7928
7929
7930
7931
7933
7935
7936
7939
7940
7942
7943
7944
7945
7946
7947
7948
7949
7951
7952
7954
7955
7956
7958
7959
7960
7961
7964
7965
7966
7967
7969
7970
7972
7974
7975
7977
7978
7979
7981
7983
7984
7986
7987
7988
7989
7990
7991
7992
7996
7997
7998
8000
8002
8003
8004
8005
8006
8007
8008
8010
8012
8013
8014
8015
8017
8018
8020
8021
8023
8024
8025
8027
8028
8029
8031
8034
8035
8037
8038
8039
8040
8041
8043
8044
8045
8047
8048
8049
8050
8051
8052
8053
8054
8055
8056
8057
8059
8061
8064
8065
8066
8068
8069
8070
8071
8072
8074
8075
8076
8077
8078
8079
8080
8082
8084
8085
8086
8087
8088
8090
8091
8092
8094
8095
8096
8097
8098
8100
8101
8102
8104
8105
8108
8109
8110
8111
8112
8114
8115
8116
8118
8119
8123
8124
8125
8126
8128
8130
8131
8132
8133
8134
8135
8137
8139
8140
8141
8142
8143
8144
8145
8149
8150
8153
8154
8155
8158
8159
8162
8163
8166
8167
8168
8169
8170
8171
8172
8173
8174
8176
8177
8178
8180
8181
8183
8185
8186
8187
8188
8189
8191
8192
8193
8194
8195
8196
8197
8198
8199
8201
8202
8204
8205
8206
8207
8209
8211
8212
8213
8214
8215
8216
8220
8221
8224
8225
8226
8227
8228
8229
8231
8232
8233
8234
8235
8236
8237
8238
8239
8240
8242
8243
8244
8246
8247
8249
8250
8251
8252
8253
8254
8255
8257
8261
8263
8264
8265
8266
8267
8268
8270
8271
8272
8273
8274
8277
8278
8279
8280
8281
8282
8283
8284
8285
8286
8289
8290
8291
8292
8295
8296
8297
8298
8301
8303
8304
8306
8308
8310
8311
8313
8314
8315
8316
8320
8321
8322
8323
8324
8326
8327
8328
8329
8330
8331
8332
8333
8334
8335
8338
8339
8340
8341
8344
8345
8346
8347
8349
8350
8351
8353
8354
8355
8356
8357
8359
8360
8361
8362
8363
8364
8365
8366
8368
8369
8371
8372
8375
8377
8380
8382
8384
8385
8386
8387
8389
8390
8391
8392
8393
8394
8397
8398
8399
8400
8401
8402
8403
8405
8406
8408
8409
8411
8413
8414
8416
8417
8418
8420
8421
8423
8425
8426
8428
8429
8430
8431
8432
8434
8435
8436
8437
8439
8440
8441
8442
8443
8444
8445
8446
8448
8449
8451
8452
8454
8455
8456
8458
8461
8462
8463
8465
8467
8469
8470
8471
8472
8473
8474
8475
8477
8479
8480
8481
8482
8483
8484
8485
8488
8490
8491
8492
8494
8495
8497
8498
8499
8500
8502
8503
8504
8506
8507
8508
8509
8510
8511
8512
8514
8515
8517
8518
8520
8521
8522
8523
8524
8526
8529
8530
8532
8533
8534
8535
8538
8539
8542
8543
8544
8546
8547
8548
8550
8552
8553
8554
8556
8557
8558
8559
8561
8562
8563
8564
8565
8566
8567
8568
8569
8570
8571
8572
8573
8574
8575
8576
8577
8578
8579
8581
8582
8583
8584
8585
8586
8588
8589
8590
8591
8592
8593
8594
8595
8596
8597
8599
8602
8603
8604
8605
8606
8608
8610
8612
8613
8614
8615
8617
8620
8622
8624
8625
8626
8628
8630
8631
8632
8633
8634
8638
8640
8641
8645
8647
8649
8650
8651
8653
8654
8657
8658
8660
8662
8663
8664
8666
8667
8668
8670
8672
8674
8677
8679
8680
8681
8682
8683
8685
8686
8687
8688
8690
8691
8692
8694
8695
8696
8697
8698
8699
8700
8701
8702
8704
8707
8708
8709
8710
8711
8712
8713
8714
8715
8716
8717
8718
8720
8721
8722
8724
8727
8728
8729
8730
8731
8732
8733
8736
8737
8739
8740
8741
8742
8743
8744
8745
8746
8747
8748
8749
8750
8751
8752
8754
8755
8757
8758
8761
8762
8763
8764
8765
8766
8767
8769
8771
8772
8773
8775
8777
8779
8782
8784
8789
8790
8791
8793
8794
8796
8797
8798
8801
8802
8803
8806
8807
8809
8811
8813
8814
8815
8816
8818
8819
8820
8821
8822
8823
8824
8825
8827
8831
8832
8833
8834
8835
8836
8837
8838
8840
8842
8843
8846
8847
8848
8851
8853
8854
8855
8856
8857
8858
8859
8860
8861
8862
8863
8864
8865
8867
8868
8869
8870
8871
8873
8874
8876
8878
8881
8882
8883
8885
8886
8890
8893
8894
8896
8897
8898
8899
8900
8901
8904
8905
8907
8908
8909
8913
8915
8916
8917
8918
8921
8922
8923
8925
8926
8927
8928
8929
8931
8933
8934
8937
8939
8940
8942
8943
8944
8945
8946
8948
8949
8950
8951
8953
8954
8955
8956
8961
8962
8964
8965
8968
8969
8971
8972
8973
8974
8975
8978
8980
8983
8984
8985
8986
8987
8988
8989
8990
8992
8993
8995
8997
8998
8999
9000
9001
9002
9003
9004
9005
9006
9007
9010
9012
9013
9014
9015
9016
9017
9018
9019
9020
9021
9022
9023
9025
9026
9027
9028
9029
9030
9031
9032
9035
9037
9038
9039
9042
9043
9044
9045
9046
9047
9048
9050
9051
9052
9054
9055
9057
9058
9060
9061
9062
9067
9068
9069
9070
9071
9073
9074
9075
9077
9080
9081
9082
9083
9085
9086
9089
9090
9092
9093
9096
9097
9098
9100
9101
9102
9105
9107
9109
9110
9112
9113
9115
9116
9119
9120
9121
9123
9125
9127
9128
9130
9131
9132
9133
9135
9136
9137
9138
9139
9140
9141
9145
9146
9147
9148
9149
9150
9152
9154
9155
9156
9157
9159
9162
9164
9165
9166
9167
9168
9169
9170
9171
9172
9173
9176
9177
9178
9179
9180
9181
9182
9184
9185
9186
9187
9188
9189
9190
9192
9193
9197
9198
9199
9201
9202
9203
9204
9205
9206
9208
9209
9210
9213
9214
9215
9216
9217
9218
9219
9220
9221
9222
9223
9224
9226
9227
9228
9229
9231
9232
9233
9234
9235
9236
9237
9238
9239
9242
9243
9244
9245
9246
9247
9248
9250
9251
9252
9253
9254
9255
9257
9258
9260
9262
9264
9266
9267
9269
9272
9273
9274
9278
9279
9280
9281
9283
9284
9285
9286
9288
9289
9290
9291
9292
9294
9295
9296
9297
9299
9302
9304
9305
9307
9309
9310
9311
9312
9313
9315
9316
9317
9318
9319
9320
9321
9323
9324
9325
9326
9327
9328
9330
9331
9332
9333
9334
9336
9337
9340
9341
9344
9346
9349
9350
9353
9354
9355
9356
9359
9360
9362
9363
9364
9365
9366
9368
9371
9372
9376
9378
9379
9380
9381
9382
9383
9385
9386
9387
9388
9389
9390
9391
9393
9394
9395
9398
9400
9403
9404
9406
9407
9408
9409
9411
9413
9414
9415
9416
9417
9418
9421
9423
9424
9425
9426
9430
9431
9432
9433
9434
9436
9437
9438
9439
9440
9442
9446
9447
9449
9450
9451
9452
9453
9454
9455
9456
9461
9464
9466
9467
9469
9472
9473
9474
9475
9476
9477
9478
9479
9481
9482
9483
9484
9486
9487
9488
9489
9491
9493
9494
9496
9497
9498
9499
9501
9502
9505
9507
9508
9509
9510
9511
9512
9513
9514
9515
9517
9519
9520
9521
9524
9526
9527
9528
9531
9532
9534
9535
9538
9539
9540
9543
9544
9550
9551
9552
9553
9554
9555
9557
9558
9559
9560
9561
9563
9564
9565
9566
9567
9570
9571
9573
9575
9576
9577
9579
9582
9583
9584
9587
9588
9590
9591
9592
9595
9596
9598
9599
9600
9601
9604
9606
9608
9609
9610
9611
9612
9613
9614
9615
9617
9618
9620
9621
9623
9624
9627
9628
9629
9630
9632
9633
9634
9638
9639
9640
9641
9642
9643
9645
9646
9648
9649
9650
9651
9653
9655
9657
9659
9661
9662
9666
9667
9668
9670
9672
9673
9674
9676
9677
9678
9679
9681
9682
9683
9684
9685
9686
9687
9692
9693
9695
9697
9698
9699
9701
9703
9705
9706
9709
9711
9712
9716
9717
9721
9722
9723
9724
9726
9727
9728
9729
9730
9731
9733
9735
9737
9738
9739
9740
9741
9742
9743
9744
9745
9747
9748
9750
9752
9760
9761
9762
9763
9765
9766
9767
9768
9769
9771
9772
9773
9774
9775
9776
9778
9782
9783
9784
9786
9789
9790
9792
9793
9795
9796
9797
9798
9799
9800
9803
9804
9805
9809
9810
9811
9812
9813
9814
9815
9816
9817
9820
9821
9822
9825
9826
9827
9828
9830
9831
9832
9833
9837
9838
9839
9840
9843
9844
9845
9846
9850
9854
9855
9856
9859
9860
9862
9863
9864
9865
9867
9868
9869
9870
9871
9872
9873
9875
9876
9877
9881
9883
9884
9885
9887
9888
9889
9890
9891
9892
9893
9895
9896
9897
9898
9900
9901
9903
9904
9907
9908
9909
9910
9912
9913
9914
9915
9917
9919
9920
9924
9936
9937
9938
9939
9940
9941
9942
9943
9944
9946
9947
9948
9949
9951
9952
9953
9954
9956
9957
9958
9959
9962
9963
9964
9965
9966
9967
9968
9969
9970
9971
9974
9975
9976
9977
9978
9980
9981
9982
9983
9984
9985
9986
9987
9989
9990
9992
9993
9994
9995
9997
9998
9999
10000
10001
10002
10003
10004
10010
10011
10013
10015
10016
10018
10019
10020
10022
10023
10024
10025
10026
10027
10028
10030
10032
10033
10035
10037
10038
10039
10041
10043
10044
10045
10046
10047
10049
10050
10052
10053
10054
10056
10057
10058
10060
10061
10063
10064
10065
10069
10070
10072
10073
10074
10076
10077
10079
10080
10082
10083
10084
10085
10086
10088
10089
10090
10092
10093
10094
10095
10096
10097
10098
10099
10103
10104
10105
10108
10109
10112
10113
10115
10116
10117
10119
10120
10121
10122
10123
10124
10126
10131
10132
10133
10134
10135
10136
10137
10138
10139
10140
10141
10143
10144
10145
10147
10148
10150
10151
10153
10154
10156
10157
10158
10159
10160
10161
10162
10163
10164
10165
10166
10167
10170
10171
10173
10175
10178
10182
10184
10185
10187
10189
10191
10194
10195
10197
10199
10200
10201
10203
10206
10207
10208
10209
10210
10211
10212
10213
10214
10216
10217
10218
10219
10222
10224
10225
10227
10228
10229
10231
10232
10233
10234
10237
10239
10243
10244
10248
10249
10250
10253
10254
10256
10257
10259
10260
10262
10265
10267
10268
10269
10270
10272
10273
10274
10275
10276
10277
10278
10281
10282
10284
10286
10287
10288
10289
10290
10291
10292
10293
10294
10295
10297
10299
10301
10302
10303
10304
10305
10306
10307
10308
10311
10312
10314
10316
10317
10320
10321
10323
10324
10325
10326
10328
10329
10331
10332
10333
10334
10335
10336
10339
10340
10341
10342
10343
10344
10346
10347
10348
10349
10350
10352
10353
10354
10356
10359
10362
10364
10366
10367
10368
10369
10370
10371
10372
10375
10376
10377
10378
10379
10381
10382
10383
10384
10387
10389
10392
10393
10394
10396
10397
10399
10400
10401
10402
10407
10408
10411
10412
10413
10414
10416
10417
10418
10419
10424
10426
10428
10429
10431
10432
10435
10436
10437
10438
10441
10442
10443
10446
10447
10448
10449
10451
10452
10453
10454
10455
10456
10457
10459
10460
10463
10464
10465
10468
10469
10470
10471
10472
10473
10475
10476
10477
10478
10479
10480
10481
10482
10483
10484
10485
10486
10487
10489
10493
10495
10496
10498
10499
10500
10501
10502
10503
10504
10505
10508
10509
10510
10511
10514
10515
10518
10519
10520
10521
10522
10523
10525
10526
10528
10531
10532
10533
10535
10537
10539
10540
10542
10543
10544
10545
10547
10548
10549
10551
10552
10554
10556
10557
10558
10559
10561
10562
10563
10564
10565
10567
10569
10570
10571
10575
10576
10577
10578
10579
10580
10581
10582
10583
10585
10586
10587
10589
10590
10592
10593
10594
10597
10598
10599
10600
10601
10603
10607
10609
10610
10611
10612
10613
10615
10616
10617
10618
10619
10620
10622
10623
10624
10625
10628
10630
10631
10632
10633
10634
10635
10636
10638
10639
10640
10641
10642
10643
10645
10646
10648
10650
10652
10653
10654
10655
10657
10660
10662
10663
10664
10665
10666
10667
10669
10670
10671
10672
10673
10674
10675
10676
10677
10678
10679
10681
10683
10684
10686
10687
10689
10690
10691
10694
10695
10696
10697
10699
10700
10703
10704
10705
10710
10711
10713
10714
10715
10716
10717
10718
10719
10721
10722
10723
10724
10728
10729
10730
10733
10734
10735
10737
10738
10739
10740
10742
10743
10744
10745
10747
10749
10750
10751
10752
10755
10756
10757
10760
10762
10764
10765
10766
10767
10768
10769
10770
10771
10773
10774
10775
10776
10777
10778
10781
10783
10786
10788
10789
10790
10791
10792
10793
10795
10796
10798
10799
10802
10803
10804
10805
10807
10808
10810
10812
10814
10815
10816
10817
10818
10819
10820
10821
10822
10823
10824
10825
10826
10829
10830
10831
10833
10836
10837
10838
10839
10840
10842
10843
10844
10845
10846
10847
10848
10849
10850
10852
10853
10854
10855
10856
10857
10858
10860
10862
10863
10865
10866
10867
10868
10869
10870
10871
10872
10873
10874
10877
10878
10879
10880
10881
10882
10883
10884
10885
10886
10888
10889
10890
10892
10893
10895
10896
10897
10900
10901
10902
10904
10905
10906
10907
10908
10912
10913
10914
10916
10917
10918
10919
10921
10922
10923
10928
10931
10933
10934
10935
10939
10941
10942
10943
10944
10945
10946
10947
10948
10949
10952
10955
10956
10957
10958
10959
10961
10962
10966
10968
10969
10970
10971
10972
10974
10975
10979
10980
10983
10986
10987
10989
10990
10991
10992
10994
10996
10997
10998
11000
11002
11007
11008
11010
11011
11012
11014
11015
11016
11017
11018
11019
11020
11021
11022
11024
11027
11028
11030
11031
11033
11034
11035
11036
11037
11039
11041
11043
11044
11045
11046
11047
11048
11049
11050
11051
11052
11053
11056
11057
11058
11059
11061
11062
11063
11064
11066
11068
11069
11071
11072
11073
11074
11075
11078
11083
11084
11085
11086
11087
11088
11089
11091
11093
11095
11097
11101
11103
11106
11107
11108
11109
11110
11111
11114
11115
11116
11117
11118
11119
11120
11121
11123
11124
11125
11127
11128
11129
11130
11131
11133
11135
11136
11137
11139
11140
11141
11143
11144
11146
11147
11148
11149
11151
11153
11154
11155
11156
11157
11160
11161
11162
11163
11164
11165
11166
11168
11170
11171
11174
11175
11176
11177
11178
11179
11181
11183
11184
11186
11187
11188
11190
11192
11193
11194
11196
11198
11199
11202
11203
11204
11205
11206
11207
11209
11210
11211
11215
11219
11221
11222
11225
11226
11227
11228
11229
11230
11232
11234
11235
11238
11239
11240
11242
11243
11244
11245
11247
11248
11249
11250
11251
11253
11255
11256
11258
11259
11260
11261
11262
11264
11265
11266
11269
11270
11272
11273
11275
11276
11277
11278
11281
11284
11285
11286
11287
11288
11289
11290
11293
11294
11296
11297
11298
11299
11300
11302
11304
11307
11309
11310
11312
11313
11314
11315
11318
11319
11320
11322
11323
11324
11325
11326
11327
11328
11331
11332
11334
11335
11337
11338
11339
11340
11341
11343
11344
11346
11347
11348
11349
11350
11351
11352
11353
11355
11357
11359
11361
11363
11365
11366
11367
11368
11370
11371
11372
11374
11377
11378
11380
11381
11382
11383
11384
11385
11388
11389
11392
11393
11395
11397
11400
11401
11402
11403
11405
11408
11409
11410
11411
11414
11415
11417
11418
11420
11421
11423
11424
11425
11426
11428
11429
11430
11431
11432
11433
11434
11436
11437
11438
11439
11440
11441
11442
11444
11445
11446
11447
11448
11450
11451
11453
11454
11455
11456
11457
11458
11460
11461
11466
11467
11468
11469
11470
11471
11474
11475
11476
11477
11478
11479
11483
11484
11486
11488
11489
11490
11491
11492
11493
11494
11496
11497
11498
11499
11501
11502
11503
11504
11505
11506
11507
11508
11509
11510
11512
11515
11516
11517
11518
11519
11520
11521
11522
11523
11525
11527
11530
11532
11533
11534
11535
11536
11537
11539
11540
11541
11543
11544
11545
11547
11548
11549
11550
11551
11552
11554
11555
11556
11557
11558
11559
11561
11562
11564
11566
11567
11568
11569
11570
11571
11572
11573
11574
11575
11577
11578
11579
11582
11583
11584
11585
11586
11587
11588
11589
11593
11594
11595
11597
11598
11599
11600
11602
11603
11604
11605
11606
11607
11608
11609
11611
11612
11613
11616
11617
11619
11620
11622
11623
11624
11625
11626
11627
11628
11630
11631
11632
11634
11635
11636
11637
11638
11640
11641
11642
11643
11645
11646
11649
11650
11652
11654
11655
11656
11658
11659
11661
11663
11664
11665
11667
11668
11669
11670
11672
11675
11676
11677
11678
11680
11681
11682
11683
11684
11685
11688
11689
11691
11693
11694
11696
11697
11698
11699
11701
11702
11704
11705
11707
11709
11713
11714
11715
11716
11717
11718
11719
11721
11725
11727
11728
11729
11731
11732
11733
11734
11735
11736
11739
11740
11741
11742
11743
11744
11745
11746
11747
11749
11750
11751
11752
11753
11756
11757
11759
11760
11761
11762
11763
11764
11765
11766
11767
11768
11769
11770
11772
11774
11775
11778
11780
11781
11782
11783
11784
11785
11786
11787
11788
11789
11790
11791
11792
11793
11794
11796
11798
11800
11801
11802
11803
11804
11805
11807
11808
11809
11810
11811
11812
11813
11816
11818
11819
11821
11822
11823
11824
11825
11826
11829
11831
11832
11834
11835
11836
11838
11839
11841
11842
11843
11844
11845
11846
11847
11848
11849
11850
11851
11852
11853
11854
11858
11859
11860
11861
11862
11863
11864
11865
11867
11868
11869
11870
11871
11873
11875
11876
11877
11879
11880
11881
11882
11883
11884
11885
11887
11888
11889
11890
11891
11892
11894
11895
11896
11897
11898
11899
11900
11902
11903
11906
11907
11910
11911
11913
11914
11915
11917
11918
11919
11920
11921
11923
11924
11925
11926
11928
11930
11933
11934
11935
11937
11938
11939
11941
11942
11944
11945
11946
11949
11951
11952
11953
11957
11963
11964
11967
11968
11969
11971
11975
11976
11977
11979
11980
11982
11983
11984
11985
11986
11987
11989
11990
11991
11992
11993
11994
11995
11997
11998
11999
12003
12005
12006
12007
12008
12009
12011
12014
12015
12016
12018
12020
12021
12024
12025
12026
12027
12028
12030
12031
12033
12034
12035
12036
12038
12045
12046
12049
12052
12053
12055
12056
12057
12060
12062
12063
12065
12066
12067
12068
12070
12072
12073
12075
12077
12079
12080
12083
12084
12088
12089
12090
12091
12092
12093
12094
12095
12096
12097
12099
12101
12102
12103
12104
12106
12108
12109
12110
12111
12112
12113
12114
12115
12116
12117
12118
12119
12120
12121
12122
12124
12125
12126
12127
12128
12133
12134
12135
12136
12137
12138
12139
12140
12141
12142
12146
12147
12149
12151
12152
12153
12154
12155
12157
12158
12159
12160
12161
12162
12163
12164
12166
12167
12169
12170
12173
12174
12175
12176
12177
12178
12179
12181
12184
12186
12187
12188
12189
12191
12192
12193
12194
12195
12197
12198
12199
12200
12202
12205
12206
12207
12208
12210
12212
12213
12214
12215
12216
12219
12220
12222
12223
12225
12226
12227
12228
12229
12230
12231
12232
12234
12235
12237
12240
12241
12242
12246
12247
12248
12250
12251
12252
12253
12254
12255
12256
12257
12260
12263
12264
12268
12269
12271
12272
12274
12275
12278
12279
12281
12282
12283
12284
12285
12286
12287
12289
12291
12293
12295
12296
12297
12298
12300
12302
12303
12306
12307
12308
12309
12310
12312
12313
12315
12316
12317
12319
12320
12321
12322
12323
12325
12326
12327
12328
12329
12330
12331
12332
12333
12334
12335
12337
12338
12339
12340
12343
12345
12346
12348
12349
12351
12352
12353
12356
12358
12359
12361
12362
12363
12368
12371
12372
12373
12374
12375
12376
12377
12378
12379
12381
12382
12383
12384
12385
12386
12387
12388
12390
12391
12394
12397
12398
12400
12401
12403
12404
12405
12406
12408
12410
12411
12412
12415
12419
12420
12422
12423
12424
12426
12427
12432
12434
12436
12437
12438
12439
12440
12441
12444
12445
12446
12449
12450
12453
12454
12455
12456
12457
12458
12459
12460
12461
12462
12463
12464
12465
12466
12467
12469
12470
12471
12472
12473
12475
12477
12478
12481
12482
12483
12485
12486
12488
12490
12491
12492
12493
12494
12495
12497
12498
12499
12501
12503
12504
12505
12506
12508
12509
12511
12512
12513
12515
12516
12518
12519
12521
12522
12523
12525
12526
12527
12528
12529
12530
12533
12534
12535
12536
12537
12538
12540
12541
12542
12544
12546
12547
12548
12549
12550
12552
12554
12555
12556
12560
12563
12564
12566
12567
12568
12569
12570
12571
12574
12575
12576
12577
12581
12586
12587
12588
12592
12593
12595
12597
12598
12599
12600
12603
12604
12606
12607
12608
12611
12614
12616
12617
12619
12622
12623
12624
12625
12626
12627
12628
12630
12631
12632
12633
12634
12635
12636
12637
12638
12639
12640
12642
12643
12644
12646
12647
12648
12649
12650
12651
12652
12654
12657
12658
12660
12661
12662
12663
12664
12665
12666
12667
12668
12669
12670
12672
12673
12674
12675
12676
12677
12678
12679
12681
12682
12683
12684
12685
12686
12687
12690
12691
12692
12694
12695
12700
12701
12703
12704
12706
12708
12710
12711
12713
12714
12716
12717
12718
12719
12720
12721
12722
12723
12724
12725
12727
12728
12730
12732
12733
12734
12736
12737
12738
12739
12741
12743
12744
12745
12746
12747
12748
12749
12750
12751
12752
12753
12755
12756
12757
12758
12759
12760
12763
12764
12765
12766
12767
12769
12770
12771
12772
12773
12774
12775
12778
12782
12783
12786
12787
12789
12790
12791
12793
12794
12796
12797
12798
12802
12803
12804
12805
12806
12807
12808
12809
12810
12811
12812
12814
12815
12816
12817
12818
12819
12820
12821
12822
12823
12826
12827
12828
12829
12831
12832
12833
12834
12835
12837
12840
12841
12842
12843
12846
12847
12848
12849
12852
12853
12854
12856
12859
12860
12862
12864
12865
12866
12868
12869
12870
12872
12873
12874
12875
12876
12877
12878
12880
12882
12883
12885
12887
12889
12890
12891
12893
12894
12895
12897
12898
12899
12900
12902
12903
12904
12905
12908
12914
12916
12917
12919
12921
12924
12925
12926
12927
12929
12930
12931
12932
12933
12935
12936
12938
12939
12941
12942
12944
12945
12946
12947
12948
12949
12950
12953
12954
12955
12956
12957
12958
12959
12960
12961
12962
12963
12965
12966
12967
12968
12969
12970
12971
12974
12977
12978
12981
12982
12985
12986
12987
12988
12990
12992
12993
12994
12995
12996
12997
12998
12999
13002
13005
13007
13008
13010
13011
13012
13013
13014
13015
13016
13017
13018
13019
13020
13021
13022
13023
13025
13026
13028
13029
13030
13031
13032
13034
13035
13036
13038
13040
13041
13042
13046
13047
13048
13050
13051
13052
13053
13054
13056
13057
13058
13059
13060
13062
13063
13064
13065
13066
13068
13069
13072
13073
13074
13076
13077
13078
13079
13080
13081
13082
13084
13085
13086
13087
13088
13089
13090
13092
13093
13094
13095
13096
13097
13098
13099
13102
13103
13104
13105
13108
13109
13110
13112
13113
13117
13118
13119
13120
13121
13122
13124
13125
13128
13129
13130
13133
13134
13135
13136
13137
13139
13140
13142
13143
13145
13148
13149
13150
13152
13154
13155
13156
13157
13158
13160
13161
13162
13163
13164
13165
13167
13168
13170
13172
13175
13177
13178
13181
13182
13183
13184
13185
13186
13187
13188
13189
13190
13191
13192
13193
13194
13195
13196
13197
13198
13199
13200
13201
13203
13204
13207
13208
13209
13210
13211
13213
13214
13215
13216
13217
13220
13221
13222
13223
13225
13226
13227
13229
13231
13235
13237
13238
13239
13240
13241
13242
13243
13244
13245
13246
13247
13250
13252
13253
13254
13257
13258
13260
13261
13263
13266
13269
13270
13271
13273
13274
13275
13276
13277
13278
13279
13280
13283
13284
13285
13287
13288
13289
13290
13291
13292
13293
13294
13295
13296
13297
13299
13300
13301
13302
13303
13304
13305
13307
13308
13310
13311
13313
13314
13315
13316
13318
13319
13320
13321
13322
13323
13324
13325
13327
13329
13330
13332
13334
13335
13337
13338
13339
13341
13342
13343
13346
13347
13348
13349
13350
13351
13352
13353
13354
13355
13357
13358
13359
13361
13362
13364
13365
13366
13367
13368
13369
13370
13371
13373
13374
13376
13377
13378
13379
13380
13382
13383
13384
13385
13386
13387
13388
13389
13390
13391
13392
13394
13395
13397
13398
13399
13401
13402
13404
13405
13406
13407
13408
13412
13413
13414
13415
13416
13417
13419
13420
13421
13423
13424
13425
13426
13427
13428
13430
13431
13432
13434
13435
13436
13437
13438
13439
13440
13441
13442
13444
13447
13448
13450
13453
13454
13455
13456
13458
13460
13461
13462
13464
13465
13467
13468
13469
13470
13471
13472
13474
13475
13476
13477
13478
13479
13480
13482
13483
13484
13486
13487
13488
13489
13491
13492
13494
13496
13497
13499
13501
13504
13505
13506
13507
13509
13510
13511
13513
13517
13519
13520
13521
13524
13530
13531
13532
13533
13534
13536
13537
13540
13541
13542
13543
13545
13546
13547
13548
13549
13550
13551
13552
13553
13555
13557
13558
13559
13560
13562
13564
13566
13567
13568
13569
13570
13571
13572
13574
13577
13579
13580
13581
13583
13585
13586
13588
13589
13592
13593
13594
13597
13599
13600
13601
13602
13603
13604
13605
13606
13609
13610
13612
13613
13614
13615
13616
13618
13619
13620
13621
13622
13623
13625
13627
13628
13630
13631
13633
13634
13635
13637
13638
13639
13642
13643
13645
13646
13647
13648
13649
13650
13651
13653
13654
13656
13657
13658
13660
13661
13662
13663
13664
13666
13667
13669
13670
13672
13674
13675
13677
13678
13679
13680
13682
13683
13685
13686
13687
13688
13690
13691
13692
13693
13694
13695
13696
13697
13700
13701
13704
13705
13706
13710
13712
13713
13715
13716
13720
13721
13722
13724
13725
13726
13727
13729
13731
13732
13733
13735
13738
13739
13741
13742
13743
13746
13749
13750
13751
13752
13753
13755
13756
13757
13758
13759
13761
13762
13764
13765
13766
13767
13769
13772
13773
13774
13776
13777
13778
13779
13780
13782
13783
13785
13786
13788
13789
13790
13791
13794
13795
13796
13797
13799
13800
13801
13802
13803
13807
13808
13809
13810
13812
13815
13816
13817
13818
13820
13821
13822
13824
13826
13827
13828
13829
13830
13831
13832
13833
13835
13836
13838
13839
13840
13842
13843
13845
13846
13847
13850
13851
13853
13854
13857
13858
13859
13860
13862
13863
13866
13869
13870
13871
13875
13876
13878
13880
13882
13885
13887
13888
13891
13893
13894
13895
13896
13900
13902
13903
13905
13906
13907
13911
13915
13916
13917
13918
13919
13925
13926
13928
13929
13931
13932
13935
13936
13937
13938
13939
13940
13941
13942
13943
13944
13946
13947
13948
13950
13952
13953
13954
13956
13957
13958
13961
13962
13963
13964
13965
13968
13970
13971
13974
13976
13977
13978
13979
13980
13981
13982
13984
13985
13986
13988
13989
13990
13991
13992
13994
13995
13996
13997
13999
14000
14002
14004
14006
14007
14008
14009
14010
14014
14015
14016
14017
14018
14019
14020
14021
14022
14023
14024
14025
14027
14029
14031
14034
14035
14039
14040
14041
14042
14043
14044
14047
14048
14049
14050
14051
14052
14053
14054
14055
14056
14057
14058
14059
14060
14061
14063
14064
14065
14067
14068
14069
14070
14073
14078
14080
14082
14084
14086
14088
14089
14090
14091
14092
14093
14094
14097
14098
14099
14100
14104
14105
14108
14109
14111
14112
14113
14117
14121
14122
14123
14124
14125
14126
14127
14128
14129
14130
14132
14134
14135
14136
14137
14138
14139
14140
14143
14144
14145
14146
14147
14148
14149
14150
14151
14152
14156
14158
14161
14165
14166
14170
14171
14172
14173
14174
14175
14176
14178
14179
14180
14183
14184
14185
14186
14187
14188
14189
14190
14191
14192
14194
14195
14197
14200
14201
14202
14203
14204
14206
14207
14208
14210
14211
14213
14214
14215
14216
14218
14219
14220
14221
14222
14223
14224
14225
14226
14227
14229
14230
14232
14234
14235
14236
14238
14242
14243
14246
14250
14252
14255
14256
14257
14258
14259
14260
14261
14262
14263
14268
14269
14271
14272
14274
14276
14277
14278
14279
14283
14284
14286
14287
14289
14291
14292
14293
14294
14295
14297
14298
14299
14300
14301
14304
14305
14307
14308
14309
14311
14313
14314
14316
14317
14318
14319
14320
14321
14322
14323
14324
14325
14326
14327
14328
14331
14333
14335
14339
14341
14342
14343
14344
14345
14346
14347
14348
14349
14350
14351
14352
14354
14355
14357
14359
14361
14362
14363
14364
14365
14366
14369
14371
14376
14377
14378
14380
14381
14382
14385
14389
14390
14391
14392
14393
14394
14398
14400
14401
14403
14404
14406
14408
14409
14410
14411
14413
14414
14415
14417
14419
14420
14421
14422
14423
14425
14426
14428
14429
14430
14431
14433
14435
14436
14437
14439
14440
14441
14443
14444
14445
14447
14448
14449
14450
14451
14454
14457
14459
14461
14462
14465
14466
14468
14469
14473
14474
14476
14477
14478
14479
14480
14481
14482
14484
14485
14486
14489
14490
14491
14492
14496
14497
14498
14499
14501
14502
14503
14504
14505
14506
14507
14508
14510
14511
14512
14513
14514
14515
14516
14517
14519
14520
14522
14524
14528
14529
14530
14531
14532
14533
14535
14537
14540
14541
14542
14543
14544
14545
14546
14548
14549
14550
14552
14553
14554
14557
14558
14559
14561
14562
14564
14565
14567
14568
14572
14573
14574
14575
14576
14577
14578
14579
14582
14583
14584
14585
14590
14595
14597
14598
14599
14600
14601
14603
14604
14606
14607
14608
14609
14610
14617
14618
14619
14620
14623
14624
14625
14626
14628
14630
14631
14634
14635
14636
14637
14638
14639
14640
14643
14644
14645
14646
14647
14648
14649
14650
14652
14653
14654
14655
14658
14661
14662
14665
14666
14668
14669
14670
14671
14674
14675
14676
14677
14678
14680
14682
14683
14685
14688
14691
14692
14693
14695
14696
14697
14698
14699
14700
14701
14702
14703
14712
14714
14716
14717
14718
14720
14722
14723
14724
14728
14729
14732
14733
14734
14735
14736
14737
14739
14741
14742
14744
14746
14747
14748
14749
14751
14752
14754
14755
14757
14758
14760
14762
14763
14765
14767
14768
14770
14771
14772
14773
14774
14775
14777
14778
14779
14780
14783
14785
14788
14791
14792
14794
14799
14800
14802
14805
14806
14807
14809
14812
14814
14818
14822
14823
14825
14828
14830
14831
14833
14834
14836
14837
14838
14840
14841
14842
14843
14844
14845
14846
14848
14851
14852
14853
14854
14855
14856
14857
14858
14860
14861
14862
14863
14867
14868
14869
14871
14872
14876
14878
14879
14880
14882
14883
14887
14888
14889
14892
14893
14895
14896
14897
14899
14901
14902
14903
14904
14905
14906
14907
14909
14911
14912
14913
14914
14915
14916
14921
14924
14926
14930
14931
14933
14934
14936
14938
14940
14942
14945
14946
14947
14950
14951
14953
14954
14955
14956
14957
14958
14959
14961
14962
14963
14964
14966
14968
14969
14970
14971
14972
14975
14976
14978
14979
14980
14981
14983
14986
14989
14990
14991
14992
14993
14995
14997
14998
14999
15000
15001
15002
15003
15004
15005
15006
15007
15008
15010
15011
15012
15013
15015
15016
15017
15018
15020
15022
15023
15024
15025
15027
15028
15029
15030
15031
15032
15033
15034
15035
15036
15037
15038
15039
15040
15043
15044
15045
15046
15047
15048
15051
15052
15053
15054
15055
15056
15057
15059
15060
15063
15064
15065
15066
15067
15068
15069
15072
15076
15077
15078
15080
15082
15083
15086
15087
15088
15091
15094
15095
15098
15099
15100
15101
15105
15106
15107
15108
15110
15112
15113
15114
15117
15118
15119
15120
15121
15122
15123
15125
15128
15129
15130
15131
15132
15134
15135
15136
15138
15139
15140
15141
15143
15144
15145
15146
15147
15148
15149
15152
15153
15154
15155
15156
15157
15159
15160
15162
15163
15164
15165
15166
15168
15169
15170
15171
15172
15173
15175
15178
15179
15180
15181
15182
15183
15185
15186
15187
15191
15192
15194
15195
15196
15199
15200
15202
15203
15206
15207
15208
15209
15210
15211
15215
15217
15218
15221
15222
15223
15224
15225
15226
15227
15230
15231
15232
15233
15234
15235
15236
15237
15238
15239
15240
15241
15242
15244
15246
15248
15249
15250
15251
15252
15254
15255
15257
15259
15262
15263
15264
15265
15267
15268
15269
15270
15271
15273
15275
15276
15277
15279
15280
15281
15282
15284
15285
15287
15289
15290
15291
15292
15293
15297
15299
15300
15301
15303
15305
15307
15308
15310
15313
15314
15315
15316
15317
15318
15320
15321
15322
15324
15325
15328
15331
15333
15335
15336
15337
15338
15339
15340
15342
15343
15344
15346
15347
15348
15350
15351
15352
15354
15355
15358
15361
15365
15366
15367
15369
15370
15371
15372
15374
15375
15376
15377
15378
15379
15381
15383
15384
15386
15387
15389
15391
15397
15398
15401
15402
15403
15405
15408
15409
15410
15412
15413
15414
15420
15421
15422
15423
15424
15425
15427
15428
15429
15430
15431
15432
15433
15434
15436
15437
15438
15439
15440
15442
15444
15445
15446
15447
15448
15449
15450
15452
15453
15454
15455
15456
15457
15458
15459
15461
15462
15463
15464
15465
15467
15468
15470
15473
15476
15479
15480
15481
15482
15485
15486
15488
15489
15490
15492
15493
15495
15496
15498
15499
15500
15503
15504
15505
15506
15507
15508
15509
15510
15511
15512
15513
15514
15515
15516
15518
15519
15520
15522
15524
15525
15527
15529
15530
15531
15532
15533
15534
15535
15537
15538
15540
15541
15542
15543
15544
15545
15546
15548
15549
15550
15551
15552
15553
15555
15556
15557
15558
15559
15560
15561
15563
15565
15566
15567
15568
15569
15571
15572
15573
15574
15575
15576
15577
15578
15581
15582
15584
15585
15586
15587
15588
15589
15591
15592
15594
15595
15596
15598
15599
15600
15603
15604
15605
15606
15607
15609
15612
15613
15614
15616
15620
15621
15622
15623
15624
15625
15626
15627
15629
15630
15633
15634
15635
15636
15637
15638
15640
15642
15643
15647
15648
15649
15650
15651
15653
15655
15656
15657
15658
15660
15661
15662
15663
15664
15665
15666
15667
15668
15670
15672
15675
15676
15678
15680
15681
15683
15686
15687
15689
15690
15691
15693
15694
15695
15697
15699
15701
15702
15703
15704
15705
15707
15708
15709
15710
15711
15712
15713
15714
15715
15716
15718
15719
15720
15722
15723
15724
15725
15726
15727
15728
15729
15731
15733
15734
15735
15736
15738
15739
15740
15742
15744
15745
15746
15747
15748
15749
15750
15752
15753
15755
15756
15757
15759
15761
15762
15763
15765
15766
15767
15768
15769
15770
15772
15773
15775
15776
15777
15779
15780
15781
15782
15783
15784
15786
15787
15788
15789
15790
15791
15792
15793
15794
15796
15797
15798
15799
15800
15801
15807
15808
15809
15810
15811
15812
15813
15815
15817
15819
15820
15821
15822
15823
15824
15826
15827
15828
15831
15832
15834
15835
15837
15838
15839
15840
15841
15842
15844
15846
15847
15848
15850
15851
15852
15853
15854
15856
15857
15859
15862
15864
15865
15867
15870
15871
15872
15873
15874
15876
15877
15878
15879
15880
15882
15883
15884
15885
15886
15888
15890
15891
15892
15894
15895
15896
15897
15898
15899
15900
15901
15902
15903
15904
15906
15907
15908
15909
15910
15911
15912
15913
15914
15915
15916
15917
15918
15919
15920
15921
15922
15923
15924
15925
15926
15928
15930
15932
15933
15934
15937
15939
15940
15941
15942
15943
15945
15946
15947
15948
15950
15953
15954
15955
15956
15957
15958
15959
15961
15962
15964
15965
15966
15967
15969
15971
15972
15973
15974
15975
15976
15977
15978
15979
15980
15981
15982
15985
15986
15987
15989
15990
15992
15993
15994
15997
16000
16001
16002
16003
16005
16006
16008
16011
16012
16015
16016
16018
16019
16020
16021
16023
16024
16025
16026
16027
16028
16029
16031
16032
16033
16034
16036
16038
16039
16040
16041
16043
16044
16046
16048
16049
16050
16052
16056
16057
16058
16059
16060
16061
16064
16065
16067
16071
16072
16074
16075
16076
16077
16079
16080
16082
16083
16085
16086
16088
16089
16090
16092
16094
16096
16097
16099
16100
16101
16102
16103
16104
16105
16106
16110
16111
16112
16113
16114
16115
16120
16121
16124
16126
16127
16128
16129
16130
16131
16132
16135
16136
16140
16141
16144
16145
16146
16148
16149
16153
16154
16155
16157
16159
16160
16161
16162
16164
16165
16166
16167
16168
16169
16170
16171
16172
16173
16174
16176
16177
16180
16181
16183
16185
16186
16187
16188
16189
16192
16193
16195
16196
16198
16199
16202
16203
16204
16205
16206
16207
16208
16210
16211
16212
16214
16217
16218
16219
16221
16223
16224
16225
16226
16227
16228
16229
16230
16231
16232
16233
16235
16236
16238
16239
16241
16242
16243
16245
16246
16248
16251
16253
16254
16255
16258
16259
16260
16261
16262
16263
16264
16265
16267
16268
16269
16270
16271
16272
16273
16275
16276
16278
16281
16282
16284
16285
16286
16287
16289
16290
16291
16293
16294
16295
16298
16299
16300
16301
16303
16304
16305
16306
16308
16309
16310
16312
16313
16314
16315
16316
16317
16319
16320
16321
16323
16326
16327
16328
16329
16330
16332
16334
16335
16337
16339
16340
16341
16342
16343
16344
16345
16346
16347
16348
16349
16350
16351
16353
16354
16356
16357
16358
16359
16360
16362
16364
16365
16366
16368
16369
16370
16371
16372
16373
16374
16375
16376
16377
16378
16379
16381
16382
16383
16386
16387
16388
16389
16390
16391
16394
16395
16397
16398
16399
16400
16403
16404
16405
16407
16408
16409
16411
16412
16413
16416
16417
16418
16424
16425
16426
16428
16429
16430
16431
16432
16433
16434
16435
16437
16438
16441
16442
16443
16445
16446
16447
16448
16451
16452
16453
16455
16456
16457
16458
16459
16461
16462
16463
16465
16466
16467
16470
16471
16472
16473
16474
16476
16477
16478
16479
16480
16481
16482
16483
16485
16487
16488
16489
16491
16493
16494
16495
16498
16500
16501
16504
16505
16506
16509
16510
16511
16512
16513
16514
16515
16516
16517
16518
16521
16524
16529
16530
16531
16532
16533
16534
16535
16536
16537
16538
16539
16543
16545
16546
16547
16548
16549
16550
16552
16553
16555
16556
16557
16558
16559
16560
16561
16562
16564
16565
16567
16568
16569
16570
16572
16573
16576
16577
16580
16581
16582
16583
16584
16585
16587
16588
16590
16594
16595
16597
16598
16599
16600
16601
16602
16603
16604
16605
16606
16607
16608
16609
16610
16611
16612
16615
16616
16618
16619
16620
16621
16622
16623
16625
16626
16627
16628
16629
16630
16631
16632
16633
16634
16635
16637
16640
16641
16642
16643
16645
16646
16648
16649
16650
16653
16654
16655
16656
16657
16659
16660
16661
16662
16664
16665
16666
16667
16668
16669
16670
16671
16674
16675
16676
16677
16678
16679
16681
16682
16684
16685
16687
16688
16690
16693
16694
16695
16696
16697
16698
16699
16701
16702
16703
16705
16706
16707
16708
16710
16714
16715
16717
16719
16720
16721
16724
16725
16727
16729
16730
16731
16732
16733
16735
16737
16738
16739
16740
16741
16742
16743
16744
16745
16746
16747
16752
16753
16755
16757
16760
16761
16762
16765
16768
16769
16770
16771
16772
16773
16774
16775
16776
16777
16778
16780
16781
16782
16783
16784
16786
16787
16788
16789
16790
16793
16797
16798
16799
16800
16801
16805
16811
16812
16814
16816
16818
16820
16821
16822
16823
16825
16826
16828
16832
16833
16834
16835
16836
16837
16841
16844
16847
16848
16849
16850
16851
16852
16853
16854
16856
16858
16861
16862
16863
16864
16865
16867
16868
16870
16871
16872
16873
16874
16875
16876
16878
16881
16883
16885
16886
16887
16889
16890
16893
16894
16895
16896
16897
16899
16902
16903
16905
16907
16908
16909
16910
16913
16914
16915
16920
16922
16923
16924
16925
16928
16929
16931
16932
16933
16934
16935
16936
16937
16938
16941
16942
16943
16947
16948
16950
16951
16952
16953
16954
16955
16956
16957
16958
16959
16960
16962
16963
16965
16968
16969
16970
16971
16974
16975
16976
16977
16978
16979
16980
16981
16982
16983
16985
16986
16990
16991
16992
16993
16994
16995
16996
16997
16998
16999
17000
17001
17002
17004
17005
17007
17008
17009
17010
17013
17015
17016
17017
17020
17021
17022
17023
17024
17025
17026
17029
17030
17031
17035
17037
17041
17044
17045
17046
17047
17048
17050
17052
17053
17056
17057
17058
17060
17061
17064
17068
17071
17072
17073
17074
17075
17077
17078
17080
17081
17082
17083
17085
17086
17087
17089
17090
17091
17092
17093
17095
17098
17099
17100
17102
17103
17104
17108
17109
17110
17111
17112
17114
17115
17116
17117
17119
17120
17121
17124
17125
17128
17129
17131
17132
17133
17134
17136
17138
17139
17140
17142
17143
17146
17147
17148
17149
17150
17151
17153
17155
17156
17157
17158
17160
17161
17162
17163
17164
17165
17166
17168
17169
17170
17171
17172
17173
17174
17175
17177
17179
17180
17181
17182
17183
17184
17185
17186
17187
17188
17190
17191
17192
17193
17194
17195
17196
17197
17198
17199
17200
17201
17202
17203
17205
17206
17207
17208
17209
17210
17211
17212
17214
17215
17216
17217
17221
17222
17223
17225
17228
17232
17233
17235
17236
17237
17238
17239
17241
17243
17246
17247
17248
17249
17250
17252
17253
17255
17257
17258
17259
17260
17261
17263
17264
17265
17266
17270
17271
17272
17274
17276
17277
17278
17279
17281
17282
17284
17285
17286
17287
17288
17289
17290
17292
17293
17294
17296
17297
17300
17301
17302
17303
17304
17305
17306
17307
17308
17309
17310
17311
17312
17313
17314
17315
17319
17320
17321
17322
17323
17324
17326
17327
17328
17329
17331
17334
17335
17336
17337
17338
17341
17343
17344
17345
17346
17350
17352
17353
17355
17356
17357
17358
17359
17360
17361
17363
17364
17365
17367
17369
17370
17371
17372
17375
17376
17377
17378
17379
17380
17381
17382
17383
17384
17387
17388
17389
17390
17391
17392
17395
17396
17397
17398
17400
17401
17402
17403
17405
17406
17407
17410
17411
17413
17414
17415
17417
17418
17419
17420
17422
17423
17424
17425
17427
17428
17429
17432
17433
17434
17435
17436
17437
17438
17439
17440
17441
17443
17444
17445
17446
17447
17448
17449
17450
17451
17453
17454
17455
17456
17457
17458
17459
17462
17463
17464
17465
17466
17467
17469
17470
17471
17475
17477
17478
17479
17482
17483
17484
17485
17486
17487
17488
17490
17493
17494
17495
17497
17499
17501
17502
17503
17505
17506
17508
17509
17511
17512
17513
17514
17515
17516
17517
17518
17520
17521
17525
17526
17528
17530
17531
17532
17537
17538
17539
17542
17543
17544
17546
17548
17550
17551
17554
17555
17556
17558
17560
17562
17564
17565
17568
17570
17571
17572
17573
17574
17578
17584
17585
17589
17590
17591
17592
17593
17595
17597
17599
17600
17602
17603
17606
17607
17608
17609
17611
17612
17613
17615
17621
17622
17625
17626
17627
17628
17631
17632
17633
17635
17636
17637
17638
17639
17640
17641
17643
17644
17646
17647
17648
17649
17650
17651
17652
17653
17654
17655
17656
17659
17660
17662
17666
17668
17670
17671
17672
17673
17675
17676
17677
17678
17680
17681
17682
17685
17688
17691
17692
17695
17696
17697
17699
17700
17701
17702
17703
17705
17706
17707
17709
17710
17712
17713
17716
17717
17718
17719
17720
17721
17723
17724
17725
17726
17729
17732
17734
17735
17736
17737
17738
17740
17741
17742
17745
17746
17747
17748
17749
17750
17751
17752
17754
17756
17759
17760
17761
17762
17763
17770
17773
17774
17775
17776
17777
17778
17779
17780
17781
17783
17784
17785
17786
17787
17788
17789
17790
17792
17793
17794
17797
17798
17800
17801
17803
17804
17806
17807
17811
17813
17814
17816
17817
17818
17819
17820
17821
17823
17824
17826
17827
17828
17829
17830
17831
17832
17834
17836
17837
17838
17839
17840
17841
17842
17844
17845
17848
17849
17851
17852
17853
17854
17855
17856
17857
17859
17860
17861
17863
17864
17865
17866
17867
17868
17869
17870
17871
17872
17876
17878
17879
17880
17881
17882
17885
17886
17887
17888
17890
17891
17894
17895
17896
17897
17898
17900
17901
17902
17905
17907
17908
17910
17912
17913
17915
17916
17917
17918
17919
17920
17921
17925
17926
17928
17929
17930
17931
17932
17933
17934
17935
17937
17938
17939
17940
17941
17943
17945
17947
17948
17949
17950
17951
17953
17954
17955
17957
17958
17960
17961
17962
17963
17964
17965
17966
17967
17968
17969
17970
17973
17974
17976
17978
17979
17981
17982
17983
17984
17985
17986
17987
17989
17991
17992
17993
17994
17995
17996
17998
17999
18000
18001
18002
18004
18005
18006
18009
18010
18011
18013
18015
18016
18017
18018
18020
18021
18023
18024
18025
18026
18027
18028
18029
18031
18032
18035
18036
18037
18038
18039
18040
18041
18042
18043
18044
18045
18046
18047
18048
18049
18051
18052
18054
18055
18056
18057
18058
18059
18060
18061
18062
18063
18064
18065
18066
18067
18070
18071
18073
18074
18075
18076
18077
18078
18079
18081
18082
18086
18087
18088
18089
18090
18091
18092
18093
18094
18099
18101
18102
18103
18104
18105
18106
18108
18109
18110
18111
18112
18115
18116
18118
18119
18120
18121
18122
18123
18125
18127
18129
18130
18131
18132
18133
18134
18135
18136
18137
18138
18139
18140
18142
18143
18145
18146
18148
18150
18152
18154
18156
18157
18158
18159
18160
18161
18162
18163
18164
18165
18166
18169
18171
18172
18173
18174
18178
18179
18180
18181
18182
18184
18185
18186
18187
18188
18189
18190
18191
18192
18193
18194
18195
18196
18197
18198
18199
18200
18202
18203
18204
18205
18206
18207
18208
18209
18210
18211
18213
18214
18215
18217
18218
18219
18220
18221
18224
18225
18228
18230
18231
18232
18233
18234
18235
18236
18238
18239
18240
18241
18243
18244
18245
18246
18247
18248
18249
18250
18251
18252
18253
18255
18257
18258
18260
18262
18265
18266
18267
18268
18269
18270
18271
18273
18276
18277
18278
18279
18280
18282
18283
18287
18289
18290
18292
18295
18297
18298
18299
18300
18302
18304
18305
18307
18308
18309
18310
18312
18316
18317
18318
18320
18323
18324
18325
18326
18327
18328
18329
18330
18333
18334
18335
18336
18337
18338
18339
18340
18341
18343
18344
18345
18346
18347
18348
18350
18351
18353
18354
18355
18356
18358
18359
18362
18363
18364
18365
18367
18369
18370
18371
18372
18373
18374
18375
18376
18378
18379
18380
18381
18382
18383
18386
18387
18389
18393
18394
18395
18396
18397
18398
18399
18400
18402
18403
18404
18406
18407
18410
18411
18413
18415
18417
18418
18419
18421
18422
18423
18424
18426
18427
18428
18429
18430
18432
18433
18434
18435
18437
18438
18439
18440
18441
18443
18444
18445
18446
18448
18449
18450
18451
18454
18457
18458
18462
18463
18464
18469
18471
18472
18473
18475
18476
18477
18479
18481
18482
18484
18485
18487
18488
18489
18492
18493
18496
18497
18500
18503
18504
18506
18508
18509
18510
18511
18512
18515
18516
18517
18519
18520
18521
18522
18523
18526
18527
18528
18529
18530
18531
18532
18534
18535
18536
18537
18538
18539
18540
18541
18542
18543
18544
18545
18546
18547
18549
18550
18552
18554
18555
18556
18557
18558
18559
18561
18562
18563
18564
18566
18568
18569
18570
18573
18574
18575
18577
18578
18579
18580
18583
18584
18585
18586
18587
18589
18590
18592
18593
18595
18596
18598
18599
18602
18603
18606
18608
18609
18610
18612
18614
18615
18616
18617
18618
18619
18622
18624
18626
18627
18629
18631
18632
18633
18638
18640
18643
18644
18646
18647
18649
18650
18651
18652
18653
18655
18656
18657
18658
18659
18660
18662
18664
18666
18667
18668
18669
18670
18672
18674
18675
18676
18677
18679
18680
18682
18683
18685
18686
18687
18690
18691
18692
18694
18695
18696
18699
18700
18703
18704
18705
18706
18707
18708
18710
18713
18714
18717
18719
18721
18722
18723
18724
18726
18728
18730
18731
18732
18733
18734
18735
18736
18737
18739
18740
18742
18743
18745
18746
18747
18749
18750
18751
18752
18754
18755
18756
18757
18759
18761
18763
18765
18766
18767
18768
18770
18771
18772
18774
18776
18777
18778
18779
18780
18781
18782
18783
18784
18786
18787
18789
18790
18791
18792
18794
18795
18796
18797
18801
18802
18803
18804
18805
18806
18807
18809
18812
18813
18816
18818
18819
18820
18821
18823
18825
18826
18827
18828
18831
18832
18833
18834
18836
18837
18838
18839
18840
18842
18843
18845
18848
18850
18851
18853
18854
18855
18857
18858
18860
18861
18862
18863
18864
18865
18866
18869
18870
18871
18874
18875
18876
18877
18879
18882
18883
18884
18885
18886
18887
18889
18890
18892
18894
18895
18896
18897
18898
18899
18900
18901
18902
18903
18904
18905
18907
18908
18909
18910
18911
18912
18913
18914
18915
18917
18919
18920
18921
18922
18924
18925
18929
18931
18932
18935
18937
18938
18939
18941
18942
18946
18947
18950
18951
18952
18953
18954
18956
18957
18959
18960
18961
18962
18963
18964
18965
18966
18967
18968
18969
18970
18971
18973
18974
18975
18976
18977
18978
18980
18983
18984
18985
18988
18989
18993
18994
18995
18997
18998
18999
19000
19001
19002
19003
19004
19005
19006
19007
19008
19009
19010
19011
19012
19013
19015
19016
19017
19019
19020
19022
19023
19024
19025
19026
19027
19028
19032
19033
19035
19039
19040
19041
19042
19043
19045
19046
19047
19048
19050
19052
19053
19055
19056
19058
19059
19060
19061
19062
19063
19064
19066
19069
19072
19073
19075
19077
19079
19082
19083
19085
19087
19088
19089
19090
19092
19093
19095
19097
19098
19099
19101
19102
19103
19104
19105
19106
19107
19108
19110
19111
19112
19113
19115
19116
19117
19121
19122
19123
19124
19126
19127
19128
19129
19130
19132
19133
19134
19135
19136
19137
19138
19139
19140
19141
19143
19144
19147
19149
19150
19151
19152
19155
19157
19158
19159
19161
19162
19163
19164
19165
19166
19168
19169
19171
19172
19173
19175
19177
19178
19179
19181
19183
19184
19185
19186
19187
19188
19190
19191
19192
19193
19195
19197
19198
19199
19200
19201
19202
19203
19204
19208
19210
19211
19213
19214
19215
19216
19218
19219
19220
19222
19226
19227
19229
19233
19236
19237
19238
19239
19240
19241
19242
19243
19245
19247
19249
19251
19253
19255
19257
19258
19259
19262
19264
19265
19266
19267
19268
19269
19270
19273
19274
19275
19277
19278
19279
19282
19283
19285
19286
19287
19288
19289
19292
19294
19295
19296
19297
19298
19299
19300
19301
19302
19305
19310
19312
19313
19314
19319
19320
19321
19322
19323
19324
19327
19328
19329
19331
19332
19333
19334
19336
19337
19338
19339
19341
19342
19343
19344
19345
19346
19347
19348
19349
19350
19352
19353
19354
19356
19357
19358
19359
19360
19361
19362
19363
19364
19365
19366
19367
19368
19369
19370
19372
19373
19374
19376
19377
19378
19379
19380
19381
19382
19383
19384
19387
19388
19389
19390
19391
19392
19395
19397
19399
19400
19401
19402
19404
19405
19406
19407
19408
19410
19411
19412
19414
19415
19417
19418
19422
19423
19424
19425
19426
19428
19429
19430
19431
19432
19433
19434
19435
19436
19437
19438
19439
19440
19441
19443
19444
19445
19447
19448
19449
19450
19452
19453
19455
19456
19458
19459
19460
19462
19464
19465
19467
19468
19471
19472
19473
19475
19476
19477
19478
19479
19480
19481
19482
19483
19484
19485
19486
19487
19489
19491
19493
19494
19496
19497
19498
19499
19500
19502
19503
19505
19506
19507
19508
19509
19510
19511
19513
19516
19517
19518
19519
19520
19522
19524
19525
19526
19527
19528
19529
19531
19533
19534
19537
19538
19539
19540
19542
19543
19544
19546
19547
19548
19549
19550
19551
19554
19556
19557
19560
19561
19562
19563
19564
19567
19568
19570
19571
19572
19573
19574
19575
19577
19578
19579
19582
19583
19584
19585
19586
19588
19589
19592
19593
19594
19596
19597
19598
19600
19601
19602
19603
19604
19606
19607
19609
19610
19611
19612
19614
19616
19617
19620
19622
19623
19624
19625
19627
19628
19632
19633
19635
19636
19637
19641
19643
19644
19645
19646
19647
19648
19650
19652
19653
19654
19655
19658
19659
19662
19664
19665
19667
19668
19669
19670
19672
19674
19675
19678
19679
19680
19681
19682
19683
19687
19690
19691
19693
19694
19695
19696
19697
19698
19699
19700
19702
19705
19706
19707
19709
19710
19712
19715
19719
19720
19721
19723
19724
19725
19726
19728
19729
19730
19731
19732
19733
19734
19735
19736
19737
19738
19739
19740
19741
19743
19744
19748
19749
19750
19751
19752
19753
19755
19756
19758
19761
19763
19764
19765
19766
19767
19768
19769
19770
19772
19773
19774
19777
19780
19781
19782
19783
19786
19787
19788
19791
19792
19793
19794
19795
19796
19797
19798
19800
19801
19802
19803
19804
19806
19807
19812
19813
19815
19816
19817
19819
19820
19822
19823
19824
19825
19826
19827
19828
19829
19833
19834
19835
19836
19837
19841
19842
19843
19844
19846
19847
19848
19851
19852
19853
19854
19855
19857
19858
19860
19862
19864
19865
19866
19867
19868
19869
19871
19873
19874
19875
19877
19879
19880
19882
19883
19885
19886
19887
19888
19889
19893
19894
19896
19897
19899
19901
19904
19907
19909
19911
19913
19914
19915
19916
19917
19918
19919
19920
19921
19922
19923
19924
19925
19926
19927
19928
19929
19932
19934
19935
19936
19938
19939
19940
19941
19942
19945
19947
19949
19952
19957
19958
19959
19961
19962
19964
19965
19966
19967
19969
19970
19973
19974
19976
19978
19979
19980
19981
19982
19983
19985
19986
19989
19990
19991
19992
19993
19994
19995
19997
20000
20002
20003
20004
20005
20007
20008
20009
20010
20011
20013
20014
20016
20017
20021
20022
20024
20025
20026
20027
20028
20029
20030
20031
20032
20033
20035
20037
20038
20039
20041
20042
20044
20045
20046
20050
20051
20052
20054
20055
20056
20057
20058
20059
20060
20062
20064
20065
20067
20068
20069
20070
20071
20072
20074
20075
20078
20080
20083
20084
20085
20087
20088
20089
20090
20092
20093
20094
20096
20097
20099
20100
20102
20104
20106
20109
20112
20113
20114
20116
20117
20119
20120
20121
20122
20123
20125
20128
20129
20130
20131
20132
20133
20135
20136
20137
20138
20143
20145
20147
20148
20149
20152
20153
20155
20156
20157
20162
20163
20164
20165
20166
20167
20168
20169
20170
20173
20175
20176
20178
20179
20180
20187
20188
20189
20191
20192
20195
20196
20198
20199
20203
20205
20206
20207
20208
20209
20210
20212
20214
20215
20216
20217
20218
20219
20220
20222
20225
20226
20227
20230
20231
20233
20234
20236
20237
20238
20239
20240
20241
20243
20244
20245
20247
20248
20250
20251
20252
20253
20254
20256
20257
20260
20261
20263
20265
20266
20268
20269
20270
20271
20272
20273
20275
20276
20277
20278
20281
20282
20283
20287
20288
20290
20291
20292
20293
20295
20296
20299
20304
20305
20308
20310
20312
20313
20314
20315
20316
20317
20318
20319
20320
20321
20322
20325
20327
20328
20329
20331
20337
20338
20339
20340
20341
20342
20343
20345
20346
20347
20351
20354
20355
20356
20357
20358
20362
20364
20367
20368
20369
20370
20371
20372
20373
20374
20378
20379
20380
20382
20383
20384
20385
20387
20388
20389
20390
20391
20396
20397
20398
20399
20400
20402
20403
20404
20405
20406
20407
20409
20410
20411
20412
20413
20414
20415
20416
20417
20418
20420
20422
20423
20425
20428
20429
20430
20431
20432
20434
20435
20436
20437
20438
20440
20441
20442
20444
20445
20446
20447
20448
20450
20451
20455
20456
20457
20459
20461
20462
20463
20465
20466
20467
20469
20470
20471
20475
20477
20478
20481
20482
20483
20484
20485
20487
20488
20490
20491
20492
20494
20495
20498
20500
20501
20503
20505
20506
20507
20508
20509
20513
20515
20516
20517
20519
20521
20523
20524
20525
20526
20529
20530
20531
20534
20536
20538
20540
20543
20544
20545
20546
20548
20549
20550
20551
20552
20553
20554
20556
20557
20559
20560
20562
20563
20564
20565
20568
20569
20571
20574
20576
20577
20578
20580
20582
20583
20584
20585
20588
20590
20592
20593
20594
20598
20599
20602
20604
20605
20606
20609
20610
20611
20612
20615
20617
20618
20619
20620
20621
20622
20623
20624
20626
20628
20629
20632
20634
20636
20637
20638
20640
20641
20643
20644
20645
20647
20649
20651
20652
20653
20655
20657
20659
20661
20662
20663
20664
20668
20669
20670
20671
20673
20674
20675
20676
20677
20679
20680
20682
20683
20685
20686
20687
20688
20689
20690
20691
20692
20693
20695
20700
20702
20703
20706
20707
20708
20709
20710
20711
20712
20713
20714
20715
20717
20718
20720
20721
20722
20723
20726
20727
20728
20730
20731
20732
20733
20735
20738
20739
20740
20741
20743
20744
20748
20749
20750
20751
20752
20753
20754
20755
20757
20758
20759
20760
20762
20763
20766
20767
20768
20771
20772
20773
20775
20776
20777
20780
20783
20788
20791
20792
20793
20797
20798
20799
20800
20801
20802
20803
20804
20806
20807
20810
20812
20816
20818
20819
20820
20821
20823
20825
20826
20827
20829
20831
20833
20835
20836
20838
20840
20841
20842
20843
20844
20845
20846
20847
20848
20850
20851
20852
20853
20854
20855
20856
20857
20859
20860
20861
20862
20863
20864
20865
20867
20868
20869
20870
20871
20874
20875
20876
20880
20881
20883
20885
20886
20887
20890
20891
20894
20895
20896
20897
20898
20899
20900
20901
20902
20903
20904
20905
20906
20907
20910
20912
20914
20917
20919
20921
20922
20928
20929
20930
20931
20932
20933
20934
20936
20938
20939
20940
20941
20944
20946
20947
20948
20950
20951
20954
20955
20956
20957
20958
20959
20960
20961
20962
20963
20964
20965
20967
20968
20969
20970
20974
20975
20976
20977
20978
20979
20981
20982
20983
20984
20985
20986
20988
20990
20991
20992
20995
20996
20997
20998
21000
21002
21003
21004
21005
21006
21008
21010
21012
21013
21014
21015
21016
21017
21019
21022
21024
21025
21029
21030
21034
21035
21036
21039
21040
21041
21042
21043
21044
21049
21050
21052
21054
21055
21056
21057
21058
21060
21061
21063
21064
21065
21068
21069
21070
21071
21072
21074
21075
21077
21078
21080
21081
21082
21083
21084
21085
21087
21088
21089
21090
21091
21092
21093
21097
21098
21099
21100
21101
21102
21103
21106
21107
21108
21109
21111
21112
21114
