0
1
2
3
9
10
13
15
16
17
19
22
24
26
27
29
30
32
39
40
41
42
43
46
47
50
52
53
54
55
57
60
62
63
65
66
67
69
71
72
75
76
77
78
79
82
86
89
94
96
99
103
104
106
107
108
110
111
112
113
114
116
117
120
121
124
126
127
129
134
136
137
139
140
141
142
144
145
149
150
153
154
155
156
157
158
160
165
166
168
169
170
172
174
176
178
179
180
181
182
185
186
188
189
190
193
194
195
200
201
202
205
207
209
210
211
214
217
219
220
223
228
236
238
239
241
242
245
252
253
254
255
257
259
260
261
264
265
266
267
268
269
271
272
274
276
279
280
282
283
284
285
286
287
290
291
292
294
298
299
300
303
305
307
308
309
312
313
316
317
318
320
321
323
324
325
326
330
333
338
339
343
345
349
351
358
361
363
365
366
369
371
374
375
377
381
384
386
388
389
392
393
397
398
400
401
403
406
407
408
409
410
411
412
413
414
415
420
421
422
427
429
430
431
432
436
440
441
442
443
444
445
454
455
456
457
459
460
462
463
464
465
466
467
472
473
474
475
476
477
478
479
480
481
482
483
484
485
486
487
488
491
493
498
500
502
503
504
507
509
511
513
515
516
517
523
525
526
530
532
537
540
541
542
543
545
546
548
550
552
556
562
563
564
565
569
571
572
577
579
580
581
582
583
586
587
588
590
592
593
594
595
597
598
600
602
603
607
608
609
611
612
614
616
620
623
624
627
629
630
631
636
637
640
641
643
644
648
649
652
653
655
657
661
663
665
666
667
672
673
675
676
678
681
683
684
685
687
694
695
698
700
701
703
704
708
709
711
714
715
720
722
723
725
726
727
729
730
731
734
735
738
741
743
744
745
749
751
752
754
757
758
764
765
768
770
774
775
776
778
781
782
783
787
790
791
794
795
797
798
799
800
802
806
807
811
812
813
815
816
817
818
820
823
825
826
828
832
833
836
837
839
841
842
845
847
848
849
850
851
852
856
857
858
859
860
862
865
866
870
871
873
876
878
881
882
883
884
888
889
894
895
896
897
898
901
905
907
908
909
914
921
922
923
925
926
928
936
937
940
941
943
947
949
950
952
956
958
959
960
961
963
964
971
972
977
978
980
984
986
988
989
993
995
996
997
999
1001
1002
1003
1005
1006
1009
1012
1014
1015
1018
1019
1022
1024
1025
1027
1028
1029
1030
1031
1034
1035
1037
1038
1043
1044
1045
1046
1048
1049
1053
1055
1058
1060
1062
1066
1067
1068
1069
1070
1071
1073
1076
1085
1086
1092
1095
1097
1099
1101
1102
1109
1110
1111
1113
1115
1116
1119
1121
1126
1127
1131
1133
1134
1136
1137
1138
1139
1141
1142
1143
1144
1145
1151
1152
1154
1157
1158
1159
1161
1162
1163
1166
1167
1168
1169
1170
1171
1174
1176
1177
1179
1180
1183
1191
1192
1196
1201
1202
1203
1204
1205
1206
1207
1211
1212
1213
1214
1215
1218
1220
1221
1222
1223
1225
1227
1231
1232
1233
1238
1240
1246
1247
1251
1252
1254
1255
1256
1257
1259
1267
1269
1270
1271
1273
1274
1276
1278
1280
1281
1282
1284
1286
1288
1290
1291
1292
1296
1298
1299
1300
1304
1305
1306
1309
1310
1312
1314
1317
1322
1323
1325
1326
1332
1334
1335
1336
1341
1342
1348
1349
1350
1353
1355
1359
1360
1362
1363
1365
1366
1370
1371
1377
1378
1379
1381
1384
1385
1386
1388
1391
1397
1403
1404
1405
1406
1407
1408
1409
1412
1414
1419
1422
1424
1427
1430
1431
1432
1434
1435
1436
1439
1440
1441
1448
1450
1452
1454
1456
1457
1458
1461
1464
1465
1466
1468
1469
1470
1474
1476
1477
1481
1482
1483
1484
1485
1487
1488
1491
1492
1493
1499
1502
1503
1504
1505
1506
1507
1509
1511
1515
1516
1517
1518
1519
1522
1525
1526
1528
1529
1531
1532
1534
1536
1537
1539
1542
1544
1545
1546
1548
1550
1551
1552
1556
1558
1559
1561
1562
1563
1567
1568
1569
1570
1573
1574
1576
1577
1579
1582
1585
1589
1590
1591
1592
1593
1595
1596
1597
1598
1600
1602
1603
1604
1605
1607
1609
1610
1611
1614
1615
1616
1619
1620
1621
1623
1628
1631
1632
1636
1639
1641
1646
1648
1652
1653
1654
1655
1656
1657
1659
1660
1661
1664
1666
1668
1671
1673
1679
1680
1683
1684
1685
1688
1692
1695
1696
1697
1698
1699
1705
1707
1708
1709
1710
1711
1713
1715
1717
1720
1721
1725
1728
1729
1730
1735
1738
1741
1742
1743
1744
1746
1748
1749
1750
1751
1755
1757
1758
1759
1760
1761
1764
1765
1766
1769
1773
1776
1779
1782
1785
1787
1788
1791
1793
1795
1796
1798
1799
1801
1803
1804
1805
1808
1812
1814
1815
1816
1819
1820
1821
1824
1825
1826
1827
1828
1830
1831
1832
1833
1834
1835
1836
1840
1842
1844
1845
1846
1847
1849
1851
1854
1856
1857
1860
1861
1862
1863
1864
1866
1867
1868
1869
1870
1873
1876
1877
1879
1889
1891
1892
1893
1895
1897
1900
1904
1906
1907
1909
1910
1914
1915
1916
1917
1922
1924
1925
1932
1933
1935
1936
1937
1938
1941
1943
1945
1946
1947
1948
1949
1952
1953
1954
1957
1960
1961
1962
1964
1965
1969
1971
1972
1973
1975
1977
1978
1979
1984
1985
1987
1988
1989
1990
1991
1994
1997
1998
1999
2001
2002
2003
2006
2008
2010
2012
2018
2019
2020
2022
2023
2024
2025
2028
2029
2030
2031
2033
2035
2036
2042
2043
2044
2046
2049
2054
2055
2056
2060
2061
2062
2064
2065
2066
2069
2070
2072
2073
2074
2077
2078
2079
2081
2082
2083
2086
2087
2090
2092
2094
2096
2097
2099
2102
2103
2106
2109
2111
2113
2115
2117
2119
2120
2121
2122
2125
2131
2136
2138
2140
2141
2142
2146
2147
2148
2149
2150
2152
2154
2155
2157
2162
2165
2168
2169
2170
2171
2172
2173
2174
2175
2176
2178
2182
2185
2187
2189
2190
2192
2194
2196
2197
2198
2199
2200
2201
2202
2203
2204
2206
2211
2212
2214
2216
2217
2218
2219
2221
2223
2224
2226
2227
2228
2230
2232
2241
2243
2247
2248
2253
2255
2256
2259
2262
2264
2265
2267
2269
2272
2273
2274
2276
2280
2283
2286
2287
2288
2292
2295
2296
2298
2301
2302
2303
2305
2309
2311
2313
2315
2317
2319
2321
2326
2327
2330
2331
2333
2334
2335
2336
2337
2338
2343
2345
2348
2349
2350
2351
2352
2353
2354
2356
2358
2359
2360
2361
2364
2365
2366
2368
2369
2370
2371
2372
2374
2375
2376
2381
2384
2386
2387
2389
2392
2393
2394
2397
2406
2408
2409
2410
2411
2412
2414
2415
2417
2418
2420
2422
2423
2427
2429
2431
2432
2435
2436
2437
2440
2441
2445
2446
2447
2450
2451
2453
2454
2455
2458
2464
2466
2469
2471
2472
2474
2479
2480
2481
2484
2489
2491
2494
2495
2497
2500
2501
2502
2503
2506
2512
2515
2518
2520
2522
2523
2528
2529
2530
2532
2533
2534
2537
2538
2540
2541
2542
2545
2546
2549
2550
2551
2552
2555
2558
2560
2562
2563
2565
2567
2570
2571
2575
2576
2580
2584
2585
2586
2587
2588
2589
2590
2592
2593
2594
2596
2599
2600
2601
2602
2607
2608
2611
2614
2615
2616
2617
2619
2621
2623
2624
2626
2627
2628
2630
2633
2634
2639
2641
2643
2646
2648
2650
2657
2658
2659
2660
2662
2666
2668
2669
2671
2673
2676
2678
2679
2681
2682
2683
2689
2690
2691
2692
2693
2694
2699
2700
2701
2703
2705
2711
2714
2717
2718
2719
2721
2722
2724
2727
2729
2731
2733
2734
2736
2737
2738
2739
2741
2742
2747
2752
2753
2756
2759
2763
2765
2768
2769
2773
2782
2784
2785
2786
2788
2789
2792
2796
2798
2801
2804
2805
2806
2807
2808
2810
2812
2818
2821
2822
2823
2828
2830
2835
2840
2841
2842
2844
2847
2849
2851
2852
2854
2856
2857
2858
2859
2863
2864
2867
2869
2870
2873
2874
2879
2881
2884
2887
2888
2889
2891
2895
2896
2897
2898
2900
2901
2902
2904
2905
2907
2909
2912
2913
2917
2920
2924
2925
2927
2928
2929
2930
2936
2938
2940
2941
2942
2943
2948
2950
2951
2955
2957
2959
2963
2965
2971
2973
2974
2977
2978
2979
2981
2982
2984
2986
2987
2988
2989
2990
2992
2995
2998
3000
3002
3003
3005
3008
3012
3016
3017
3018
3019
3020
3025
3028
3030
3032
3035
3036
3037
3039
3042
3044
3049
3050
3053
3055
3056
3059
3063
3065
3068
3071
3072
3073
3074
3077
3082
3085
3086
3088
3091
3092
3094
3095
3096
3099
3100
3102
3108
3110
3111
3112
3114
3116
3117
3118
3119
3121
3125
3126
3127
3129
3134
3135
3139
3142
3143
3145
3146
3148
3149
3151
3152
3155
3156
3157
3160
3161
3163
3165
3166
3167
3168
3170
3171
3172
3176
3177
3178
3181
3182
3183
3184
3187
3188
3189
3194
3195
3199
3200
3203
3205
3207
3209
3211
3214
3215
3216
3217
3218
3220
3222
3226
3229
3230
3231
3232
3234
3235
3239
3240
3242
3243
3244
3245
3246
3248
3251
3252
3253
3258
3259
3261
3262
3266
3268
3269
3271
3273
3274
3277
3278
3281
3282
3285
3288
3292
3297
3298
3299
3301
3302
3303
3306
3307
3311
3312
3315
3316
3317
3325
3326
3327
3329
3330
3339
3341
3342
3343
3345
3347
3348
3349
3350
3356
3359
3360
3361
3362
3366
3367
3370
3380
3385
3386
3390
3393
3395
3397
3398
3399
3403
3404
3406
3407
3409
3411
3412
3414
3415
3417
3423
3424
3425
3426
3427
3428
3430
3432
3436
3438
3439
3440
3442
3445
3446
3448
3452
3453
3454
3455
3458
3462
3466
3469
3471
3472
3473
3474
3476
3477
3478
3479
3480
3482
3486
3488
3489
3491
3494
3495
3498
3500
3502
3506
3507
3510
3511
3514
3518
3519
3520
3521
3522
3523
3532
3533
3535
3536
3539
3542
3543
3544
3546
3548
3550
3551
3554
3555
3556
3558
3559
3561
3563
3567
3568
3570
3573
3575
3576
3580
3581
3582
3583
3584
3585
3588
3591
3592
3593
3597
3599
3602
3603
3604
3606
3607
3608
3609
3611
3613
3615
3620
3622
3626
3627
3628
3629
3631
3632
3637
3638
3640
3646
3648
3649
3651
3652
3653
3658
3661
3662
3663
3664
3665
3666
3668
3669
3670
3671
3672
3673
3675
3676
3677
3678
3681
3685
3686
3690
3692
3693
3695
3697
3698
3699
3703
3704
3706
3709
3712
3714
3715
3716
3721
3722
3726
3727
3729
3730
3731
3734
3736
3738
3744
3745
3748
3750
3754
3755
3763
3764
3766
3769
3770
3775
3776
3777
3778
3780
3781
3784
3787
3788
3789
3790
3792
3794
3796
3797
3798
3799
3800
3801
3802
3805
3807
3808
3809
3810
3814
3816
3817
3819
3820
3821
3828
3832
3833
3834
3835
3842
3843
3844
3847
3848
3851
3854
3855
3860
3865
3867
3868
3869
3871
3875
3881
3884
3885
3886
3887
3888
3889
3896
3899
3900
3901
3902
3904
3906
3907
3908
3910
3913
3915
3916
3918
3919
3922
3926
3928
3929
3930
3931
3932
3933
3934
3935
3936
3941
3944
3947
3952
3953
3956
3957
3962
3963
3965
3966
3967
3976
3978
3980
3982
3985
3988
3989
3990
3991
3994
3997
3999
4001
4002
4003
4004
4007
4010
4011
4012
4013
4018
4021
4022
4024
4025
4026
4027
4028
4031
4034
4040
4041
4042
4044
4045
4046
4048
4050
4051
4054
4055
4056
4057
4060
4061
4066
4067
4068
4069
4070
4078
4079
4081
4082
4084
4090
4091
4096
4097
4098
4100
4101
4104
4106
4108
4112
4113
4115
4116
4120
4121
4124
4126
4128
4131
4133
4135
4137
4139
4141
4143
4144
4145
4149
4150
4151
4160
4166
4170
4171
4174
4175
4176
4180
4181
4182
4186
4188
4189
4191
4192
4194
4195
4196
4197
4201
4203
4204
4205
4206
4209
4212
4213
4214
4215
4216
4217
4218
4219
4220
4226
4228
4230
4231
4233
4235
4237
4238
4239
4246
4250
4253
4255
4256
4258
4259
4260
4262
4264
4265
4266
4268
4270
4271
4276
4277
4278
4279
4285
4286
4287
4292
4295
4296
4298
4300
4302
4303
4305
4306
4312
4313
4315
4317
4319
4323
4324
4326
4330
4332
4333
4336
4338
4339
4343
4344
4345
4349
4352
4353
4355
4356
4358
4361
4363
4365
4366
4367
4369
4372
4374
4375
4379
4380
4381
4382
4383
4385
4387
4390
4391
4396
4398
4399
4402
4403
4406
4407
4408
4409
4410
4412
4415
4416
4417
4418
4420
4421
4425
4426
4429
4430
4434
4437
4438
4440
4441
4450
4454
4455
4456
4460
4461
4462
4463
4465
4467
4468
4470
4471
4475
4476
4481
4482
4483
4487
4488
4491
4493
4494
4495
4501
4502
4503
4504
4512
4513
4517
4518
4522
4526
4529
4531
4532
4535
4536
4537
4538
4540
4542
4546
4547
4548
4552
4553
4554
4557
4559
4560
4561
4562
4563
4565
4567
4568
4569
4573
4577
4579
4580
4584
4587
4588
4589
4597
4601
4602
4604
4609
4610
4612
4614
4615
4617
4618
4619
4622
4623
4625
4626
4627
4628
4633
4635
4637
4638
4639
4640
4641
4643
4644
4646
4647
4654
4656
4657
4658
4659
4662
4664
4666
4668
4670
4671
4672
4673
4675
4677
4678
4680
4685
4686
4688
4690
4693
4694
4696
4697
4698
4700
4701
4702
4703
4705
4706
4708
4712
4714
4717
4720
4721
4723
4726
4727
4729
4731
4732
4739
4745
4746
4747
4750
4751
4752
4754
4755
4756
4757
4759
4764
4765
4768
4770
4774
4775
4776
4778
4780
4782
4783
4785
4787
4788
4790
4791
4793
4794
4795
4796
4797
4798
4800
4801
4802
4804
4806
4807
4809
4810
4812
4813
4814
4815
4816
4818
4819
4820
4821
4823
4825
4827
4830
4836
4837
4839
4840
4842
4843
4847
4848
4853
4854
4855
4856
4857
4861
4867
4868
4873
4875
4876
4880
4884
4886
4888
4890
4892
4894
4895
4896
4897
4898
4899
4901
4904
4911
4912
4913
4919
4920
4921
4924
4929
4933
4934
4935
4936
4937
4938
4941
4942
4943
4944
4948
4950
4951
4952
4953
4955
4960
4962
4963
4964
4965
4966
4969
4970
4971
4974
4979
4981
4982
4983
4985
4986
4987
4988
4989
4990
4993
4995
4996
4998
5000
5001
5002
5007
5008
5010
5011
5017
5018
5019
5022
5025
5027
5028
5029
5031
5032
5034
5035
5039
5040
5041
5043
5045
5046
5051
5053
5056
5058
5060
5061
5063
5065
5066
5067
5068
5070
5074
5077
5080
5083
5084
5085
5088
5089
5092
5094
5095
5096
5097
5099
5100
5101
5103
5104
5109
5110
5112
5113
5114
5117
5118
5122
5124
5127
5128
5131
5132
5136
5140
5141
5142
5148
5149
5152
5155
5157
5159
5160
5165
5166
5167
5168
5171
5172
5174
5177
5178
5179
5180
5181
5182
5184
5185
5187
5188
5190
5192
5195
5197
5201
5203
5204
5206
5212
5216
5217
5218
5219
5220
5221
5225
5232
5234
5236
5238
5239
5240
5245
5246
5248
5250
5251
5254
5255
5259
5262
5263
5264
5265
5266
5270
5271
5272
5273
5274
5275
5277
5279
5282
5283
5284
5285
5286
5287
5289
5290
5291
5295
5296
5297
5298
5299
5303
5304
5307
5308
5310
5316
5318
5319
5321
5325
5327
5330
5332
5335
5336
5337
5340
5341
5345
5346
5349
5350
5353
5354
5355
5356
5358
5359
5360
5361
5362
5364
5365
5367
5371
5374
5381
5383
5384
5393
5394
5397
5398
5399
5400
5402
5403
5404
5405
5407
5409
5412
5415
5416
5417
5420
5421
5423
5424
5425
5427
5429
5433
5436
5437
5438
5439
5441
5443
5445
5447
5450
5453
5456
5460
5461
5464
5465
5467
5468
5470
5471
5473
5476
5480
5481
5484
5485
5488
5489
5491
5493
5494
5495
5496
5498
5500
5502
5504
5506
5507
5508
5509
5511
5512
5515
5516
5517
5518
5520
5521
5523
5527
5529
5530
5531
5536
5537
5539
5540
5542
5549
5552
5553
5556
5557
5558
5560
5561
5562
5564
5565
5568
5569
5570
5571
5572
5573
5575
5577
5579
5581
5582
5584
5586
5588
5591
5597
5600
5601
5603
5605
5606
5607
5612
5619
5620
5627
5629
5632
5634
5637
5638
5641
5642
5643
5645
5647
5648
5651
5652
5660
5662
5664
5667
5669
5676
5677
5678
5679
5682
5683
5684
5686
5689
5691
5693
5694
5698
5701
5702
5705
5706
5711
5712
5713
5715
5716
5717
5718
5720
5721
5723
5724
5725
5726
5728
5730
5731
5734
5736
5737
5738
5739
5741
5742
5743
5744
5750
5751
5752
5753
5757
5761
5762
5764
5765
5770
5772
5773
5775
5777
5779
5780
5781
5782
5783
5787
5790
5792
5794
5796
5798
5799
5805
5806
5811
5813
5815
5821
5822
5827
5829
5830
5831
5833
5834
5836
5838
5839
5841
5843
5844
5845
5846
5847
5850
5854
5856
5857
5859
5860
5861
5865
5866
5870
5871
5873
5874
5876
5877
5881
5883
5887
5891
5892
5893
5895
5902
5904
5905
5906
5907
5911
5915
5916
5917
5918
5919
5921
5923
5926
5927
5929
5932
5933
5935
5939
5940
5942
5945
5946
5948
5949
5950
5951
5957
5958
5959
5960
5964
5966
5968
5970
5974
5975
5976
5979
5980
5982
5983
5986
5987
5988
5989
5990
5991
5993
5997
5998
6001
6003
6004
6005
6007
6012
6014
6015
6016
6018
6019
6021
6031
6033
6036
6037
6040
6043
6044
6048
6051
6053
6055
6057
6058
6060
6062
6066
6067
6069
6070
6073
6075
6076
6077
6078
6079
6080
6083
6084
6085
6087
6090
6091
6096
6097
6099
6105
6107
6108
6111
6112
6114
6115
6116
6118
6119
6122
6123
6124
6125
6129
6133
6135
6136
6137
6139
6140
6143
6146
6148
6150
6151
6152
6153
6154
6156
6157
6158
6160
6162
6163
6165
6167
6173
6174
6177
6179
6180
6181
6183
6185
6187
6188
6197
6200
6201
6202
6204
6205
6207
6216
6217
6218
6220
6223
6225
6226
6230
6232
6233
6235
6237
6238
6241
6244
6246
6249
6260
6262
6263
6264
6268
6269
6270
6272
6273
6276
6277
6280
6281
6282
6284
6290
6292
6293
6294
6295
6297
6299
6302
6306
6308
6310
6313
6316
6317
6318
6320
6323
6324
6331
6332
6336
6337
6341
6343
6344
6345
6348
6349
6350
6352
6353
6354
6355
6356
6363
6364
6367
6368
6369
6371
6372
6373
6374
6376
6377
6379
6380
6381
6383
6384
6387
6389
6390
6392
6393
6395
6396
6399
6401
6403
6405
6407
6408
6409
6412
6417
6418
6421
6424
6426
6429
6431
6433
6435
6437
6438
6439
6442
6443
6445
6446
6447
6448
6451
6454
6455
6458
6459
6463
6467
6469
6470
6472
6474
6475
6477
6478
6479
6480
6481
6482
6483
6487
6488
6491
6492
6494
6496
6497
6498
6499
6504
6508
6512
6513
6514
6515
6516
6523
6524
6525
6529
6530
6531
6532
6535
6536
6537
6543
6544
6545
6549
6551
6554
6556
6561
6563
6564
6565
6567
6568
6569
6570
6573
6579
6580
6581
6582
6583
6585
6587
6589
6593
6594
6595
6596
6599
6600
6601
6602
6603
6604
6605
6609
6613
6615
6616
6617
6619
6621
6624
6625
6626
6631
6632
6636
6637
6638
6640
6642
6646
6647
6649
6655
6656
6657
6658
6659
6660
6662
6663
6664
6669
6670
6671
6673
6674
6679
6680
6682
6684
6687
6689
6692
6693
6700
6702
6703
6705
6708
6709
6711
6712
6716
6717
6718
6720
6721
6722
6724
6725
6726
6727
6728
6729
6734
6736
6737
6738
6742
6744
6745
6749
6750
6753
6754
6755
6757
6760
6761
6762
6763
6766
6768
6770
6771
6772
6775
6776
6781
6786
6787
6788
6789
6791
6792
6794
6797
6799
6802
6806
6807
6808
6809
6811
6812
6820
6824
6827
6828
6829
6830
6831
6834
6836
6837
6838
6839
6843
6844
6847
6848
6849
6852
6854
6855
6856
6859
6863
6864
6866
6868
6869
6871
6875
6880
6882
6885
6886
6887
6888
6892
6899
6900
6902
6903
6904
6905
6906
6908
6909
6912
6916
6918
6923
6926
6927
6931
6934
6935
6941
6945
6947
6948
6950
6951
6954
6955
6956
6957
6958
6959
6962
6963
6967
6969
6970
6973
6974
6976
6978
6980
6981
6983
6984
6985
6986
6987
6988
6991
6992
6995
6997
6998
6999
7001
7002
7003
7005
7007
7008
7009
7011
7012
7014
7016
7017
7018
7020
7022
7023
7024
7027
7028
7029
7032
7035
7036
7038
7043
7044
7045
7047
7048
7049
7051
7052
7054
7055
7056
7059
7060
7061
7064
7066
7067
7068
7071
7072
7073
7075
7076
7078
7081
7082
7084
7086
7088
7090
7091
7094
7095
7097
7098
7099
7100
7101
7104
7105
7106
7112
7114
7115
7118
7119
7120
7122
7123
7126
7129
7133
7134
7135
7137
7139
7140
7141
7142
7144
7145
7146
7147
7149
7150
7151
7157
7158
7159
7160
7165
7167
7169
7172
7178
7179
7180
7181
7183
7185
7186
7187
7189
7194
7195
7196
7197
7198
7202
7205
7206
7207
7208
7210
7212
7216
7217
7220
7221
7223
7226
7228
7233
7234
7235
7236
7239
7240
7241
7242
7244
7245
7247
7248
7249
7250
7255
7262
7265
7270
7271
7272
7273
7275
7276
7277
7278
7279
7282
7284
7285
7286
7288
7289
7290
7293
7294
7297
7300
7301
7302
7305
7306
7308
7309
7310
7312
7314
7315
7316
7317
7319
7321
7323
7326
7328
7329
7331
7332
7334
7335
7336
7341
7343
7344
7346
7348
7349
7350
7352
7356
7358
7360
7361
7362
7363
7364
7368
7370
7371
7373
7374
7379
7383
7384
7385
7386
7389
7391
7396
7400
7401
7402
7404
7408
7412
7413
7415
7416
7417
7418
7419
7423
7424
7426
7427
7428
7429
7433
7434
7439
7445
7449
7450
7451
7455
7456
7459
7462
7463
7472
7473
7475
7476
7479
7480
7485
7493
7496
7499
7500
7502
7507
7510
7513
7514
7515
7517
7518
7519
7522
7523
7525
7527
7528
7529
7531
7533
7534
7535
7536
7538
7541
7542
7543
7547
7548
7549
7557
7563
7567
7568
7569
7573
7575
7576
7577
7579
7583
7584
7585
7588
7589
7590
7592
7594
7596
7598
7599
7600
7601
7602
7605
7606
7607
7609
7611
7613
7614
7615
7616
7617
7619
7620
7621
7624
7625
7626
7629
7631
7633
7634
7636
7637
7638
7639
7640
7644
7646
7647
7648
7649
7650
7651
7652
7653
7654
7657
7659
7660
7661
7662
7663
7669
7671
7673
7679
7680
7683
7685
7687
7689
7693
7696
7697
7699
7702
7703
7704
7705
7709
7712
7717
7722
7724
7725
7726
7728
7730
7740
7741
7746
7748
7749
7753
7758
7759
7762
7764
7765
7766
7767
7768
7770
7771
7772
7773
7775
7776
7777
7778
7779
7780
7783
7785
7787
7789
7791
7794
7795
7799
7802
7808
7811
7812
7814
7817
7820
7821
7822
7823
7825
7826
7827
7830
7831
7832
7840
7843
7848
7850
7854
7855
7856
7857
7859
7860
7861
7862
7863
7864
7865
7866
7867
7874
7875
7876
7878
7880
7883
7886
7887
7890
7892
7893
7896
7897
7900
7902
7907
7909
7913
7916
7917
7919
7920
7922
7923
7924
7928
7929
7932
7934
7935
7936
7938
7939
7946
7950
7952
7953
7954
7955
7959
7965
7966
7967
7969
7970
7971
7976
7982
7985
7986
7987
7989
7990
7991
7992
7993
7996
7998
7999
8000
8001
8002
8003
8004
8006
8007
8009
8011
8012
8013
8016
8020
8023
8024
8027
8030
8034
8040
8041
8043
8044
8046
8047
8048
8051
8052
8053
8056
8058
8059
8060
8064
8065
8066
8067
8069
8070
8072
8073
8074
8076
8082
8084
8085
8088
8089
8091
8094
8095
8097
8099
8102
8104
8105
8108
8110
8115
8116
8117
8118
8119
8120
8121
8122
8125
8126
8132
8135
8136
8137
8140
8141
8142
8143
8144
8147
8149
8150
8151
8154
8155
8158
8161
8165
8166
8170
8176
8178
8181
8183
8184
8185
8188
8189
8195
8198
8201
8202
8204
8209
8213
8215
8216
8217
8219
8223
8227
8228
8229
8230
8231
8233
8234
8235
8240
8242
8243
8246
8250
8251
8252
8255
8259
8260
8262
8264
8265
8266
8267
8268
8271
8281
8283
8284
8285
8287
8291
8292
8297
8300
8302
8303
8304
8305
8306
8307
8309
8310
8315
8318
8321
8323
8324
8325
8328
8329
8330
8333
8336
8337
8339
8340
8341
8342
8343
8348
8350
8351
8352
8353
8354
8355
8357
8359
8366
8368
8375
8380
8381
8383
8385
8386
8389
8391
8394
8395
8396
8399
8400
8401
8405
8407
8411
8413
8417
8420
8421
8426
8428
8431
8432
8436
8438
8439
8440
8441
8444
8445
8450
8455
8462
8463
8467
8468
8469
8470
8472
8477
8478
8480
8482
8484
8485
8488
8490
8491
8492
8494
8495
8498
8499
8500
8501
8503
8507
8510
8511
8517
8518
8519
8520
8521
8522
8523
8524
8526
8527
8528
8529
8530
8531
8537
8538
8539
8542
8545
8549
8550
8551
8552
8553
8555
8558
8561
8562
8563
8564
8565
8567
8568
8572
8573
8576
8581
8585
8591
8592
8600
8603
8605
8606
8609
8614
8616
8617
8618
8619
8620
8624
8627
8629
8635
8636
8637
8641
8643
8644
8646
8653
8654
8656
8658
8660
8661
8662
8663
8666
8667
8668
8669
8672
8673
8674
8675
8678
8679
8680
8681
8685
8686
8687
8690
8693
8696
8699
8700
8703
8704
8707
8714
8715
8716
8720
8722
8723
8726
8728
8729
8731
8733
8734
8736
8737
8739
8740
8742
8744
8746
8748
8750
8751
8752
8753
8755
8756
8757
8759
8760
8763
8764
8767
8769
8775
8776
8777
8778
8779
8780
8781
8782
8783
8786
8793
8794
8795
8796
8797
8802
8803
8804
8806
8807
8811
8816
8817
8818
8820
8821
8823
8824
8825
8826
8828
8829
8834
8835
8836
8842
8843
8846
8849
8850
8851
8852
8853
8855
8856
8862
8863
8865
8866
8869
8871
8874
8876
8877
8886
8890
8891
8894
8895
8896
8897
8899
8900
8901
8902
8905
8907
8909
8911
8913
8916
8917
8918
8920
8923
8924
8928
8929
8932
8934
8938
8939
8940
8944
8945
8946
8947
8952
8954
8956
8959
8961
8963
8964
8967
8968
8969
8975
8978
8979
8981
8983
8984
8985
8986
8989
8994
8995
8996
8997
8999
9000
9001
9004
9005
9006
9017
9019
9021
9022
9023
9024
9026
9027
9028
9029
9032
9036
9037
9038
9040
9043
9046
9050
9053
9055
9058
9060
9061
9063
9068
9069
9073
9074
9075
9076
9077
9079
9082
9083
9085
9089
9093
9096
9097
9098
9100
9101
9102
9106
9108
9110
9111
9112
9114
9117
9119
9120
9122
9123
9124
9125
9128
9129
9130
9131
9132
9134
9135
9136
9137
9140
9145
9146
9147
9149
9154
9155
9156
9158
9160
9162
9163
9165
9173
9175
9176
9177
9181
9183
9187
9188
9189
9190
9191
9193
9194
9195
9198
9200
9201
9204
9205
9208
9211
9214
9215
9218
9219
9221
9222
9223
9224
9226
9228
9229
9230
9231
9234
9237
9239
9240
9241
9242
9243
9245
9251
9253
9255
9257
9259
9260
9262
9263
9264
9266
9268
9270
9271
9273
9274
9276
9281
9282
9284
9288
9289
9290
9291
9296
9299
9304
9306
9308
9310
9311
9312
9313
9314
9317
9319
9320
9321
9322
9323
9326
9327
9329
9331
9333
9336
9337
9338
9339
9341
9349
9350
9352
9353
9355
9358
9359
9362
9363
9364
9365
9367
9368
9369
9372
9373
9374
9375
9380
9381
9382
9383
9385
9388
9389
9390
9397
9398
9400
9401
9404
9405
9407
9409
9411
9412
9413
9417
9418
9421
9424
9425
9426
9429
9430
9433
9434
9440
9444
9449
9450
9453
9454
9455
9456
9457
9462
9464
9466
9467
9470
9471
9472
9473
9474
9476
9478
9481
9484
9485
9486
9487
9488
9489
9493
9496
9497
9498
9499
9501
9506
9507
9509
9510
9514
9515
9520
9525
9526
9528
9529
9530
9535
9537
9540
9542
9544
9550
9551
9554
9555
9556
9559
9560
9562
9563
9564
9565
9566
9567
9571
9572
9575
9577
9578
9579
9580
9581
9582
9583
9586
9588
9593
9595
9597
9598
9604
9605
9607
9608
9610
9611
9614
9615
9618
9620
9621
9622
9626
9627
9628
9629
9630
9631
9632
9635
9637
9642
9643
9645
9648
9649
9651
9653
9655
9660
9661
9662
9664
9666
9668
9670
9671
9674
9675
9680
9682
9684
9687
9688
9689
9697
9699
9700
9701
9702
9703
9705
9708
9709
9710
9713
9715
9717
9718
9723
9725
9726
9727
9728
9729
9732
9734
9739
9740
9741
9745
9747
9752
9757
9761
9764
9765
9767
9768
9769
9771
9773
9774
9775
9776
9778
9782
9783
9785
9786
9791
9794
9798
9800
9807
9808
9809
9812
9813
9815
9816
9819
9820
9821
9822
9824
9825
9826
9827
9830
9831
9832
9833
9836
9838
9840
9841
9842
9843
9844
9845
9846
9849
9851
9853
9857
9863
9864
9865
9868
9869
9870
9871
9872
9874
9875
9883
9887
9888
9891
9892
9893
9895
9896
9897
9898
9899
9901
9903
9904
9907
9909
9913
9914
9916
9918
9920
9925
9926
9931
9935
9936
9939
9942
9946
9950
9951
9952
9953
9954
9955
9956
9957
9959
9961
9963
9964
9965
9967
9968
9970
9971
9974
9977
9978
9979
9980
9982
9984
9985
9988
9990
9991
9995
9996
9997
10000
10003
10004
10005
10006
10009
10010
10012
10014
10015
10016
10017
10019
10021
10023
10025
10026
10027
10029
10032
10035
10038
10039
10040
10041
10042
10044
10045
10048
10049
10052
10053
10056
10058
10059
10060
10062
10063
10066
10069
10073
10074
10076
10077
10082
10084
10086
10087
10088
10089
10098
10100
10103
10104
10106
10107
10116
10119
10120
10121
10125
10127
10129
10132
10133
10134
10136
10137
10139
10140
10142
10144
10146
10147
10148
10153
10154
10157
10158
10160
10161
10162
10163
10165
10173
10174
10182
10186
10190
10192
10195
10197
10202
10206
10207
10209
10211
10212
10213
10214
10215
10216
10218
10219
10220
10223
10229
10230
10231
10232
10233
10234
10236
10238
10239
10243
10244
10246
10249
10252
10254
10255
10259
10260
10261
10262
10264
10265
10266
10269
10273
10274
10275
10276
10277
10278
10281
10283
10284
10287
10288
10289
10290
10292
10294
10295
10296
10301
10303
10312
10313
10314
10316
10317
10323
10327
10331
10332
10333
10334
10342
10344
10345
10346
10348
10350
10354
10356
10357
10358
10359
10361
10362
10366
10367
10368
10369
10371
10374
10375
10376
10378
10379
10381
10382
10384
10385
10387
10389
10390
10392
10395
10396
10397
10398
10399
10400
10401
10402
10403
10405
10407
10408
10409
10417
10418
10419
10421
10422
10424
10428
10430
10433
10437
10438
10439
10441
10442
10443
10444
10447
10449
10451
10458
10460
10463
10464
10465
10466
10469
10470
10472
10477
10483
10489
10491
10493
10494
10495
10497
10499
10500
10502
10503
10504
10507
10508
10510
10511
10512
10513
10515
10519
10520
10523
10524
10525
10526
10529
10530
10531
10532
10533
10534
10539
10542
10543
10545
10547
10548
10549
10550
10552
10554
10556
10557
10558
10560
10561
10562
10563
10566
10569
10571
10573
10576
10577
10579
10581
10584
10585
10587
10588
10589
10591
10592
10594
10596
10598
10601
10603
10605
10606
10608
10609
10610
10611
10612
10613
10614
10617
10618
10620
10622
10623
10625
10628
10629
10630
10631
10633
10634
10635
10636
10638
10642
10645
10646
10648
10650
10653
10654
10655
10656
10658
10665
10666
10667
10668
10669
10670
10672
10673
10674
10675
10679
10680
10681
10683
10684
10686
10687
10688
10689
10690
10692
10693
10694
10696
10698
10706
10711
10712
10713
10714
10718
10721
10722
10723
10727
10729
10730
10732
10734
10735
10737
10738
10741
10743
10745
10746
10750
10753
10754
10755
10756
10757
10760
10761
10762
10764
10765
10766
10767
10775
10776
10778
10784
10785
10788
10791
10793
10794
10795
10798
10801
10802
10803
10804
10808
10813
10816
10818
10823
10824
10831
10835
10838
10839
10840
10841
10844
10847
10849
10850
10851
10852
10853
10854
10855
10857
10858
10860
10862
10864
10865
10867
10868
10870
10872
10873
10878
10881
10882
10883
10885
10886
10887
10888
10890
10896
10897
10901
10902
10904
10905
10906
10909
10914
10916
10917
10921
10923
10925
10929
10930
10931
10935
10936
10937
10939
10944
10946
10947
10950
10951
10952
10959
10960
10964
10966
10967
10972
10973
10974
10979
10982
10984
10992
10993
10995
10996
10997
11001
11007
11010
11011
11012
11013
11016
11017
11019
11020
11022
11023
11027
11030
11031
11032
11033
11034
11040
11041
11042
11043
11045
11046
11047
11048
11051
11053
11055
11060
11061
11062
11063
11065
11068
11070
11071
11072
11074
11075
11077
11079
11085
11087
11088
11089
11090
11092
11093
11095
11096
11098
11099
11102
11104
11105
11106
11109
11114
11116
11118
11126
11127
11128
11134
11135
11136
11137
11138
11139
11140
11142
11145
11146
11147
11148
11149
11151
11154
11158
11162
11163
11165
11166
11168
11170
11171
11174
11176
11178
11180
11181
11182
11183
11184
11185
11186
11187
11192
11195
11197
11198
11199
11200
11201
11202
11204
11206
11207
11208
11212
11213
11215
11216
11217
11219
11220
11221
11226
11229
11232
11233
11234
11235
11237
11238
11240
11242
11246
11248
11249
11252
11256
11257
11258
11262
11265
11268
11270
11271
11272
11274
11276
11277
11280
11281
11282
11283
11284
11287
11299
11300
11301
11304
11307
11310
11311
11314
11315
11316
11320
11322
11324
11325
11327
11328
11330
11331
11334
11335
11337
11338
11339
11343
11344
11345
11348
11350
11352
11354
11355
11361
11363
11365
11367
11368
11369
11370
11371
11372
11374
11376
11377
11378
11379
11382
11383
11387
11388
11389
11390
11391
11394
11396
11397
11398
11402
11405
11409
11410
11411
11415
11417
11419
11424
11426
11427
11428
11436
11439
11441
11443
11444
11445
11446
11447
11450
11451
11452
11453
11454
11455
11456
11458
11460
11461
11463
11464
11466
11468
11469
11474
11476
11478
11479
11480
11481
11484
11486
11490
11492
11496
11497
11498
11499
11500
11501
11502
11504
11507
11509
11510
11513
11515
11516
11518
11519
11520
11524
11525
11528
11531
11532
11533
11536
11538
11539
11540
11544
11546
11547
11548
11551
11552
11556
11557
11559
11563
11567
11569
11571
11572
11573
11575
11577
11578
11579
11581
11584
11585
11588
11589
11590
11592
11595
11596
11601
11605
11606
11610
11613
11615
11616
11617
11618
11619
11620
11623
11625
11627
11631
11635
11638
11639
11641
11642
11645
11648
11649
11652
11653
11655
11656
11657
11658
11660
11661
11664
11665
11667
11668
11670
11675
11676
11677
11678
11680
11681
11683
11686
11687
11688
11690
11692
11694
11695
11698
11699
11700
11701
11708
11709
11711
11714
11715
11718
11721
11722
11723
11725
11728
11730
11734
11737
11738
11739
11743
11744
11746
11749
11751
11754
11757
11759
11760
11763
11765
11766
11768
11770
11771
11772
11777
11780
11781
11783
11784
11785
11786
11790
11794
11795
11798
11799
11800
11801
11805
11806
11807
11811
11812
11813
11815
11818
11819
11820
11822
11824
11825
11827
11834
11835
11838
11844
11846
11847
11851
11853
11856
11857
11859
11860
11862
11863
11864
11865
11866
11867
11868
11870
11871
11874
11875
11878
11880
11881
11883
11884
11887
11890
11891
11893
11894
11895
11897
11898
11899
11902
11903
11906
11907
11908
11911
11914
11915
11919
11922
11923
11925
11926
11928
11929
11933
11935
11936
11937
11940
11941
11943
11944
11946
11948
11950
11952
11957
11958
11961
11962
11965
11967
11970
11975
11980
11981
11982
11990
11992
11993
11995
11999
12002
12007
12010
12011
12012
12013
12014
12015
12020
12021
12022
12026
12027
12028
12032
12035
12036
12038
12041
12042
12045
12046
12048
12051
12053
12055
12056
12057
12058
12059
12060
12063
12065
12067
12071
12072
12075
12079
12080
12082
12084
12089
12091
12096
12097
12098
12099
12102
12104
12107
12110
12111
12112
12115
12116
12118
12119
12120
12122
12123
12126
12132
12133
12135
12136
12137
12138
12140
12141
12143
12144
12146
12148
12150
12151
12153
12156
12157
12159
12166
12169
12174
12176
12177
12180
12182
12184
12185
12186
12189
12191
12193
12194
12195
12198
12201
12202
12204
12205
12206
12207
12208
12211
12213
12214
12215
12221
12225
12227
12228
12229
12232
12234
12238
12241
12242
12243
12247
12250
12253
12254
12255
12256
12257
12258
12260
12264
12267
12268
12270
12273
12276
12277
12278
12279
12284
12287
12288
12290
12292
12293
12294
12296
12300
12301
12302
12303
12305
12306
12307
12309
12310
12312
12315
12318
12321
12324
12325
12326
12327
12328
12329
12333
12334
12335
12337
12339
12340
12346
12347
12348
12351
12352
12353
12354
12355
12356
12360
12361
12362
12363
12364
12368
12380
12382
12384
12387
12389
12390
12394
12396
12401
12403
12404
12405
12409
12410
12411
12414
12417
12421
12425
12427
12429
12432
12435
12437
12440
12441
12443
12445
12448
12453
12455
12456
12458
12460
12461
12463
12466
12470
12471
12474
12476
12477
12478
12488
12490
12493
12494
12495
12496
12498
12499
12500
12502
12503
12504
12505
12510
12513
12514
12515
12517
12518
12520
12521
12527
12528
12532
12533
12534
12537
12538
12539
12543
12545
12547
12548
12549
12553
12560
12562
12566
12567
12568
12571
12573
12574
12575
12576
12577
12578
12583
12584
12585
12586
12588
12589
12591
12592
12594
12597
12598
12599
12601
12604
12606
12610
12611
12613
12614
12616
12617
12618
12619
12623
12625
12626
12627
12629
12630
12631
12633
12638
12640
12647
12648
12650
12652
12653
12654
12657
12658
12663
12666
12667
12672
12673
12675
12678
12679
12680
12681
12682
12683
12690
12693
12695
12697
12700
12702
12710
12713
12714
12715
12717
12718
12719
12720
12721
12722
12725
12729
12730
12731
12734
12735
12736
12739
12742
12745
12747
12750
12751
12756
12757
12759
12767
12768
12770
12772
12774
12777
12779
12787
12791
12803
12804
12807
12808
12809
12813
12816
12817
12818
12819
12820
12821
12822
12823
12826
12829
12835
12837
12838
12840
12841
12845
12847
12848
12849
12853
12857
12861
12862
12864
12866
12867
12868
12871
12872
12874
12877
12879
12881
12882
12884
12885
12886
12887
12894
12895
12896
12902
12904
12908
12910
12911
12914
12917
12919
12920
12921
12922
12925
12929
12932
12936
12938
12941
12944
12946
12950
12951
12953
12958
12960
12961
12962
12965
12966
12967
12969
12972
12977
12978
12979
12981
12982
12985
12986
12987
12993
12994
12996
13000
13001
13006
13008
13010
13011
13012
13013
13015
13017
13018
13019
13022
13024
13028
13029
13032
13034
13039
13040
13042
13045
13047
13050
13052
13053
13057
13058
13059
13060
13061
13062
13064
13065
13067
13068
13069
13071
13072
13073
13074
13077
13080
13084
13086
13087
13089
13091
13096
13097
13099
13100
13103
13104
13108
13112
13117
13118
13120
13122
13123
13125
13126
13131
13132
13134
13136
13138
13146
13148
13149
13151
13152
13155
13156
13157
13158
13159
13162
13164
13165
13166
13167
13170
13171
13172
13184
13186
13188
13189
13192
13193
13194
13196
13198
13201
13207
13208
13210
13211
13213
13214
13215
13216
13217
13218
13221
13226
13227
13228
13229
13230
13231
13234
13235
13236
13237
13238
13240
13242
13244
13246
13247
13248
13251
13252
13253
13257
13259
13262
13263
13264
13266
13267
13273
13275
13277
13278
13280
13283
13284
13285
13289
13292
13293
13295
13296
13301
13302
13303
13306
13308
13313
13314
13316
13317
13320
13321
13322
13323
13324
13325
13326
13327
13332
13334
13340
13344
13346
13347
13349
13354
13356
13357
13358
13359
13361
13362
13364
13365
13366
13368
13370
13376
13377
13382
13383
13385
13386
13387
13390
13391
13398
13399
13401
13402
13406
13410
13413
13414
13415
13416
13419
13420
13423
13425
13426
13427
13428
13431
13433
13435
13436
13439
13441
13442
13443
13446
13447
13448
13449
13451
13452
13453
13454
13461
13462
13467
13468
13469
13473
13474
13481
13482
13484
13485
13486
13487
13488
13490
13491
13492
13493
13497
13498
13500
13501
13503
13504
13505
13507
13508
13509
13510
13511
13514
13517
13519
13520
13522
13523
13524
13525
13526
13527
13530
13531
13532
13534
13539
13540
13543
13545
13547
13548
13549
13550
13551
13554
13557
13558
13559
13560
13561
13562
13569
13572
13573
13574
13575
13576
13578
13579
13583
13584
13592
13594
13595
13597
13598
13599
13600
13602
13603
13604
13605
13611
13612
13613
13616
13619
13620
13622
13623
13625
13627
13628
13629
13631
13632
13634
13635
13636
13639
13642
13643
13645
13646
13650
13655
13656
13657
13658
13660
13662
13663
13665
13666
13667
13678
13679
13681
13682
13683
13685
13689
13696
13697
13700
13702
13704
13705
13706
13707
13708
13712
13713
13715
13717
13718
13719
13720
13722
13724
13730
13732
13733
13734
13738
13739
13741
13743
13745
13746
13747
13748
13749
13753
13754
13755
13757
13758
13759
13760
13761
13764
13765
13767
13768
13769
13773
13774
13775
13776
13778
13782
13783
13784
13786
13788
13789
13794
13795
13798
13800
13801
13809
13810
13811
13812
13815
13816
13818
13820
13821
13822
13823
13826
13831
13833
13835
13836
13839
13840
13842
13843
13845
13847
13851
13855
13856
13857
13858
13860
13862
13872
13874
13875
13876
13878
13881
13883
13885
13886
13887
13894
13896
13901
13902
13903
13904
13905
13906
13907
13915
13918
13919
13920
13921
13924
13925
13926
13927
13928
13929
13936
13940
13941
13943
13944
13946
13950
13952
13955
13963
13965
13966
13971
13974
13975
13976
13977
13978
13981
13982
13983
13984
13986
13987
13988
13989
13992
13993
13994
13995
13996
13997
13998
13999
14002
14003
14006
14007
14009
14010
14014
14015
14016
14017
14018
14019
14020
14021
14022
14023
14024
14025
14031
14032
14037
14038
14040
14041
14042
14043
14045
14046
14047
14049
14050
14051
14055
14056
14058
14060
14065
14068
14069
14070
14075
14076
14077
14080
14082
14084
14085
14089
14092
14093
14095
14096
14099
14100
14101
14102
14103
14106
14110
14114
14115
14118
14119
14121
14122
14126
14127
14128
14129
14130
14131
14132
14133
14135
14136
14138
14140
14144
14145
14146
14147
14148
14149
14150
14151
14152
14153
14156
14158
14160
14161
14165
14168
14170
14171
14173
14174
14175
14178
14179
14180
14182
14183
14184
14185
14186
14187
14191
14194
14195
14199
14203
14209
14211
14215
14216
14217
14218
14219
14221
14225
14230
14232
14233
14236
14237
14240
14246
14250
14251
14255
14256
14259
14262
14263
14265
14266
14268
14269
14270
14272
14273
14279
14281
14282
14283
14284
14286
14289
14292
14293
14295
14297
14300
14302
14304
14307
14310
14313
14317
14318
14319
14322
14323
14324
14325
14328
14331
14332
14334
14335
14338
14340
14344
14345
14348
14349
14350
14351
14352
14354
14356
14359
14363
14364
14365
14367
14368
14370
14373
14377
14378
14379
14382
14386
14387
14389
14390
14391
14392
14394
14396
14398
14399
14402
14408
14409
14410
14411
14414
14415
14418
14419
14420
14421
14422
14423
14424
14425
14429
14430
14431
14432
14438
14439
14440
14442
14443
14447
14448
14449
14451
14452
14454
14456
14457
14458
14461
14463
14466
14469
14470
14471
14472
14474
14475
14476
14477
14478
14480
14483
14486
14487
14489
14490
14491
14495
14498
14501
14502
14504
14505
14506
14507
14509
14511
14513
14515
14517
14519
14520
14522
14524
14528
14529
14531
14533
14535
14536
14537
14539
14546
14547
14550
14553
14557
14558
14560
14562
14565
14566
14567
14568
14571
14573
14576
14577
14578
14579
14582
14583
14585
14586
14589
14590
14593
14597
14598
14600
14601
14602
14603
14604
14605
14607
14608
14610
14615
14617
14620
14621
14622
14627
14628
14629
14630
14631
14633
14637
14638
14639
14641
14643
14645
14646
14647
14652
14653
14654
14655
14659
14661
14663
14667
14668
14669
14670
14672
14676
14680
14681
14683
14684
14686
14687
14688
14692
14693
14694
14695
14696
14697
14698
14700
14702
14703
14705
14706
14707
14708
14710
14711
14713
14715
14716
14717
14719
14721
14722
14723
14724
14725
14727
14728
14730
14731
14735
14736
14737
14744
14745
14746
14747
14748
14749
14750
14751
14752
14753
14755
14756
14758
14763
14764
14766
14769
14770
14771
14773
14774
14775
14777
14778
14779
14780
14781
14789
14790
14791
14793
14794
14796
14797
14798
14802
14806
14807
14809
14811
14812
14813
14814
14815
14820
14821
14822
14824
14825
14828
14829
14830
14831
14835
14838
14840
14841
14842
14843
14854
14855
14856
14857
14860
14861
14864
14868
14869
14870
14871
14875
14876
14877
14883
14884
14887
14889
14891
14893
14894
14895
14896
14897
14900
14903
14905
14907
14908
14909
14911
14913
14915
14916
14917
14920
14923
14925
14928
14929
14930
14932
14933
14934
14935
14938
14940
14945
14946
14951
14952
14953
14956
14957
14958
14961
14963
14965
14966
14970
14973
14975
14976
14977
14978
14979
14980
14981
14982
14983
14984
14987
14988
14991
14995
14996
14998
15002
15004
15006
15008
15010
15011
15012
15013
15014
15017
15018
15019
15023
15030
15031
15032
15033
15036
15038
15039
15043
15045
15048
15055
15057
15059
15061
15064
15065
15066
15067
15068
15071
15072
15075
15079
15080
15081
15082
15084
15087
15089
15090
15091
15092
15093
15094
15097
15098
15099
15101
15102
15105
15106
15108
15110
15113
15122
15123
15125
15131
15132
15135
15136
15137
15138
15140
15142
15144
15148
15150
15151
15154
15155
15156
15157
15158
15159
15160
15162
15166
15171
15175
15177
15179
15181
15183
15188
15190
15191
15192
15194
15199
15200
15201
15202
15203
15204
15205
15207
15208
15209
15210
15212
15213
15215
15216
15221
15223
15224
15228
15230
15231
15236
15237
15241
15244
15246
15247
15248
15251
15254
15255
15257
15258
15259
15261
15262
15265
15268
15270
15273
15276
15279
15282
15284
15285
15286
15288
15290
15293
15295
15298
15300
15303
15305
15306
15307
15312
15313
15315
15316
15321
15322
15323
15324
15325
15328
15331
15332
15333
15334
15335
15337
15339
15341
15345
15346
15347
15351
15354
15357
15361
15363
15364
15365
15366
15370
15371
15374
15376
15377
15378
15381
15383
15385
15390
15394
15398
15399
15400
15402
15405
15406
15407
15408
15409
15411
15413
15415
15416
15417
15418
15419
15422
15425
15426
15428
15432
15433
15434
15435
15436
15438
15439
15441
15442
15443
15444
15446
15447
15454
15455
15456
15457
15465
15467
15468
15469
15471
15472
15475
15478
15479
15480
15484
15485
15488
15489
15491
15495
15498
15500
15503
15504
15505
15506
15508
15510
15512
15514
15515
15516
15525
15526
15530
15532
15535
15537
15538
15541
15542
15543
15546
15548
15549
15551
15552
15554
15555
15556
15558
15559
15560
15561
15566
15567
15568
15569
15571
15573
15574
15575
15576
15577
15584
15587
15589
15590
15594
15599
15604
15607
15608
15610
15614
15615
15616
15617
15618
15620
15623
15625
15626
15628
15629
15631
15633
15635
15638
15639
15640
15642
15648
15649
15650
15653
15654
15655
15657
15658
15659
15662
15663
15665
15667
15668
15669
15670
15671
15674
15675
15676
15677
15679
15680
15682
15686
15689
15690
15693
15694
15695
15696
15697
15698
15699
15701
15706
15707
15709
15710
15712
15713
15714
15718
15719
15720
15724
15725
15726
15727
15728
15735
15737
15739
15740
15742
15743
15746
15747
15748
15752
15756
15757
15761
15762
15763
15766
15767
15768
15770
15773
15775
15777
15780
15781
15785
15793
15794
15796
15797
15800
15801
15806
15810
15811
15812
15813
15815
15819
15820
15822
15827
15829
15830
15832
15833
15834
15836
15839
15840
15843
15844
15846
15847
15848
15850
15852
15853
15854
15856
15858
15859
15860
15861
15867
15868
15869
15872
15878
15879
15883
15884
15885
15887
15888
15889
15892
15893
15894
15895
15896
15898
15901
15902
15903
15904
15909
15913
15915
15916
15920
15924
15927
15928
15931
15933
15934
15935
15936
15939
15943
15945
15946
15947
15952
15953
15958
15961
15962
15963
15964
15965
15966
15968
15970
15971
15974
15975
15976
15977
15981
15982
15986
15987
15989
15991
15992
15996
15997
16002
16003
16006
16010
16011
16013
16014
16016
16025
16029
16033
16034
16038
16041
16042
16043
16051
16052
16053
16054
16057
16058
16061
16065
16067
16071
16072
16074
16075
16078
16080
16085
16088
16089
16092
16093
16097
16104
16106
16109
16113
16114
16115
16116
16117
16119
16121
16124
16128
16132
16135
16137
16138
16139
16140
16143
16144
16145
16146
16149
16150
16152
16154
16157
16158
16161
16162
16163
16164
16165
16167
16169
16170
16171
16172
16174
16177
16178
16180
16182
16185
16186
16188
16189
16190
16193
16196
16197
16198
16200
16203
16204
16205
16214
16215
16221
16223
16225
16226
16230
16231
16232
16238
16239
16240
16241
16242
16243
16244
16247
16248
16249
16251
16252
16253
16254
16256
16257
16258
16261
16262
16264
16269
16271
16272
16273
16279
16281
16282
16287
16288
16290
16291
16292
16299
16300
16301
16302
16306
16307
16308
16309
16311
16312
16314
16315
16316
16317
16321
16322
16325
16326
16327
16331
16332
16333
16334
16335
16336
16337
16340
16341
16342
16343
16344
16345
16348
16352
16353
16354
16359
16360
16363
16364
16366
16367
16369
16370
16371
16372
16373
16374
16377
16379
16382
16388
16390
16396
16398
16399
16402
16404
16405
16406
16410
16411
16412
16413
16415
16416
16418
16419
16425
16426
16427
16429
16430
16432
16433
16435
16440
16441
16443
16449
16450
16451
16458
16461
16464
16466
16471
16473
16474
16475
16476
16477
16479
16482
16483
16484
16485
16492
16493
16494
16498
16499
16500
16504
16508
16511
16512
16515
16518
16520
16521
16523
16525
16526
16529
16531
16532
16535
16541
16545
16549
16550
16551
16552
16555
16557
16559
16561
16569
16570
16572
16573
16575
16576
16577
16581
16582
16583
16586
16590
16591
16595
16597
16598
16601
16602
16603
16604
16605
16606
16607
16609
16610
16613
16614
16616
16618
16619
16621
16622
16623
16625
16629
16634
16635
16640
16642
16643
16648
16651
16652
16653
16654
16655
16656
16657
16659
16660
16661
16662
16664
16666
16668
16669
16671
16673
16675
16676
16677
16678
16679
16680
16681
16682
16683
16685
16688
16691
16692
16693
16694
16699
16709
16710
16711
16712
16714
16716
16717
16719
16720
16722
16723
16724
16726
16727
16729
16731
16732
16733
16735
16736
16737
16738
16739
16743
16744
16745
16750
16751
16753
16760
16764
16765
16766
16770
16772
16773
16775
16784
16786
16790
16791
16792
16793
16796
16808
16809
16811
16813
16814
16816
16819
16820
16821
16825
16826
16828
16831
16833
16834
16835
16836
16841
16842
16844
16847
16850
16851
16852
16853
16855
16856
16864
16866
16868
16870
16871
16872
16873
16874
16875
16876
16877
16878
16880
16883
16884
16887
16894
16899
16902
16903
16905
16906
16908
16910
16913
16915
16921
16924
16925
16926
16928
16929
16930
16932
16933
16934
16938
16939
16940
16942
16943
16944
16946
16948
16950
16954
16955
16956
16957
16959
16960
16962
16963
16969
16970
16971
16974
16975
16976
16980
16981
16984
16989
16990
16991
16993
16995
16998
17002
17005
17006
17007
17008
17009
17013
17016
17019
17020
17022
17023
17024
17029
17033
17034
17035
17040
17042
17043
17044
17045
17046
17048
17052
17054
17056
17057
17064
17068
17073
17074
17075
17079
17081
17082
17084
17086
17087
17092
17095
17096
17098
17099
17101
17108
17109
17111
17113
17114
17116
17119
17121
17123
17124
17127
17128
17129
17131
17133
17134
17135
17136
17137
17139
17140
17142
17144
17148
17149
17151
17155
17156
17157
17159
17160
17161
17167
17170
17171
17174
17176
17177
17179
17180
17185
17186
17187
17189
17190
17191
17192
17196
17197
17200
17208
17211
17212
17213
17215
17216
17220
17221
17227
17228
17231
17234
17236
17237
17239
17241
17243
17246
17247
17248
17249
17251
17252
17255
17257
17260
17261
17262
17265
17266
17272
17273
17278
17279
17285
17290
17293
17295
17297
17298
17299
17301
17303
17304
17306
17307
17308
17309
17310
17312
17313
17316
17319
17321
17324
17326
17327
17329
17331
17332
17334
17335
17336
17338
17339
17340
17349
17352
17353
17356
17357
17358
17359
17360
17368
17373
17374
17378
17379
17380
17381
17382
17384
17385
17386
17388
17389
17390
17392
17393
17397
17398
17399
17400
17401
17404
17405
17408
17409
17410
17411
17415
17416
17419
17420
17422
17424
17425
17426
17427
17430
17431
17432
17435
17436
17439
17440
17441
17443
17446
17448
17450
17453
17455
17456
17457
17459
17460
17462
17465
17466
17469
17471
17474
17475
17478
17479
17482
17483
17484
17487
17489
17492
17493
17497
17501
17503
17505
17510
17511
17514
17518
17520
17521
17526
17527
17528
17530
17531
17532
17533
17534
17536
17538
17539
17541
17543
17546
17547
17550
17551
17554
17555
17556
17557
17558
17560
17563
17564
17565
17569
17573
17581
17582
17583
17585
17586
17591
17594
17598
17599
17600
17603
17605
17606
17607
17608
17612
17613
17614
17615
17617
17618
17620
17621
17627
17628
17630
17631
17632
17633
17636
17638
17639
17640
17642
17643
17644
17645
17646
17647
17648
17657
17661
17662
17663
17664
17665
17667
17669
17670
17673
17676
17679
17682
17683
17689
17695
17697
17698
17702
17703
17704
17705
17706
17707
17711
17712
17713
17715
17717
17718
17719
17722
17724
17728
17729
17734
17736
17739
17741
17743
17744
17745
17746
17747
17748
17750
17751
17752
17754
17757
17758
17760
17761
17765
17766
17767
17769
17771
17773
17781
17784
17785
17790
17792
17793
17794
17796
17797
17799
17801
17802
17803
17811
17812
17813
17814
17816
17820
17823
17824
17826
17827
17828
17830
17832
17834
17835
17837
17838
17839
17841
17842
17843
17844
17847
17848
17849
17851
17852
17853
17857
17859
17862
17864
17866
17867
17874
17875
17877
17881
17887
17889
17891
17893
17894
17897
17898
17900
17906
17908
17912
17919
17920
17923
17924
17927
17928
17930
17931
17932
17934
17935
17938
17939
17940
17945
17948
17949
17950
17951
17952
17953
17954
17955
17956
17957
17959
17962
17963
17964
17966
17967
17968
17972
17977
17978
17980
17981
17982
17983
17987
17993
17994
17995
17996
17997
17998
17999
18000
18002
18003
18005
18006
18010
18015
18016
18017
18018
18020
18023
18025
18026
18032
18033
18034
18035
18044
18046
18047
18049
18051
18052
18053
18058
18059
18060
18061
18064
18066
18070
18071
18074
18075
18078
18079
18082
18084
18087
18088
18090
18091
18093
18094
18097
18098
18099
18104
18107
18108
18109
18111
18113
18117
18118
18119
18121
18122
18123
18128
18131
18132
18134
18135
18136
18138
18139
18140
18141
18145
18150
18151
18152
18153
18155
18156
18157
18159
18160
18161
18163
18164
18166
18169
18170
18171
18172
18174
18175
18176
18177
18180
18183
18186
18189
18193
18194
18196
18197
18198
18201
18202
18203
18205
18209
18210
18212
18213
18214
18217
18220
18222
18224
18226
18227
18228
18229
18230
18231
18233
18234
18239
18243
18245
18248
18249
18250
18251
18252
18255
18257
18258
18266
18268
18269
18271
18274
18275
18276
18279
18280
18284
18285
18289
18290
18292
18294
18295
18296
18297
18298
18299
18300
18302
18303
18306
18308
18311
18312
18313
18314
18315
18316
18317
18318
18320
18322
18326
18328
18329
18330
18331
18334
18336
18338
18339
18340
18345
18347
18352
18353
18354
18355
18363
18364
18367
18368
18371
18373
18374
18379
18382
18385
18386
18387
18389
18390
18395
18396
18397
18399
18400
18402
18405
18406
18407
18408
18409
18410
18415
18416
18417
18418
18422
18425
18427
18430
18433
18436
18437
18440
18445
18446
18449
18450
18451
18457
18460
18461
18462
18465
18466
18469
18472
18474
18476
18477
18478
18479
18480
18481
18482
18483
18484
18485
18486
18487
18488
18490
18494
18495
18496
18497
18499
18501
18506
18508
18509
18510
18511
18512
18514
18516
18517
18519
18520
18524
18525
18526
18527
18528
18529
18531
18534
18535
18536
18537
18539
18543
18544
18548
18549
18552
18553
18555
18556
18557
18558
18560
18563
18571
18572
18574
18575
18576
18577
18579
18580
18585
18586
18587
18588
18595
18599
18601
18602
18605
18606
18607
18608
18609
18614
18616
18617
18618
18625
18626
18631
18632
18634
18637
18639
18641
18644
18647
18649
18650
18651
18655
18656
18659
18661
18662
18663
18664
18666
18667
18668
18669
18670
18671
18679
18680
18682
18683
18687
18689
18690
18692
18696
18698
18699
18700
18702
18705
18708
18710
18712
18715
18716
18719
18720
18721
18722
18723
18724
18726
18729
18731
18732
18734
18736
18737
18739
18740
18742
18743
18745
18746
18750
18751
18754
18757
18760
18763
18766
18767
18771
18776
18777
18781
18782
18783
18785
18786
18789
18792
18793
18794
18795
18796
18799
18800
18801
18802
18803
18808
18809
18811
18812
18814
18815
18816
18817
18820
18822
18823
18824
18826
18827
18828
18829
18830
18835
18836
18837
18840
18842
18844
18846
18849
18850
18851
18852
18853
18854
18855
18856
18857
18859
18861
18862
18863
18864
18867
18868
18873
18874
18875
18877
18879
18881
18882
18883
18884
18885
18886
18887
18890
18891
18892
18893
18896
18897
18898
18899
18900
18901
18902
18903
18904
18907
18909
18910
18911
18914
18916
18917
18919
18920
18922
18923
18926
18927
18929
18932
18936
18939
18940
18941
18942
18943
18947
18948
18950
18951
18953
18955
18956
18958
18959
18962
18963
18965
18969
18971
18972
18973
18974
18978
18979
18983
18984
18985
18986
18990
18991
18992
18994
18998
19001
19002
19003
19004
19006
19007
19009
19010
19011
19013
19014
19016
19018
19020
19021
19023
19025
19027
19028
19031
19033
19035
19037
19038
19039
19042
19043
19045
19049
19050
19052
19054
19056
19057
19059
19060
19062
19065
19066
19067
19069
19073
19074
19075
19076
19079
19082
19083
19085
19086
19089
19090
19092
19096
19103
19105
19108
19117
19118
19120
19121
19124
19125
19128
19130
19133
19135
19140
19143
19145
19147
19152
19153
19154
19155
19156
19157
19158
19162
19163
19164
19168
19170
19171
19172
19176
19180
19182
19185
19186
19188
19191
19193
19195
19198
19199
19201
19208
19209
19210
19214
19216
19219
19226
19230
19233
19234
19235
19236
19238
19240
19244
19245
19246
19249
19250
19253
19255
19260
19261
19265
19266
19268
19270
19272
19273
19276
19277
19280
19281
19284
19285
19287
19292
19294
19295
19296
19297
19299
19301
19302
19307
19308
19310
19311
19314
19317
19321
19328
19329
19331
19336
19338
19344
19346
19347
19348
19349
19350
19351
19352
19354
19355
19358
19361
19363
19364
19365
19366
19367
19369
19370
19371
19372
19373
19376
19377
19379
19384
19385
19386
19390
19391
19395
19397
19398
19399
19401
19402
19403
19407
19413
19414
19415
19416
19417
19418
19421
19422
19423
19425
19427
19430
19431
19432
19433
19434
19435
19436
19437
19440
19441
19443
19444
19445
19446
19447
19448
19449
19451
19452
19453
19455
19456
19457
19459
19461
19463
19465
19466
19468
19470
19471
19472
19474
19477
19480
19481
19482
19483
19484
19485
19489
19490
19492
19497
19498
19499
19500
19502
19503
19510
19512
19513
19517
19521
19524
19525
19527
19528
19529
19531
19532
19533
19534
19535
19537
19539
19542
19543
19545
19549
19551
19554
19557
19560
19562
19563
19564
19567
19572
19573
19578
19579
19580
19585
19586
19587
19588
19591
19594
19595
19596
19597
19598
19601
19604
19605
19606
19608
19611
19612
19613
19614
19616
19619
19622
19626
19627
19631
19632
19633
19635
19636
19638
19639
19643
19644
19645
19647
19655
19656
19659
19663
19666
19668
19669
19671
19673
19678
19680
19684
19686
19688
19692
19693
19695
19696
19697
19701
19704
19705
19710
19711
19712
19713
19717
19721
19722
19724
19728
19729
19730
19732
19735
19737
19739
19740
19742
19744
19747
19749
19750
19751
19753
19756
19758
19759
19761
19762
19763
19766
19770
19772
19776
19778
19780
19782
19783
19784
19792
19793
19794
19797
19800
19804
19808
19812
19813
19814
19815
19817
19819
19820
19821
19824
19826
19828
19832
19842
19843
19845
19846
19847
19848
19851
19853
19854
19857
19859
19860
19861
19862
19863
19864
19866
19867
19871
19873
19875
19877
19881
19882
19884
19885
19886
19888
19891
19892
19894
19895
19897
19900
19901
19902
19903
19905
19907
19908
19911
19912
19915
19918
19919
19921
19927
19928
19929
19930
19933
19934
19937
19939
19941
19943
19944
19947
19948
19949
19950
19951
19957
19958
19959
19962
19963
19965
19966
19967
19969
19970
19971
19973
19975
19979
19980
19981
19982
19983
19988
19989
19990
19992
19997
19999
20000
20002
20003
20005
20007
20008
20016
20017
20019
20021
20022
20023
20024
20025
20026
20030
20032
20033
20034
20035
20037
20039
20040
20041
20042
20044
20045
20046
20049
20050
20052
20057
20058
20061
20064
20065
20066
20067
20068
20069
20075
20077
20079
20080
20081
20084
20086
20087
20089
20090
20094
20095
20096
20099
20100
20103
20104
20106
20107
20109
20111
20112
20113
20114
20115
20116
20119
20123
20126
20128
20129
20130
20132
20134
20135
20137
20140
20143
20145
20146
20148
20149
20154
20155
20160
20162
20164
20167
20168
20169
20170
20171
20172
20174
20176
20178
20179
20180
20181
20182
20183
20184
20185
20190
20195
20198
20200
20203
20208
20209
20211
20214
20216
20220
20221
20223
20225
20226
20227
20228
20230
20232
20233
20234
20237
20239
20240
20241
20242
20243
20244
20245
20248
20253
20254
20257
20259
20260
20261
20264
20266
20267
20269
20272
20273
20275
20276
20277
20278
20284
20286
20287
20289
20290
20292
20293
20294
20295
20297
20299
20300
20304
20305
20306
20309
20310
20312
20314
20315
20319
20320
20326
20327
20328
20330
20331
20332
20336
20338
20341
20343
20344
20345
20346
20349
20351
20354
20355
20356
20357
20358
20363
20367
20368
20370
20371
20373
20378
20379
20380
20382
20383
20386
20389
20390
20391
20392
20394
20395
20397
20399
20400
20405
20406
20408
20411
20412
20413
20416
20417
20420
20421
20422
20424
20431
20433
20434
20435
20436
20438
20440
20444
20446
20448
20449
20452
20453
20454
20455
20458
20459
20461
20463
20465
20466
20469
20470
20472
20474
20475
20477
20478
20479
20480
20484
20487
20488
20490
20495
20501
20503
20504
20506
20507
20509
20510
20511
20517
20518
20520
20521
20522
20523
20529
20530
20531
20533
20534
20536
20537
20538
20540
20543
20545
20547
20548
20549
20550
20551
20554
20555
20556
20560
20564
20568
20570
20571
20572
20573
20575
20577
20579
20582
20583
20585
20586
20588
20590
20591
20592
20593
20594
20595
20596
20597
20599
20601
20602
20605
20607
20608
20609
20612
20615
20616
20618
20621
20623
20628
20629
20634
20635
20644
20646
20649
20651
20652
20653
20655
20658
20663
20665
20667
20671
20674
20682
20688
20690
20691
20695
20696
20697
20701
20702
20704
20706
20707
20709
20710
20712
20714
20715
20717
20720
20723
20725
20728
20730
20731
20735
20736
20737
20738
20742
20743
20746
20747
20748
20749
20750
20752
20755
20759
20762
20763
20766
20768
20769
20772
20775
20778
20783
20784
20786
20789
20792
20797
20799
20800
20803
20806
20808
20809
20810
20812
20813
20814
20817
20819
20823
20824
20825
20828
20829
20830
20840
20846
20847
20851
20852
20853
20854
20858
20860
20861
20862
20867
20868
20870
20872
20874
20875
20880
20881
20884
20885
20888
20896
20898
20899
20900
20904
20905
20906
20907
20910
20911
20914
20915
20918
20919
20922
20924
20930
20933
20935
20939
20940
20943
20944
20945
20946
20948
20955
20956
20961
20962
20967
20968
20969
20970
20971
20972
20973
20974
20976
20977
20978
20981
20983
20984
20985
20989
20992
20995
20996
20997
20998
20999
21000
21003
21004
21007
21008
21009
21010
21012
21014
21015
21018
21020
21023
21024
21027
21029
21030
21032
21035
21036
21038
21039
21041
21042
21043
21047
21048
21050
21054
21055
21056
21063
21065
21066
21067
21068
21069
21072
21074
21075
21076
21077
21079
21081
21082
21084
21088
21089
21090
21092
21094
21096
21097
21101
21105
21106
21108
21109
21111
21113
